ID	did	seurat_cluster	kmeans_cluster	labels
Cell1	1	12	5	1
Cell2	1	1	13	16
Cell3	1	4	2	7
Cell4	1	3	7	9
Cell5	1	6	16	14
Cell6	1	4	2	7
Cell7	1	2	12	5
Cell8	1	5	9	13
Cell9	1	3	7	15
Cell10	1	5	9	13
Cell11	1	2	12	5
Cell12	1	9	15	8
Cell13	1	4	2	7
Cell14	1	9	15	8
Cell15	1	7	8	3
Cell17	1	12	5	1
Cell18	1	9	15	8
Cell19	1	16	7	9
Cell20	1	15	8	6
Cell21	1	9	15	8
Cell22	1	2	12	5
Cell24	1	16	7	3
Cell25	1	2	12	5
Cell26	1	16	7	9
Cell27	1	13	14	10
Cell28	1	10	12	12
Cell29	1	15	8	6
Cell30	1	3	7	15
Cell31	1	9	15	8
Cell32	1	2	12	5
Cell33	1	7	8	3
Cell34	1	7	8	3
Cell35	1	9	15	8
Cell36	1	14	2	2
Cell37	1	3	7	15
Cell38	1	7	8	3
Cell39	1	15	8	6
Cell40	1	9	15	8
Cell41	1	6	16	14
Cell42	1	16	7	9
Cell43	1	5	9	13
Cell44	1	1	6	16
Cell45	1	6	16	14
Cell46	1	3	7	9
Cell47	1	8	4	11
Cell48	1	12	5	1
Cell49	1	6	16	14
Cell50	1	13	14	10
Cell51	1	10	12	12
Cell52	1	8	11	11
Cell53	1	1	13	16
Cell54	1	3	7	15
Cell55	1	1	6	16
Cell56	1	2	12	5
Cell57	1	10	12	12
Cell58	1	8	4	11
Cell59	1	7	8	3
Cell60	1	8	4	11
Cell61	1	5	9	13
Cell62	1	9	15	8
Cell63	1	6	16	14
Cell64	1	15	8	6
Cell65	1	7	8	3
Cell66	1	11	2	4
Cell67	1	3	7	15
Cell68	1	9	15	8
Cell70	1	5	9	13
Cell71	1	16	7	9
Cell72	1	2	12	5
Cell73	1	3	7	15
Cell74	1	8	1	11
Cell75	1	4	2	7
Cell76	1	8	4	11
Cell77	1	1	3	16
Cell79	1	2	12	5
Cell80	1	2	12	5
Cell81	1	8	1	11
Cell82	1	6	16	14
Cell83	1	10	12	12
Cell84	1	15	8	6
Cell85	1	2	12	5
Cell86	1	1	6	16
Cell87	1	5	9	13
Cell88	1	6	16	14
Cell89	1	13	10	10
Cell90	1	9	15	8
Cell91	1	6	16	14
Cell92	1	12	5	1
Cell93	1	8	1	11
Cell94	1	1	6	16
Cell95	1	5	9	13
Cell96	1	9	15	8
Cell97	1	1	13	16
Cell98	1	8	1	11
Cell99	1	11	2	4
Cell100	1	1	13	16
Cell101	1	1	13	16
Cell102	1	10	12	12
Cell103	1	7	8	3
Cell104	1	11	2	4
Cell105	1	3	7	15
Cell106	1	15	8	6
Cell107	1	11	2	4
Cell108	1	4	2	7
Cell109	1	15	8	6
Cell110	1	7	8	3
Cell111	1	4	2	7
Cell112	1	15	8	6
Cell113	1	16	7	9
Cell114	1	14	2	2
Cell115	1	1	13	16
Cell116	1	10	12	12
Cell117	1	4	2	7
Cell118	1	4	2	7
Cell119	1	3	7	15
Cell120	1	3	7	15
Cell121	1	2	12	5
Cell122	1	3	7	15
Cell123	1	15	8	6
Cell124	1	13	14	10
Cell125	1	10	12	12
Cell126	1	12	5	1
Cell127	1	10	12	12
Cell128	1	11	2	4
Cell129	1	8	1	11
Cell130	1	12	5	1
Cell131	1	12	5	1
Cell132	1	1	13	16
Cell134	1	12	5	1
Cell135	1	13	14	10
Cell136	1	1	13	16
Cell137	1	1	3	16
Cell138	1	14	2	2
Cell139	1	2	12	5
Cell140	1	4	2	7
Cell141	1	16	7	9
Cell142	1	11	2	4
Cell143	1	14	2	2
Cell144	1	14	2	2
Cell146	1	2	12	5
Cell147	1	15	8	6
Cell148	1	1	6	16
Cell149	1	12	5	1
Cell150	1	11	2	4
Cell151	1	5	9	13
Cell152	1	1	6	16
Cell153	1	8	11	11
Cell154	1	9	15	8
Cell155	1	14	2	2
Cell157	1	4	2	7
Cell158	1	16	7	9
Cell159	1	7	8	3
Cell160	1	10	12	12
Cell161	1	10	12	12
Cell162	1	2	12	5
Cell163	1	4	2	7
Cell164	1	3	7	15
Cell165	1	9	15	8
Cell166	1	13	10	10
Cell167	1	2	12	5
Cell168	1	7	8	3
Cell169	1	13	14	10
Cell170	1	16	7	9
Cell171	1	10	12	12
Cell172	1	13	14	10
Cell173	1	2	12	5
Cell174	1	14	2	2
Cell175	1	9	15	8
Cell176	1	3	7	15
Cell177	1	15	8	6
Cell178	1	8	1	11
Cell179	1	7	8	6
Cell180	1	4	2	7
Cell181	1	3	7	15
Cell182	1	1	13	16
Cell183	1	3	7	15
Cell184	1	7	8	3
Cell185	1	5	9	13
Cell186	1	5	9	13
Cell187	1	7	8	3
Cell188	1	14	2	2
Cell189	1	1	6	16
Cell191	1	16	7	9
Cell192	1	6	16	14
Cell193	1	2	12	5
Cell194	1	3	7	15
Cell195	1	1	3	16
Cell196	1	12	5	1
Cell197	1	13	10	10
Cell198	1	10	12	12
Cell199	1	8	4	11
Cell200	1	11	2	4
Cell201	1	6	16	14
Cell202	1	4	2	7
Cell203	1	11	2	4
Cell204	1	2	12	5
Cell205	1	6	16	14
Cell206	1	9	15	8
Cell207	1	16	7	3
Cell208	1	2	12	5
Cell209	1	3	7	15
Cell210	1	5	9	13
Cell211	1	6	16	14
Cell212	1	9	15	8
Cell213	1	4	2	7
Cell214	1	6	16	14
Cell215	1	15	8	6
Cell216	1	8	1	11
Cell217	1	10	12	12
Cell218	1	3	7	15
Cell219	1	2	12	5
Cell220	1	12	5	1
Cell221	1	9	15	8
Cell222	1	15	8	6
Cell223	1	9	15	8
Cell224	1	1	6	16
Cell225	1	14	2	2
Cell226	1	13	14	10
Cell227	1	2	12	5
Cell228	1	10	12	12
Cell229	1	11	2	4
Cell230	1	7	8	3
Cell231	1	14	2	2
Cell232	1	5	9	13
Cell233	1	9	15	8
Cell234	1	7	8	3
Cell235	1	3	7	15
Cell236	1	7	8	3
Cell237	1	9	15	8
Cell238	1	3	7	15
Cell239	1	14	2	2
Cell240	1	3	7	15
Cell241	1	15	8	6
Cell242	1	4	2	7
Cell243	1	8	11	11
Cell244	1	4	2	7
Cell245	1	13	14	10
Cell246	1	14	2	2
Cell247	1	10	12	12
Cell250	1	3	7	15
Cell251	1	2	12	5
Cell252	1	3	7	15
Cell253	1	6	16	14
Cell254	1	8	1	11
Cell255	1	11	2	4
Cell256	1	9	15	8
Cell257	1	4	2	7
Cell258	1	4	2	7
Cell260	1	2	12	5
Cell261	1	9	15	8
Cell262	1	5	9	13
Cell263	1	5	9	13
Cell264	1	1	6	16
Cell265	1	5	9	13
Cell266	1	6	16	14
Cell267	1	9	15	8
Cell268	1	1	13	16
Cell269	1	9	15	8
Cell270	1	16	7	9
Cell271	1	16	7	9
Cell272	1	10	12	12
Cell273	1	2	12	5
Cell274	1	6	16	14
Cell275	1	16	7	9
Cell276	1	9	15	8
Cell277	1	1	3	16
Cell278	1	5	9	13
Cell279	1	5	9	13
Cell280	1	3	7	15
Cell281	1	8	1	11
Cell282	1	4	2	7
Cell283	1	13	14	10
Cell284	1	7	8	3
Cell285	1	10	12	12
Cell286	1	12	5	1
Cell287	1	6	16	14
Cell288	1	15	8	6
Cell289	1	10	12	12
Cell290	1	12	5	1
Cell291	1	10	12	12
Cell292	1	10	12	12
Cell293	1	6	16	14
Cell294	1	6	16	14
Cell295	1	10	12	12
Cell296	1	4	2	7
Cell297	1	11	2	4
Cell298	1	11	2	4
Cell299	1	11	2	4
Cell300	1	9	15	8
Cell301	1	12	5	1
Cell302	1	2	12	5
Cell303	1	15	8	6
Cell304	1	7	8	3
Cell305	1	2	12	5
Cell306	1	5	9	13
Cell307	1	6	16	14
Cell308	1	12	5	1
Cell309	1	10	12	12
Cell310	1	8	1	11
Cell311	1	14	2	2
Cell312	1	1	3	16
Cell313	1	5	9	13
Cell314	1	4	2	7
Cell315	1	5	9	13
Cell316	1	14	2	2
Cell317	1	5	9	13
Cell318	1	10	12	12
Cell319	1	16	7	9
Cell320	1	6	16	14
Cell321	1	2	12	5
Cell322	1	12	5	1
Cell323	1	12	5	1
Cell324	1	5	9	13
Cell325	1	3	7	15
Cell326	1	12	5	1
Cell327	1	1	13	16
Cell328	1	12	5	1
Cell329	1	2	12	5
Cell330	1	13	10	10
Cell331	1	12	5	1
Cell332	1	5	9	13
Cell333	1	1	13	16
Cell334	1	5	9	13
Cell335	1	8	1	11
Cell336	1	6	16	14
Cell337	1	1	3	16
Cell338	1	3	7	15
Cell339	1	9	15	8
Cell340	1	12	5	1
Cell343	1	5	9	13
Cell344	1	9	15	8
Cell345	1	6	16	14
Cell346	1	10	12	12
Cell347	1	8	1	11
Cell348	1	6	16	14
Cell349	1	6	16	14
Cell350	1	3	7	15
Cell352	1	14	2	2
Cell353	1	3	7	15
Cell354	1	4	2	7
Cell355	1	1	3	16
Cell356	1	6	16	14
Cell357	1	13	14	10
Cell358	1	4	2	7
Cell359	1	11	2	4
Cell360	1	10	12	12
Cell361	1	11	2	4
Cell363	1	3	7	15
Cell364	1	5	9	13
Cell365	1	3	7	15
Cell366	1	1	3	16
Cell367	1	2	12	5
Cell368	1	15	8	6
Cell369	1	10	12	12
Cell370	1	4	2	7
Cell371	1	2	12	5
Cell372	1	7	8	3
Cell373	1	4	2	7
Cell374	1	2	12	5
Cell375	1	15	8	6
Cell376	1	5	9	13
Cell377	1	10	12	12
Cell378	1	15	8	6
Cell379	1	13	10	10
Cell380	1	9	15	8
Cell381	1	1	6	16
Cell382	1	15	8	6
Cell383	1	8	11	11
Cell384	1	6	16	14
Cell385	1	7	8	3
Cell386	1	2	12	5
Cell387	1	6	16	14
Cell388	1	4	2	7
Cell389	1	13	14	10
Cell390	1	8	4	11
Cell391	1	16	7	9
Cell392	1	11	2	4
Cell393	1	11	2	4
Cell394	1	14	2	2
Cell395	1	1	6	9
Cell396	1	1	13	16
Cell397	1	15	8	6
Cell398	1	3	7	15
Cell400	1	4	2	7
Cell401	1	1	6	16
Cell402	1	15	8	6
Cell403	1	9	15	8
Cell404	1	5	9	6
Cell405	1	7	8	3
Cell406	1	15	8	6
Cell407	1	8	11	11
Cell408	1	1	13	16
Cell409	1	7	8	3
Cell410	1	11	2	4
Cell411	1	10	12	12
Cell412	1	1	13	16
Cell413	1	2	12	5
Cell414	1	16	7	9
Cell415	1	11	2	4
Cell416	1	4	2	7
Cell417	1	5	9	13
Cell418	1	6	16	14
Cell419	1	1	13	16
Cell420	1	1	6	16
Cell421	1	5	9	13
Cell422	1	3	7	9
Cell423	1	11	2	4
Cell424	1	11	2	4
Cell425	1	1	3	16
Cell426	1	11	2	4
Cell427	1	6	16	14
Cell428	1	16	7	9
Cell429	1	7	8	3
Cell430	1	3	7	15
Cell431	1	7	8	3
Cell432	1	7	8	3
Cell433	1	4	2	7
Cell434	1	5	9	13
Cell435	1	13	10	10
Cell436	1	10	12	12
Cell437	1	15	8	6
Cell438	1	1	6	16
Cell439	1	13	10	10
Cell440	1	5	9	13
Cell441	1	12	5	1
Cell442	1	11	2	4
Cell443	1	2	12	5
Cell444	1	2	12	5
Cell445	1	2	12	5
Cell446	1	12	5	1
Cell447	1	6	16	14
Cell448	1	6	16	14
Cell449	1	9	15	8
Cell450	1	3	7	15
Cell451	1	11	2	4
Cell452	1	6	16	14
Cell453	1	12	5	1
Cell454	1	12	5	1
Cell455	1	6	16	14
Cell456	1	12	5	1
Cell457	1	4	2	7
Cell458	1	8	1	11
Cell459	1	7	8	3
Cell460	1	11	2	4
Cell461	1	5	9	13
Cell463	1	12	5	1
Cell464	1	2	12	5
Cell465	1	2	12	5
Cell466	1	1	6	16
Cell467	1	2	12	5
Cell468	1	1	13	16
Cell469	1	8	4	11
Cell470	1	1	6	16
Cell471	1	8	1	11
Cell472	1	7	8	3
Cell473	1	2	12	5
Cell474	1	2	12	5
Cell475	1	14	2	2
Cell476	1	4	2	7
Cell477	1	10	12	12
Cell478	1	16	7	9
Cell480	1	10	12	12
Cell481	1	11	2	4
Cell482	1	16	7	9
Cell484	1	10	12	12
Cell485	1	16	7	9
Cell486	1	1	13	16
Cell487	1	6	16	14
Cell488	1	3	7	15
Cell489	1	16	7	9
Cell490	1	6	16	14
Cell491	1	1	3	16
Cell492	1	8	4	11
Cell493	1	4	2	7
Cell494	1	13	10	10
Cell495	1	8	11	11
Cell498	1	11	2	4
Cell499	1	12	5	1
Cell500	1	15	8	6
Cell501	1	15	8	6
Cell502	1	13	10	10
Cell503	1	4	2	7
Cell504	1	5	9	9
Cell505	1	5	9	13
Cell506	1	1	13	16
Cell507	1	1	3	16
Cell508	1	10	12	12
Cell509	1	10	12	12
Cell510	1	3	7	15
Cell512	1	12	5	1
Cell513	1	2	12	5
Cell514	1	9	15	8
Cell515	1	3	7	15
Cell516	1	1	3	16
Cell517	1	9	15	8
Cell518	1	1	6	16
Cell519	1	16	7	9
Cell521	1	11	2	4
Cell522	1	14	2	2
Cell523	1	13	10	10
Cell524	1	7	8	3
Cell525	1	14	2	2
Cell526	1	13	10	10
Cell527	1	4	2	7
Cell528	1	9	15	8
Cell529	1	14	2	2
Cell530	1	3	7	15
Cell531	1	8	11	11
Cell532	1	5	9	13
Cell533	1	1	3	16
Cell534	1	6	16	14
Cell535	1	2	12	5
Cell536	1	11	2	4
Cell537	1	2	12	5
Cell538	1	8	4	11
Cell539	1	8	11	11
Cell540	1	3	7	15
Cell541	1	16	7	9
Cell543	1	7	8	3
Cell544	1	11	2	4
Cell545	1	11	2	4
Cell546	1	9	15	8
Cell547	1	5	9	13
Cell548	1	14	2	2
Cell549	1	14	2	2
Cell550	1	5	9	13
Cell553	1	5	9	13
Cell554	1	7	8	3
Cell555	1	7	8	3
Cell556	1	6	16	14
Cell557	1	7	8	3
Cell558	1	5	9	13
Cell559	1	12	5	1
Cell560	1	1	3	16
Cell561	1	8	11	11
Cell562	1	11	2	4
Cell563	1	6	16	14
Cell565	1	16	7	9
Cell566	1	10	12	12
Cell567	1	7	8	3
Cell568	1	5	9	13
Cell569	1	8	4	11
Cell570	1	3	7	15
Cell571	1	2	12	5
Cell573	1	2	12	5
Cell574	1	9	15	8
Cell575	1	11	2	4
Cell576	1	4	2	7
Cell577	1	11	2	4
Cell578	1	8	11	11
Cell579	1	5	9	13
Cell580	1	7	8	3
Cell581	1	10	12	12
Cell582	1	12	5	1
Cell583	1	4	2	7
Cell584	1	15	8	6
Cell585	1	9	15	8
Cell587	1	5	9	13
Cell588	1	9	15	8
Cell589	1	3	7	15
Cell590	1	14	2	2
Cell591	1	10	12	12
Cell592	1	15	8	6
Cell593	1	15	8	6
Cell594	1	9	15	8
Cell595	1	5	9	13
Cell596	1	3	7	15
Cell597	1	13	14	10
Cell598	1	4	2	7
Cell599	1	6	16	14
Cell600	1	12	5	1
Cell601	1	13	10	10
Cell602	1	11	2	4
Cell603	1	1	3	16
Cell604	1	1	6	16
Cell605	1	14	2	2
Cell606	1	14	2	2
Cell607	1	12	5	1
Cell608	1	8	11	11
Cell609	1	5	9	13
Cell610	1	1	13	16
Cell611	1	11	2	4
Cell612	1	8	1	11
Cell613	1	11	2	4
Cell614	1	2	12	5
Cell615	1	8	1	11
Cell617	1	11	2	4
Cell618	1	4	2	7
Cell619	1	1	3	16
Cell620	1	1	3	16
Cell621	1	14	2	2
Cell622	1	8	4	11
Cell623	1	13	14	10
Cell624	1	10	12	12
Cell625	1	8	1	11
Cell626	1	16	7	9
Cell627	1	13	10	10
Cell628	1	7	8	3
Cell629	1	12	5	1
Cell630	1	10	12	12
Cell631	1	3	7	15
Cell632	1	15	8	6
Cell633	1	4	2	7
Cell634	1	16	7	9
Cell635	1	10	12	12
Cell636	1	16	7	9
Cell637	1	8	1	11
Cell638	1	12	5	1
Cell639	1	13	14	10
Cell640	1	11	2	4
Cell641	1	2	12	5
Cell642	1	5	9	13
Cell643	1	15	8	6
Cell644	1	13	14	10
Cell645	1	15	8	6
Cell646	1	11	2	4
Cell647	1	8	11	11
Cell648	1	14	2	2
Cell649	1	9	15	8
Cell650	1	6	16	14
Cell651	1	14	2	2
Cell652	1	8	4	11
Cell653	1	9	15	8
Cell654	1	7	8	3
Cell655	1	2	12	5
Cell656	1	6	16	14
Cell657	1	10	12	12
Cell658	1	14	2	2
Cell659	1	4	2	7
Cell660	1	15	8	6
Cell661	1	11	2	4
Cell663	1	10	12	12
Cell664	1	7	8	3
Cell665	1	12	5	1
Cell666	1	12	5	1
Cell667	1	8	4	11
Cell668	1	7	8	3
Cell669	1	13	14	10
Cell670	1	9	15	8
Cell671	1	13	10	10
Cell672	1	3	7	15
Cell673	1	13	10	10
Cell674	1	4	2	7
Cell676	1	16	7	9
Cell677	1	14	2	2
Cell678	1	7	8	3
Cell679	1	9	15	8
Cell680	1	4	2	7
Cell681	1	5	9	13
Cell682	1	8	11	11
Cell683	1	13	14	10
Cell684	1	9	15	8
Cell685	1	4	2	7
Cell686	1	2	12	5
Cell687	1	13	10	10
Cell688	1	6	16	14
Cell689	1	11	2	4
Cell690	1	6	16	14
Cell691	1	8	1	11
Cell692	1	7	8	3
Cell693	1	2	12	5
Cell694	1	5	9	13
Cell696	1	12	5	1
Cell697	1	10	12	12
Cell698	1	16	7	9
Cell699	1	14	2	2
Cell700	1	2	12	5
Cell701	1	7	8	3
Cell702	1	10	12	12
Cell703	1	8	11	11
Cell704	1	8	11	11
Cell705	1	15	8	6
Cell706	1	6	16	14
Cell707	1	6	16	14
Cell708	1	2	12	5
Cell709	1	14	2	2
Cell710	1	2	12	5
Cell711	1	14	2	2
Cell712	1	2	12	5
Cell713	1	6	16	14
Cell714	1	5	9	13
Cell715	1	8	11	11
Cell716	1	14	2	2
Cell717	1	16	7	9
Cell718	1	5	9	13
Cell719	1	11	2	4
Cell720	1	15	8	6
Cell721	1	14	2	2
Cell722	1	13	10	10
Cell723	1	7	8	3
Cell724	1	13	10	10
Cell725	1	6	16	14
Cell726	1	13	14	10
Cell727	1	3	7	15
Cell728	1	5	9	13
Cell729	1	16	7	9
Cell730	1	7	8	3
Cell731	1	9	15	8
Cell732	1	16	7	9
Cell733	1	16	7	9
Cell734	1	3	7	15
Cell735	1	2	12	5
Cell736	1	1	13	16
Cell737	1	12	5	1
Cell738	1	3	7	15
Cell739	1	7	8	3
Cell740	1	7	8	3
Cell741	1	13	14	10
Cell742	1	4	2	7
Cell743	1	8	1	11
Cell744	1	10	12	12
Cell745	1	5	9	13
Cell746	1	16	7	9
Cell747	1	3	7	15
Cell748	1	4	2	7
Cell749	1	4	2	7
Cell750	1	5	9	13
Cell751	1	11	2	4
Cell752	1	13	10	10
Cell753	1	9	15	8
Cell754	1	3	7	15
Cell755	1	5	9	13
Cell756	1	2	12	5
Cell757	1	11	2	4
Cell758	1	1	3	16
Cell759	1	10	12	12
Cell760	1	4	2	7
Cell761	1	4	2	7
Cell762	1	8	1	11
Cell763	1	6	16	14
Cell764	1	8	4	11
Cell765	1	13	10	10
Cell766	1	4	2	7
Cell767	1	10	12	12
Cell768	1	1	6	16
Cell769	1	1	13	16
Cell770	1	1	6	16
Cell771	1	12	5	1
Cell772	1	13	10	10
Cell773	1	7	8	3
Cell774	1	9	15	8
Cell775	1	3	7	15
Cell776	1	4	2	7
Cell777	1	16	7	9
Cell778	1	8	11	11
Cell779	1	3	7	15
Cell780	1	8	1	11
Cell781	1	5	9	13
Cell783	1	6	16	14
Cell784	1	13	10	10
Cell785	1	11	2	4
Cell786	1	6	16	14
Cell787	1	1	6	16
Cell788	1	4	2	7
Cell789	1	1	3	16
Cell790	1	8	11	11
Cell792	1	16	7	9
Cell793	1	11	2	4
Cell794	1	14	2	2
Cell795	1	11	2	4
Cell797	1	12	5	1
Cell798	1	6	16	14
Cell799	1	8	11	11
Cell800	1	5	9	13
Cell801	1	4	2	7
Cell802	1	2	12	5
Cell803	1	7	8	3
Cell804	1	3	7	15
Cell805	1	8	11	11
Cell806	1	8	4	11
Cell807	1	16	7	9
Cell808	1	2	12	5
Cell809	1	9	15	8
Cell810	1	3	7	15
Cell811	1	15	8	6
Cell812	1	16	7	9
Cell813	1	13	14	10
Cell814	1	8	11	11
Cell815	1	16	7	9
Cell816	1	5	9	13
Cell817	1	10	12	12
Cell818	1	4	2	7
Cell819	1	10	12	12
Cell820	1	12	5	1
Cell821	1	2	12	5
Cell822	1	11	2	4
Cell823	1	2	12	5
Cell824	1	8	11	11
Cell825	1	3	7	9
Cell826	1	7	8	3
Cell827	1	2	12	5
Cell828	1	9	15	8
Cell829	1	10	12	12
Cell830	1	12	5	1
Cell831	1	13	14	10
Cell832	1	10	12	12
Cell833	1	5	9	13
Cell834	1	7	8	3
Cell835	1	7	8	3
Cell836	1	7	8	9
Cell838	1	2	12	5
Cell839	1	3	7	15
Cell840	1	14	2	2
Cell841	1	7	8	3
Cell842	1	10	12	12
Cell843	1	14	2	2
Cell844	1	6	16	14
Cell845	1	3	7	15
Cell846	1	12	5	1
Cell847	1	3	7	15
Cell848	1	7	8	3
Cell849	1	10	12	12
Cell850	1	9	15	8
Cell851	1	4	2	7
Cell852	1	1	3	16
Cell853	1	12	5	1
Cell854	1	8	4	11
Cell855	1	12	5	1
Cell856	1	1	3	16
Cell857	1	11	2	4
Cell858	1	4	2	7
Cell859	1	9	15	8
Cell860	1	2	12	5
Cell861	1	15	8	6
Cell862	1	4	2	7
Cell863	1	3	7	15
Cell864	1	1	3	16
Cell865	1	10	12	12
Cell866	1	10	12	12
Cell867	1	12	5	1
Cell868	1	10	12	12
Cell869	1	4	2	7
Cell870	1	1	3	16
Cell871	1	8	4	11
Cell872	1	12	5	1
Cell873	1	9	15	8
Cell874	1	13	10	10
Cell875	1	9	15	8
Cell876	1	5	9	13
Cell877	1	11	2	4
Cell878	1	14	2	2
Cell879	1	1	6	16
Cell880	1	4	2	7
Cell882	1	10	12	12
Cell883	1	6	16	14
Cell884	1	7	8	3
Cell885	1	5	9	13
Cell886	1	15	8	6
Cell887	1	1	13	16
Cell888	1	14	2	2
Cell889	1	7	8	3
Cell891	1	13	10	10
Cell892	1	15	8	6
Cell893	1	2	12	5
Cell894	1	12	5	1
Cell895	1	3	7	15
Cell896	1	4	2	7
Cell897	1	3	7	15
Cell898	1	1	3	16
Cell899	1	14	2	2
Cell900	1	5	9	13
Cell901	1	5	9	13
Cell902	1	4	2	7
Cell903	1	6	16	14
Cell904	1	2	12	5
Cell905	1	13	14	10
Cell906	1	8	1	11
Cell907	1	7	8	3
Cell908	1	6	16	14
Cell909	1	14	2	2
Cell910	1	13	14	10
Cell911	1	4	2	7
Cell912	1	11	2	4
Cell913	1	6	16	14
Cell914	1	3	7	15
Cell915	1	9	15	8
Cell917	1	12	5	1
Cell918	1	1	3	16
Cell919	1	14	2	2
Cell920	1	10	12	12
Cell921	1	2	12	5
Cell922	1	14	2	2
Cell923	1	1	3	16
Cell924	1	6	16	14
Cell925	1	7	8	3
Cell926	1	13	14	10
Cell927	1	12	5	1
Cell928	1	3	7	15
Cell929	1	13	14	10
Cell930	1	9	15	8
Cell931	1	3	7	15
Cell932	1	4	2	7
Cell933	1	3	7	15
Cell934	1	14	2	2
Cell935	1	2	12	5
Cell936	1	4	2	7
Cell937	1	15	8	6
Cell938	1	3	7	15
Cell939	1	13	14	10
Cell940	1	12	5	1
Cell941	1	10	12	12
Cell942	1	15	8	6
Cell943	1	14	2	2
Cell944	1	7	8	3
Cell945	1	15	8	6
Cell946	1	7	8	3
Cell947	1	9	15	8
Cell948	1	7	8	3
Cell949	1	11	2	4
Cell951	1	1	13	16
Cell952	1	11	2	4
Cell953	1	12	5	1
Cell954	1	6	16	14
Cell955	1	9	15	8
Cell956	1	4	2	7
Cell957	1	14	2	2
Cell958	1	16	7	9
Cell959	1	4	2	7
Cell960	1	15	8	6
Cell961	1	8	1	11
Cell962	1	7	8	3
Cell963	1	3	7	15
Cell964	1	16	7	9
Cell965	1	1	13	16
Cell966	1	12	5	1
Cell967	1	4	2	7
Cell968	1	1	13	16
Cell969	1	4	2	7
Cell970	1	14	2	2
Cell971	1	15	8	6
Cell972	1	7	8	6
Cell973	1	11	2	4
Cell974	1	5	9	13
Cell975	1	3	7	15
Cell976	1	5	9	13
Cell977	1	2	12	5
Cell978	1	15	8	6
Cell979	1	5	9	13
Cell980	1	2	12	5
Cell981	1	4	2	7
Cell982	1	14	2	2
Cell983	1	1	3	16
Cell984	1	16	7	9
Cell985	1	13	14	10
Cell986	1	6	16	14
Cell987	1	6	16	14
Cell988	1	5	9	13
Cell989	1	5	9	13
Cell990	1	1	3	16
Cell991	1	13	14	10
Cell992	1	9	15	8
Cell993	1	9	15	8
Cell994	1	6	16	14
Cell995	1	7	8	3
Cell996	1	6	16	14
Cell997	1	11	2	4
Cell998	1	13	14	10
Cell999	1	16	7	9
Cell1000	1	2	12	5
