ID	did	seurat_cluster	kmeans_cluster	labels
Cell1	1	17	55	63
Cell3	1	2	22	25
Cell4	1	2	22	30
Cell5	1	3	3	50
Cell6	1	2	29	25
Cell7	1	4	9	14
Cell8	1	14	21	48
Cell10	1	16	59	49
Cell11	1	5	38	15
Cell12	1	18	14	29
Cell13	1	2	29	25
Cell15	1	18	34	8
Cell16	1	10	23	57
Cell17	1	17	55	63
Cell18	1	17	55	28
Cell19	1	9	18	33
Cell20	1	2	29	20
Cell21	1	1	32	28
Cell22	1	6	60	17
Cell23	1	9	30	34
Cell24	1	18	34	8
Cell25	1	13	33	16
Cell26	1	2	39	32
Cell27	1	8	25	35
Cell28	1	8	40	44
Cell29	1	11	61	21
Cell30	1	15	7	56
Cell31	1	2	37	28
Cell32	1	5	38	15
Cell33	1	8	25	9
Cell34	1	6	17	6
Cell35	1	17	55	27
Cell36	1	7	2	3
Cell37	1	15	7	54
Cell38	1	2	19	7
Cell39	1	18	34	20
Cell40	1	11	43	26
Cell41	1	4	9	53
Cell42	1	1	45	31
Cell43	1	3	53	47
Cell44	1	5	24	60
Cell45	1	10	23	51
Cell46	1	1	52	31
Cell47	1	9	18	40
Cell48	1	5	38	1
Cell50	1	2	37	35
Cell52	1	19	56	39
Cell53	1	10	15	60
Cell54	1	3	3	55
Cell55	1	2	62	58
Cell56	1	6	60	17
Cell57	1	8	40	44
Cell59	1	12	6	7
Cell60	1	19	56	39
Cell61	1	16	57	49
Cell62	1	18	14	27
Cell63	1	10	23	51
Cell64	1	7	27	18
Cell65	1	6	17	6
Cell66	1	21	28	11
Cell67	1	15	7	54
Cell68	1	18	34	28
Cell70	1	4	42	47
Cell71	1	1	52	31
Cell72	1	4	9	14
Cell73	1	8	49	55
Cell74	1	19	56	39
Cell75	1	2	29	25
Cell76	1	1	52	40
Cell77	1	2	39	58
Cell79	1	4	46	14
Cell80	1	13	13	16
Cell81	1	4	42	38
Cell82	1	1	45	53
Cell83	1	5	38	42
Cell84	1	7	9	19
Cell85	1	6	60	17
Cell86	1	11	54	59
Cell87	1	4	9	47
Cell88	1	4	42	53
Cell89	1	6	17	36
Cell90	1	11	54	26
Cell91	1	10	23	51
Cell92	1	1	6	1
Cell93	1	4	10	38
Cell94	1	8	25	61
Cell95	1	7	27	47
Cell96	1	18	14	27
Cell97	1	4	50	60
Cell98	1	5	38	40
Cell99	1	13	13	10
Cell100	1	5	15	60
Cell101	1	5	38	60
Cell102	1	5	10	42
Cell103	1	18	34	8
Cell104	1	12	51	13
Cell105	1	5	38	55
Cell106	1	4	42	21
Cell107	1	21	28	11
Cell108	1	3	20	24
Cell109	1	11	26	21
Cell110	1	12	32	7
Cell111	1	6	17	23
Cell112	1	7	27	18
Cell113	1	1	52	31
Cell114	1	8	40	4
Cell115	1	8	25	61
Cell117	1	13	33	23
Cell118	1	6	11	23
Cell119	1	15	7	54
Cell120	1	15	7	54
Cell121	1	3	3	15
Cell122	1	15	7	54
Cell124	1	1	52	35
Cell125	1	8	49	43
Cell126	1	15	7	64
Cell127	1	7	2	45
Cell128	1	12	51	13
Cell129	1	19	56	39
Cell130	1	6	11	64
Cell131	1	17	55	63
Cell132	1	3	64	59
Cell133	1	1	5	22
Cell134	1	12	6	1
Cell135	1	9	4	34
Cell136	1	11	54	59
Cell137	1	16	48	58
Cell138	1	5	36	2
Cell139	1	7	1	14
Cell140	1	19	56	25
Cell141	1	9	18	33
Cell142	1	12	51	13
Cell143	1	5	36	5
Cell144	1	7	1	3
Cell145	1	7	27	18
Cell146	1	8	25	15
Cell147	1	8	49	21
Cell148	1	3	53	59
Cell149	1	2	39	62
Cell150	1	8	49	10
Cell151	1	16	57	49
Cell152	1	2	37	58
Cell153	1	20	58	41
Cell154	1	7	27	27
Cell155	1	9	63	2
Cell156	1	7	27	18
Cell157	1	2	29	25
Cell158	1	9	18	33
Cell159	1	6	17	6
Cell160	1	5	38	42
Cell161	1	5	36	43
Cell162	1	13	33	16
Cell163	1	10	15	23
Cell164	1	15	7	54
Cell165	1	3	3	29
Cell166	1	9	4	34
Cell167	1	4	9	14
Cell168	1	5	36	9
Cell169	1	6	31	36
Cell170	1	1	52	31
Cell171	1	2	62	45
Cell172	1	7	2	35
Cell173	1	13	13	16
Cell174	1	7	27	2
Cell175	1	11	26	27
Cell176	1	15	7	54
Cell177	1	7	27	18
Cell178	1	4	42	38
Cell179	1	4	9	19
Cell180	1	3	20	24
Cell181	1	5	24	55
Cell182	1	3	26	61
Cell183	1	3	53	55
Cell184	1	8	40	9
Cell185	1	14	21	48
Cell186	1	14	21	48
Cell187	1	18	34	8
Cell188	1	5	24	5
Cell189	1	3	64	59
Cell190	1	8	25	12
Cell191	1	2	39	30
Cell193	1	4	26	14
Cell194	1	8	49	55
Cell195	1	11	54	59
Cell196	1	17	41	63
Cell197	1	9	4	34
Cell198	1	2	37	43
Cell199	1	20	58	41
Cell200	1	1	6	10
Cell201	1	3	20	50
Cell202	1	6	31	23
Cell203	1	7	2	10
Cell204	1	11	54	14
Cell205	1	1	50	53
Cell206	1	11	43	26
Cell207	1	6	17	6
Cell208	1	13	13	16
Cell209	1	7	27	56
Cell210	1	11	54	47
Cell211	1	2	22	52
Cell212	1	7	2	27
Cell213	1	2	29	25
Cell214	1	2	22	52
Cell215	1	4	42	21
Cell216	1	4	9	38
Cell217	1	8	40	44
Cell218	1	11	61	56
Cell219	1	7	27	14
Cell220	1	17	55	63
Cell221	1	11	54	26
Cell222	1	4	50	21
Cell223	1	9	18	26
Cell224	1	2	37	58
Cell225	1	4	26	2
Cell226	1	9	4	34
Cell227	1	5	10	15
Cell228	1	8	40	44
Cell231	1	1	10	5
Cell232	1	14	21	48
Cell233	1	7	61	28
Cell234	1	18	34	8
Cell235	1	2	22	55
Cell236	1	3	20	9
Cell237	1	8	40	28
Cell238	1	10	23	57
Cell239	1	7	27	3
Cell240	1	11	43	56
Cell241	1	1	52	19
Cell242	1	6	31	23
Cell243	1	19	56	39
Cell244	1	2	29	25
Cell245	1	7	1	36
Cell246	1	2	19	4
Cell247	1	8	40	44
Cell248	1	18	34	8
Cell249	1	7	1	19
Cell250	1	5	24	55
Cell251	1	13	33	16
Cell252	1	15	7	54
Cell253	1	10	23	51
Cell254	1	20	58	41
Cell255	1	8	25	12
Cell256	1	10	32	28
Cell257	1	11	54	22
Cell258	1	3	20	24
Cell259	1	16	16	49
Cell260	1	13	33	16
Cell261	1	7	27	27
Cell262	1	14	21	48
Cell263	1	2	39	46
Cell264	1	3	64	59
Cell265	1	20	58	47
Cell266	1	2	22	52
Cell267	1	5	24	29
Cell268	1	17	41	58
Cell269	1	5	23	27
Cell270	1	4	42	32
Cell271	1	1	50	31
Cell272	1	2	62	45
Cell273	1	11	43	14
Cell274	1	8	49	51
Cell275	1	8	40	32
Cell276	1	7	1	26
Cell277	1	3	64	59
Cell278	1	1	45	46
Cell279	1	14	21	48
Cell280	1	15	7	54
Cell281	1	20	58	41
Cell282	1	6	60	23
Cell283	1	2	19	35
Cell284	1	10	32	7
Cell285	1	2	37	45
Cell286	1	1	6	1
Cell287	1	10	23	51
Cell288	1	4	46	19
Cell289	1	5	10	42
Cell290	1	6	60	1
Cell291	1	7	2	43
Cell292	1	5	36	42
Cell293	1	3	53	50
Cell294	1	8	25	51
Cell295	1	5	10	42
Cell296	1	14	21	23
Cell297	1	12	51	13
Cell298	1	8	25	12
Cell299	1	21	28	11
Cell300	1	11	43	26
Cell301	1	17	41	63
Cell302	1	5	24	14
Cell303	1	7	27	18
Cell304	1	2	22	9
Cell305	1	6	31	17
Cell306	1	1	6	46
Cell307	1	1	45	53
Cell308	1	4	42	62
Cell309	1	8	40	44
Cell310	1	4	42	38
Cell311	1	1	6	5
Cell312	1	4	46	58
Cell313	1	3	53	47
Cell314	1	15	7	23
Cell315	1	14	21	48
Cell316	1	7	2	3
Cell317	1	4	46	47
Cell319	1	4	39	30
Cell320	1	3	53	50
Cell321	1	13	33	16
Cell322	1	1	52	1
Cell323	1	17	55	63
Cell324	1	16	57	49
Cell325	1	15	7	54
Cell326	1	1	5	1
Cell327	1	5	24	60
Cell328	1	10	32	1
Cell329	1	13	33	16
Cell330	1	9	30	34
Cell331	1	1	5	1
Cell332	1	7	1	47
Cell333	1	4	50	60
Cell334	1	4	50	46
Cell336	1	3	20	50
Cell337	1	3	53	58
Cell338	1	11	54	56
Cell339	1	11	26	26
Cell340	1	6	11	64
Cell341	1	8	25	61
Cell342	1	1	52	28
Cell343	1	1	5	46
Cell344	1	11	43	26
Cell345	1	3	20	50
Cell346	1	8	40	44
Cell347	1	4	42	38
Cell348	1	10	23	51
Cell349	1	3	3	50
Cell350	1	7	1	56
Cell351	1	2	37	52
Cell352	1	7	2	3
Cell353	1	3	20	57
Cell354	1	3	46	22
Cell355	1	3	64	59
Cell356	1	2	22	52
Cell357	1	9	4	34
Cell358	1	4	46	22
Cell359	1	6	11	12
Cell360	1	2	62	45
Cell361	1	11	54	12
Cell362	1	2	37	22
Cell363	1	8	23	57
Cell364	1	16	57	49
Cell365	1	15	7	54
Cell366	1	8	25	61
Cell367	1	15	7	16
Cell368	1	7	9	19
Cell369	1	8	40	44
Cell370	1	7	47	25
Cell372	1	10	23	9
Cell373	1	12	51	23
Cell375	1	4	42	21
Cell376	1	16	35	49
Cell377	1	5	38	42
Cell378	1	4	42	21
Cell379	1	7	47	37
Cell380	1	5	24	28
Cell381	1	4	42	58
Cell382	1	1	5	20
Cell383	1	1	50	40
Cell384	1	3	53	50
Cell385	1	20	58	8
Cell386	1	5	36	15
Cell387	1	1	6	53
Cell388	1	8	40	24
Cell389	1	9	30	34
Cell390	1	11	43	40
Cell391	1	1	52	31
Cell392	1	13	13	10
Cell393	1	8	49	12
Cell394	1	5	38	5
Cell395	1	1	52	31
Cell396	1	8	49	60
Cell397	1	11	54	20
Cell398	1	7	27	56
Cell399	1	5	15	43
Cell400	1	3	20	24
Cell403	1	11	61	26
Cell404	1	4	10	19
Cell405	1	18	34	8
Cell406	1	7	27	18
Cell407	1	20	58	41
Cell408	1	3	64	59
Cell409	1	6	17	6
Cell410	1	8	25	12
Cell411	1	4	42	42
Cell412	1	4	42	60
Cell413	1	5	38	15
Cell414	1	4	37	32
Cell415	1	12	51	13
Cell416	1	6	44	22
Cell417	1	4	43	47
Cell418	1	10	32	51
Cell419	1	5	24	60
Cell420	1	2	37	58
Cell421	1	16	57	49
Cell422	1	4	50	31
Cell423	1	6	31	12
Cell424	1	10	15	12
Cell425	1	3	53	61
Cell426	1	12	51	13
Cell427	1	7	47	52
Cell428	1	1	45	31
Cell429	1	20	58	7
Cell430	1	15	7	54
Cell431	1	6	31	6
Cell432	1	6	17	6
Cell433	1	8	49	23
Cell434	1	7	61	47
Cell435	1	15	7	35
Cell436	1	5	38	42
Cell437	1	7	27	20
Cell438	1	3	64	59
Cell439	1	2	22	35
Cell441	1	17	55	63
Cell442	1	21	28	11
Cell443	1	13	33	16
Cell444	1	7	9	14
Cell445	1	13	33	16
Cell446	1	1	6	1
Cell447	1	10	23	51
Cell448	1	2	22	52
Cell449	1	7	1	26
Cell450	1	15	7	54
Cell452	1	10	23	51
Cell453	1	1	6	1
Cell454	1	17	55	63
Cell455	1	5	38	50
Cell456	1	1	5	62
Cell457	1	2	29	25
Cell458	1	19	56	39
Cell459	1	6	17	6
Cell460	1	12	51	13
Cell461	1	16	48	49
Cell462	1	7	27	28
Cell463	1	1	5	1
Cell464	1	4	46	15
Cell465	1	13	33	16
Cell466	1	4	42	58
Cell468	1	6	31	60
Cell469	1	11	43	40
Cell470	1	6	44	58
Cell471	1	4	37	38
Cell472	1	5	24	7
Cell473	1	6	60	17
Cell474	1	13	33	16
Cell475	1	8	20	3
Cell476	1	2	39	23
Cell477	1	8	40	44
Cell478	1	9	18	33
Cell479	1	14	21	48
Cell480	1	8	40	43
Cell481	1	13	13	10
Cell482	1	1	52	31
Cell483	1	9	30	34
Cell484	1	5	38	42
Cell485	1	9	18	33
Cell486	1	5	24	60
Cell487	1	10	23	51
Cell488	1	8	49	55
Cell489	1	1	45	31
Cell490	1	7	47	52
Cell491	1	8	25	61
Cell492	1	19	56	39
Cell493	1	3	3	24
Cell496	1	21	12	11
Cell497	1	15	7	54
Cell498	1	21	28	11
Cell499	1	6	11	64
Cell500	1	7	1	19
Cell501	1	2	37	19
Cell502	1	4	9	35
Cell503	1	8	20	24
Cell504	1	2	39	30
Cell505	1	7	1	47
Cell506	1	3	64	59
Cell507	1	8	25	61
Cell508	1	2	22	45
Cell509	1	5	36	42
Cell510	1	15	7	54
Cell511	1	5	5	60
Cell512	1	17	55	63
Cell513	1	7	2	16
Cell514	1	12	51	27
Cell515	1	15	7	54
Cell516	1	2	39	58
Cell517	1	9	18	26
Cell518	1	2	62	58
Cell519	1	1	52	32
Cell520	1	6	60	36
Cell521	1	13	33	10
Cell522	1	6	44	2
Cell523	1	9	30	34
Cell524	1	18	34	8
Cell525	1	5	10	4
Cell526	1	9	4	34
Cell527	1	1	6	22
Cell528	1	4	42	28
Cell529	1	7	1	3
Cell530	1	15	7	54
Cell531	1	19	56	39
Cell532	1	1	5	46
Cell533	1	8	25	61
Cell534	1	1	5	53
Cell535	1	13	33	16
Cell536	1	1	5	10
Cell537	1	5	38	15
Cell538	1	19	56	39
Cell539	1	20	58	41
Cell540	1	3	3	55
Cell541	1	5	24	32
Cell542	1	1	5	5
Cell543	1	18	34	8
Cell544	1	7	27	10
Cell545	1	3	20	12
Cell546	1	11	61	26
Cell547	1	14	21	48
Cell548	1	4	42	2
Cell549	1	1	52	3
Cell550	1	1	50	46
Cell551	1	3	20	24
Cell552	1	3	20	24
Cell553	1	11	43	47
Cell554	1	6	17	6
Cell555	1	1	52	7
Cell556	1	3	53	50
Cell557	1	7	1	7
Cell558	1	3	53	47
Cell559	1	6	11	64
Cell560	1	10	23	60
Cell561	1	19	56	39
Cell562	1	8	49	12
Cell563	1	1	45	53
Cell564	1	7	2	35
Cell565	1	12	51	31
Cell566	1	2	22	45
Cell567	1	1	6	7
Cell568	1	16	16	49
Cell569	1	20	58	41
Cell570	1	10	32	57
Cell571	1	11	26	14
Cell572	1	6	11	23
Cell573	1	3	53	15
Cell574	1	11	43	26
Cell575	1	21	12	11
Cell576	1	3	20	23
Cell577	1	13	33	12
Cell578	1	19	56	39
Cell579	1	1	6	46
Cell580	1	10	32	7
Cell581	1	8	20	43
Cell582	1	1	45	62
Cell583	1	12	51	22
Cell584	1	7	27	18
Cell585	1	14	8	28
Cell586	1	6	60	17
Cell588	1	2	19	28
Cell589	1	10	23	57
Cell590	1	2	22	3
Cell592	1	7	27	18
Cell593	1	7	1	19
Cell594	1	11	61	26
Cell595	1	7	2	47
Cell596	1	10	23	57
Cell597	1	6	44	36
Cell598	1	8	25	25
Cell599	1	4	46	53
Cell600	1	4	42	62
Cell601	1	6	60	36
Cell602	1	12	51	13
Cell603	1	3	64	59
Cell604	1	5	36	60
Cell605	1	5	36	3
Cell606	1	2	37	4
Cell608	1	20	58	41
Cell609	1	5	36	46
Cell610	1	5	24	60
Cell611	1	21	28	11
Cell612	1	4	50	38
Cell613	1	5	38	12
Cell614	1	11	43	14
Cell615	1	19	56	39
Cell616	1	12	51	13
Cell617	1	13	13	10
Cell618	1	7	1	22
Cell619	1	3	64	59
Cell620	1	4	9	58
Cell621	1	7	2	2
Cell622	1	1	45	40
Cell623	1	1	45	35
Cell624	1	5	38	42
Cell625	1	4	50	38
Cell626	1	4	50	30
Cell627	1	9	4	34
Cell628	1	1	52	7
Cell629	1	17	41	63
Cell630	1	5	38	42
Cell631	1	15	7	54
Cell632	1	5	38	20
Cell633	1	1	52	22
Cell634	1	2	19	32
Cell635	1	15	7	43
Cell637	1	19	56	39
Cell638	1	1	52	1
Cell639	1	2	22	35
Cell640	1	12	51	13
Cell641	1	8	49	15
Cell642	1	16	16	49
Cell643	1	6	44	20
Cell644	1	9	4	34
Cell645	1	1	45	20
Cell646	1	13	33	10
Cell647	1	4	26	40
Cell648	1	7	1	3
Cell649	1	11	54	26
Cell650	1	3	53	50
Cell651	1	12	51	3
Cell652	1	19	56	39
Cell653	1	3	53	29
Cell654	1	12	6	9
Cell655	1	6	31	17
Cell656	1	3	64	50
Cell657	1	2	29	43
Cell658	1	9	63	2
Cell659	1	3	20	24
Cell660	1	4	42	21
Cell661	1	21	28	11
Cell662	1	1	5	31
Cell663	1	15	7	43
Cell664	1	18	34	8
Cell665	1	6	11	64
Cell666	1	17	41	63
Cell667	1	4	42	38
Cell668	1	7	47	9
Cell669	1	6	60	36
Cell670	1	17	55	27
Cell672	1	13	33	56
Cell673	1	5	15	37
Cell674	1	3	20	24
Cell675	1	7	2	47
Cell676	1	1	52	31
Cell677	1	1	6	2
Cell678	1	6	17	6
Cell679	1	7	27	28
Cell680	1	12	51	22
Cell681	1	16	48	49
Cell682	1	20	58	41
Cell683	1	4	46	35
Cell684	1	3	53	26
Cell685	1	2	29	25
Cell686	1	4	9	14
Cell687	1	9	4	34
Cell688	1	19	56	52
Cell689	1	2	39	10
Cell690	1	7	9	53
Cell691	1	11	43	40
Cell692	1	7	47	9
Cell693	1	2	62	14
Cell694	1	16	48	47
Cell696	1	1	5	62
Cell697	1	2	47	43
Cell698	1	9	18	33
Cell699	1	8	25	2
Cell700	1	13	33	16
Cell701	1	12	51	7
Cell702	1	8	40	44
Cell703	1	1	14	41
Cell704	1	4	9	38
Cell705	1	6	44	20
Cell706	1	2	22	52
Cell707	1	18	14	53
Cell708	1	4	10	14
Cell709	1	7	1	4
Cell710	1	1	6	17
Cell711	1	5	10	5
Cell712	1	5	15	14
Cell714	1	14	21	48
Cell715	1	19	56	39
Cell716	1	1	6	5
Cell717	1	5	10	32
Cell718	1	14	21	48
Cell719	1	3	53	12
Cell720	1	7	27	18
Cell721	1	4	37	4
Cell722	1	2	37	35
Cell723	1	18	34	8
Cell725	1	10	32	51
Cell726	1	4	42	37
Cell727	1	12	51	57
Cell728	1	7	2	47
Cell729	1	16	59	33
Cell730	1	12	51	7
Cell731	1	11	54	26
Cell732	1	5	24	30
Cell733	1	1	5	31
Cell734	1	5	24	55
Cell735	1	4	43	14
Cell736	1	3	64	59
Cell737	1	6	11	64
Cell738	1	5	36	56
Cell739	1	3	53	9
Cell740	1	11	54	9
Cell741	1	9	30	34
Cell742	1	2	29	23
Cell743	1	1	58	41
Cell744	1	2	62	45
Cell745	1	5	36	46
Cell746	1	9	18	33
Cell747	1	19	56	56
Cell748	1	2	19	25
Cell749	1	6	31	23
Cell750	1	11	61	47
Cell751	1	6	17	12
Cell752	1	9	63	34
Cell753	1	20	58	29
Cell754	1	3	3	55
Cell755	1	14	21	48
Cell756	1	13	33	16
Cell757	1	12	51	13
Cell758	1	3	64	59
Cell759	1	8	49	43
Cell760	1	5	24	24
Cell761	1	11	64	22
Cell762	1	10	32	40
Cell763	1	1	45	53
Cell764	1	20	58	41
Cell765	1	9	4	34
Cell766	1	3	20	24
Cell767	1	8	40	44
Cell768	1	8	25	61
Cell769	1	11	64	59
Cell770	1	2	39	58
Cell771	1	17	55	63
Cell772	1	1	6	37
Cell773	1	10	23	7
Cell774	1	5	15	28
Cell775	1	10	15	57
Cell777	1	1	52	31
Cell778	1	4	42	38
Cell779	1	3	3	55
Cell780	1	1	6	40
Cell781	1	1	52	46
Cell782	1	7	27	18
Cell783	1	13	13	50
Cell784	1	4	10	37
Cell785	1	21	28	11
Cell786	1	1	14	53
Cell787	1	7	47	58
Cell789	1	8	25	61
Cell790	1	20	58	41
Cell792	1	9	30	33
Cell793	1	2	22	10
Cell794	1	4	42	2
Cell795	1	8	25	12
Cell796	1	10	23	7
Cell797	1	4	50	62
Cell798	1	3	53	50
Cell799	1	20	58	41
Cell800	1	1	5	46
Cell801	1	1	52	22
Cell802	1	13	33	16
Cell803	1	6	17	6
Cell804	1	10	23	57
Cell805	1	11	43	40
Cell806	1	20	58	41
Cell807	1	9	18	33
Cell808	1	6	31	17
Cell809	1	7	2	26
Cell810	1	3	53	56
Cell811	1	4	50	21
Cell812	1	18	14	30
Cell813	1	14	8	36
Cell814	1	11	64	40
Cell815	1	1	52	30
Cell816	1	16	16	49
Cell817	1	13	13	45
Cell818	1	10	15	23
Cell819	1	8	40	44
Cell820	1	1	6	1
Cell821	1	5	46	15
Cell822	1	12	51	13
Cell823	1	3	3	15
Cell824	1	20	58	41
Cell825	1	1	52	31
Cell826	1	6	17	6
Cell827	1	13	33	16
Cell828	1	12	51	28
Cell829	1	4	46	42
Cell830	1	17	55	63
Cell831	1	7	2	36
Cell832	1	8	24	43
Cell833	1	14	21	48
Cell834	1	18	34	8
Cell835	1	12	51	7
Cell836	1	5	38	30
Cell837	1	4	9	10
Cell838	1	13	33	16
Cell839	1	3	20	55
Cell840	1	1	5	5
Cell841	1	18	14	8
Cell843	1	6	41	2
Cell844	1	10	23	51
Cell845	1	5	24	55
Cell846	1	6	41	63
Cell847	1	15	7	54
Cell848	1	18	34	8
Cell850	1	5	3	29
Cell851	1	2	37	24
Cell852	1	8	40	60
Cell853	1	1	52	1
Cell855	1	5	15	1
Cell856	1	2	37	58
Cell857	1	21	28	11
Cell858	1	3	20	24
Cell859	1	3	53	28
Cell860	1	1	45	14
Cell862	1	2	22	25
Cell864	1	2	39	58
Cell865	1	5	46	42
Cell866	1	2	22	45
Cell867	1	2	39	62
Cell868	1	8	40	44
Cell869	1	5	46	22
Cell870	1	7	27	58
Cell871	1	19	56	39
Cell872	1	16	59	64
Cell873	1	7	1	28
Cell874	1	14	8	36
Cell875	1	2	39	29
Cell876	1	14	21	48
Cell877	1	13	13	10
Cell878	1	1	5	5
Cell879	1	3	64	59
Cell880	1	6	60	23
Cell881	1	4	46	40
Cell883	1	1	14	53
Cell884	1	6	17	6
Cell885	1	1	52	46
Cell887	1	11	54	61
Cell888	1	1	19	4
Cell889	1	14	8	9
Cell890	1	9	18	2
Cell891	1	9	30	34
Cell892	1	4	42	21
Cell893	1	4	9	14
Cell894	1	1	6	1
Cell895	1	10	23	57
Cell896	1	5	36	22
Cell897	1	15	7	54
Cell898	1	11	26	60
Cell899	1	7	1	3
Cell900	1	14	21	48
Cell901	1	16	59	49
Cell902	1	2	22	23
Cell903	1	4	46	50
Cell904	1	13	13	16
Cell906	1	19	56	39
Cell907	1	18	34	8
Cell908	1	1	45	53
Cell909	1	2	62	4
Cell911	1	12	51	22
Cell912	1	12	51	13
Cell913	1	1	45	53
Cell914	1	8	49	55
Cell915	1	11	54	26
Cell916	1	16	16	49
Cell917	1	1	6	1
Cell918	1	3	64	59
Cell919	1	4	9	5
Cell920	1	7	47	43
Cell921	1	4	42	14
Cell922	1	1	45	5
Cell923	1	5	24	60
Cell924	1	3	53	50
Cell925	1	18	34	8
Cell926	1	6	17	37
Cell927	1	10	32	1
Cell928	1	10	32	57
Cell929	1	7	27	37
Cell930	1	13	33	27
Cell931	1	10	23	57
Cell932	1	4	50	22
Cell933	1	10	23	56
Cell934	1	1	52	5
Cell935	1	4	50	14
Cell936	1	3	3	24
Cell937	1	7	27	18
Cell938	1	1	34	55
Cell939	1	15	7	35
Cell940	1	1	45	62
Cell941	1	8	40	44
Cell942	1	11	26	21
Cell943	1	2	39	4
Cell944	1	18	34	8
Cell945	1	4	9	21
Cell946	1	1	52	7
Cell947	1	5	10	28
Cell948	1	6	17	6
Cell949	1	13	33	10
Cell950	1	12	51	13
Cell951	1	3	64	59
Cell952	1	3	20	12
Cell953	1	2	39	62
Cell954	1	2	62	52
Cell955	1	11	54	26
Cell956	1	3	20	24
Cell957	1	4	42	3
Cell958	1	7	27	30
Cell959	1	2	29	25
Cell960	1	8	49	21
Cell961	1	19	56	39
Cell962	1	5	24	7
Cell963	1	3	3	55
Cell966	1	6	11	64
Cell967	1	11	61	23
Cell968	1	3	64	59
Cell969	1	2	29	25
Cell970	1	1	5	5
Cell971	1	2	39	21
Cell973	1	6	44	12
Cell974	1	14	21	48
Cell975	1	8	49	55
Cell976	1	1	45	46
Cell977	1	11	26	14
Cell978	1	2	37	19
Cell979	1	4	26	47
Cell980	1	13	13	16
Cell981	1	4	50	25
Cell982	1	17	55	2
Cell983	1	11	54	59
Cell984	1	2	37	32
Cell985	1	9	4	34
Cell986	1	3	53	50
Cell987	1	2	22	52
Cell988	1	11	26	47
Cell989	1	3	53	47
Cell990	1	4	50	60
Cell991	1	1	6	37
Cell992	1	13	33	27
Cell993	1	9	18	26
Cell994	1	1	45	53
Cell995	1	18	34	8
Cell996	1	3	20	50
Cell997	1	9	18	12
Cell998	1	7	61	37
Cell999	1	5	24	32
Cell1000	1	2	39	14
Cell1001	1	18	34	8
Cell1002	1	3	64	59
Cell1003	1	1	5	55
Cell1004	1	2	29	25
Cell1005	1	12	32	32
Cell1006	1	2	39	58
Cell1007	1	7	1	28
Cell1008	1	6	17	6
Cell1009	1	13	13	10
Cell1010	1	3	53	50
Cell1011	1	5	36	60
Cell1012	1	13	33	10
Cell1013	1	14	21	48
Cell1014	1	11	43	14
Cell1015	1	14	8	28
Cell1016	1	1	52	19
Cell1018	1	6	31	36
Cell1019	1	4	9	35
Cell1020	1	4	39	62
Cell1021	1	8	25	61
Cell1022	1	16	57	49
Cell1023	1	1	6	5
Cell1024	1	19	56	39
Cell1025	1	15	7	54
Cell1026	1	6	44	57
Cell1027	1	13	33	56
Cell1028	1	7	1	30
Cell1029	1	18	14	29
Cell1030	1	10	23	7
Cell1031	1	1	6	1
Cell1032	1	1	52	53
Cell1033	1	9	4	34
Cell1034	1	2	22	52
Cell1035	1	18	34	30
Cell1036	1	2	37	45
Cell1037	1	3	64	59
Cell1038	1	2	62	58
Cell1039	1	14	21	48
Cell1040	1	7	61	26
Cell1041	1	1	52	31
Cell1042	1	21	28	9
Cell1043	1	12	51	13
Cell1044	1	6	44	23
Cell1045	1	4	9	3
Cell1047	1	6	17	6
Cell1048	1	1	52	31
Cell1049	1	5	36	42
Cell1051	1	13	33	27
Cell1052	1	8	40	44
Cell1053	1	3	53	51
Cell1054	1	3	20	12
Cell1055	1	11	54	27
Cell1056	1	12	51	53
Cell1057	1	9	63	56
Cell1058	1	2	39	62
Cell1059	1	2	62	52
Cell1060	1	1	45	53
Cell1061	1	5	38	15
Cell1064	1	1	50	62
Cell1065	1	7	2	35
Cell1066	1	11	61	26
Cell1067	1	10	32	28
Cell1068	1	8	40	41
Cell1069	1	6	60	17
Cell1070	1	12	51	13
Cell1071	1	1	5	46
Cell1072	1	1	14	53
Cell1073	1	8	24	29
Cell1074	1	1	6	31
Cell1075	1	8	49	55
Cell1076	1	14	8	56
Cell1077	1	10	23	51
Cell1078	1	15	7	54
Cell1079	1	2	37	28
Cell1080	1	12	51	13
Cell1081	1	3	3	55
Cell1082	1	15	7	54
Cell1083	1	6	31	6
Cell1084	1	8	25	23
Cell1085	1	11	43	19
Cell1086	1	2	19	10
Cell1087	1	5	38	20
Cell1089	1	4	9	19
Cell1090	1	10	32	27
Cell1091	1	9	61	33
Cell1092	1	13	13	10
Cell1093	1	4	42	58
Cell1094	1	10	23	51
Cell1095	1	8	40	12
Cell1097	1	8	25	61
Cell1098	1	12	51	13
Cell1099	1	6	60	32
Cell1100	1	6	17	6
Cell1101	1	11	43	45
Cell1102	1	7	2	3
Cell1103	1	7	47	27
Cell1104	1	5	38	42
Cell1105	1	6	60	17
Cell1106	1	4	26	47
Cell1107	1	5	36	17
Cell1108	1	2	29	25
Cell1109	1	20	58	41
Cell1110	1	1	5	32
Cell1111	1	8	25	61
Cell1112	1	1	50	23
Cell1113	1	3	20	4
Cell1114	1	10	32	15
Cell1115	1	2	29	25
Cell1116	1	14	21	48
Cell1117	1	19	56	39
Cell1118	1	14	8	43
Cell1119	1	3	53	30
Cell1120	1	16	57	49
Cell1122	1	18	34	8
Cell1123	1	1	6	5
Cell1124	1	8	25	12
Cell1126	1	7	1	4
Cell1127	1	18	34	8
Cell1128	1	13	33	16
Cell1129	1	1	52	51
Cell1130	1	8	40	44
Cell1131	1	6	60	17
Cell1132	1	6	44	17
Cell1133	1	12	51	13
Cell1134	1	21	12	11
Cell1135	1	9	18	30
Cell1136	1	11	54	12
Cell1139	1	8	40	4
Cell1140	1	6	17	6
Cell1141	1	2	29	37
Cell1142	1	6	60	36
Cell1143	1	6	60	37
Cell1144	1	5	24	10
Cell1145	1	9	4	34
Cell1146	1	2	19	53
Cell1147	1	5	24	32
Cell1148	1	1	50	1
Cell1149	1	3	64	59
Cell1150	1	4	26	47
Cell1151	1	7	27	18
Cell1152	1	11	43	40
Cell1153	1	3	3	55
Cell1154	1	12	51	57
Cell1155	1	1	52	1
Cell1156	1	19	56	39
Cell1157	1	21	28	11
Cell1158	1	2	39	50
Cell1159	1	8	24	60
Cell1160	1	5	36	60
Cell1161	1	20	58	41
Cell1162	1	5	38	55
Cell1163	1	14	21	48
Cell1164	1	11	1	40
Cell1165	1	5	38	42
Cell1166	1	3	53	47
Cell1167	1	8	20	55
Cell1168	1	4	50	15
Cell1169	1	14	21	29
Cell1170	1	12	6	46
Cell1171	1	9	4	34
Cell1173	1	6	11	64
Cell1174	1	8	49	1
Cell1175	1	3	3	50
Cell1176	1	6	11	3
Cell1177	1	20	58	41
Cell1178	1	18	34	8
Cell1179	1	19	56	39
Cell1180	1	7	27	18
Cell1181	1	14	8	22
Cell1182	1	11	43	14
Cell1184	1	5	10	42
Cell1185	1	14	21	48
Cell1186	1	9	30	34
Cell1187	1	4	9	19
Cell1188	1	1	5	40
Cell1189	1	17	55	63
Cell1190	1	3	53	29
Cell1191	1	2	19	27
Cell1192	1	2	39	4
Cell1194	1	1	6	1
Cell1195	1	14	8	36
Cell1196	1	21	28	11
Cell1197	1	7	2	38
Cell1198	1	6	60	36
Cell1199	1	14	21	48
Cell1200	1	18	34	8
Cell1201	1	15	7	54
Cell1202	1	5	24	29
Cell1203	1	4	43	47
Cell1204	1	7	1	3
Cell1205	1	10	23	57
Cell1206	1	1	6	1
Cell1207	1	6	11	64
Cell1208	1	3	53	15
Cell1209	1	2	37	10
Cell1210	1	2	29	25
Cell1211	1	18	14	8
Cell1212	1	3	20	24
Cell1213	1	5	24	58
Cell1214	1	8	40	2
Cell1215	1	6	44	23
Cell1216	1	2	22	25
Cell1217	1	6	17	6
Cell1218	1	3	3	22
Cell1219	1	20	58	38
Cell1220	1	11	43	40
Cell1221	1	4	10	38
Cell1222	1	17	55	63
Cell1223	1	20	34	41
Cell1224	1	6	17	6
Cell1225	1	4	50	42
Cell1226	1	4	26	40
Cell1227	1	6	60	36
Cell1228	1	5	38	42
Cell1229	1	11	61	30
Cell1230	1	7	12	43
Cell1231	1	15	7	54
Cell1232	1	5	36	29
Cell1233	1	9	4	34
Cell1234	1	3	20	24
Cell1235	1	2	37	62
Cell1238	1	8	49	12
Cell1239	1	19	56	52
Cell1240	1	1	45	37
Cell1241	1	3	64	50
Cell1242	1	5	24	60
Cell1243	1	9	4	34
Cell1244	1	3	3	32
Cell1245	1	1	14	53
Cell1246	1	10	44	17
Cell1247	1	1	6	51
Cell1248	1	9	18	33
Cell1249	1	8	25	61
Cell1250	1	13	33	16
Cell1251	1	11	43	40
Cell1252	1	6	31	6
Cell1254	1	11	54	35
Cell1256	1	4	9	47
Cell1257	1	3	3	50
Cell1258	1	7	27	3
Cell1259	1	11	54	26
Cell1260	1	19	56	39
Cell1261	1	6	44	58
Cell1262	1	6	44	9
Cell1263	1	2	37	58
Cell1264	1	4	9	9
Cell1265	1	5	38	2
Cell1266	1	3	3	12
Cell1267	1	5	24	55
Cell1268	1	15	7	54
Cell1269	1	9	4	34
Cell1270	1	10	23	51
Cell1271	1	18	34	8
Cell1272	1	9	18	33
Cell1273	1	4	50	20
Cell1274	1	14	21	48
Cell1275	1	12	32	7
Cell1276	1	5	24	12
Cell1277	1	10	32	3
Cell1278	1	3	64	59
Cell1279	1	2	39	4
Cell1280	1	3	3	2
Cell1281	1	13	13	16
Cell1282	1	10	32	7
Cell1283	1	1	52	31
Cell1284	1	4	10	60
Cell1285	1	5	15	60
Cell1286	1	6	11	2
Cell1287	1	11	54	61
Cell1288	1	14	21	48
Cell1289	1	4	42	2
Cell1290	1	10	23	51
Cell1292	1	8	49	9
Cell1293	1	4	10	62
Cell1294	1	1	5	37
Cell1295	1	1	52	53
Cell1296	1	9	4	34
Cell1297	1	11	54	59
Cell1298	1	3	20	24
Cell1299	1	7	27	18
Cell1300	1	1	50	46
Cell1301	1	13	13	10
Cell1302	1	19	56	39
Cell1303	1	4	50	21
Cell1304	1	7	2	27
Cell1305	1	11	43	20
Cell1306	1	1	45	23
Cell1307	1	20	58	41
Cell1308	1	5	15	32
Cell1309	1	3	53	50
Cell1310	1	11	64	59
Cell1311	1	1	5	1
Cell1312	1	15	7	43
Cell1314	1	8	40	44
Cell1315	1	7	27	27
Cell1316	1	9	18	61
Cell1317	1	7	47	14
Cell1318	1	1	5	37
Cell1319	1	3	53	50
Cell1320	1	3	38	42
Cell1321	1	21	28	11
Cell1322	1	6	17	6
Cell1323	1	2	29	45
Cell1324	1	4	9	47
Cell1326	1	5	15	40
Cell1327	1	7	2	45
Cell1329	1	18	34	8
Cell1330	1	2	39	10
Cell1331	1	8	40	44
Cell1332	1	3	53	50
Cell1333	1	21	12	11
Cell1334	1	3	64	59
Cell1336	1	21	28	11
Cell1337	1	19	56	62
Cell1338	1	5	36	55
Cell1339	1	7	27	18
Cell1340	1	3	20	24
Cell1341	1	13	13	10
Cell1342	1	6	31	36
Cell1343	1	13	33	30
Cell1344	1	10	32	27
Cell1345	1	7	2	47
Cell1346	1	2	62	58
Cell1348	1	9	18	33
Cell1350	1	5	10	62
Cell1351	1	2	22	25
Cell1352	1	12	51	13
Cell1353	1	16	57	49
Cell1354	1	7	27	28
Cell1355	1	5	15	60
Cell1356	1	11	54	29
Cell1357	1	2	22	25
Cell1358	1	2	22	35
Cell1359	1	4	50	53
Cell1360	1	2	37	58
Cell1361	1	4	46	14
Cell1362	1	1	45	31
Cell1363	1	12	6	10
Cell1364	1	5	15	21
Cell1365	1	12	51	13
Cell1366	1	5	10	42
Cell1367	1	6	60	36
Cell1368	1	4	50	9
Cell1369	1	7	61	29
Cell1370	1	5	10	15
Cell1371	1	11	43	56
Cell1372	1	8	25	12
Cell1373	1	4	43	28
Cell1374	1	20	58	41
Cell1375	1	11	54	26
Cell1376	1	5	10	2
Cell1377	1	9	18	33
Cell1379	1	1	6	1
Cell1380	1	6	11	64
Cell1381	1	9	18	33
Cell1382	1	3	64	50
Cell1383	1	8	49	9
Cell1384	1	17	55	63
Cell1385	1	3	53	50
Cell1386	1	11	54	26
Cell1387	1	21	12	11
Cell1388	1	17	55	63
Cell1389	1	6	31	9
Cell1390	1	11	43	27
Cell1391	1	1	52	41
Cell1392	1	15	7	54
Cell1393	1	16	48	49
Cell1394	1	6	60	36
Cell1395	1	5	24	60
Cell1396	1	3	64	61
Cell1397	1	6	17	6
Cell1398	1	2	37	4
Cell1399	1	8	40	44
Cell1400	1	10	23	51
Cell1401	1	5	10	60
Cell1402	1	7	27	28
Cell1403	1	10	15	5
Cell1404	1	2	47	27
Cell1405	1	11	54	56
Cell1406	1	8	49	29
Cell1407	1	1	5	46
Cell1408	1	10	23	51
Cell1409	1	1	52	20
Cell1410	1	2	22	45
Cell1411	1	1	45	62
Cell1412	1	12	51	41
Cell1413	1	8	25	4
Cell1414	1	9	18	33
Cell1415	1	2	19	32
Cell1416	1	3	3	55
Cell1417	1	3	53	50
Cell1418	1	7	27	18
Cell1419	1	2	19	52
Cell1420	1	4	9	47
Cell1421	1	7	27	18
Cell1422	1	7	61	22
Cell1423	1	15	7	54
Cell1424	1	1	52	5
Cell1425	1	8	49	12
Cell1426	1	9	18	33
Cell1427	1	4	46	9
Cell1428	1	9	18	33
Cell1429	1	2	37	62
Cell1430	1	10	32	3
Cell1431	1	16	48	49
Cell1432	1	6	17	6
Cell1433	1	8	25	59
Cell1434	1	3	20	24
Cell1435	1	7	2	43
Cell1436	1	1	45	53
Cell1437	1	2	62	4
Cell1438	1	12	32	23
Cell1439	1	3	53	47
Cell1440	1	1	50	53
Cell1442	1	17	55	63
Cell1443	1	5	36	9
Cell1444	1	5	24	55
Cell1445	1	1	52	31
Cell1447	1	5	6	15
Cell1448	1	17	55	63
Cell1449	1	8	25	61
Cell1450	1	5	15	40
Cell1452	1	4	42	18
Cell1453	1	4	46	47
Cell1454	1	7	2	35
Cell1455	1	17	55	63
Cell1456	1	1	52	37
Cell1457	1	14	21	48
Cell1458	1	5	38	42
Cell1459	1	1	5	5
Cell1460	1	7	1	27
Cell1461	1	9	30	34
Cell1462	1	5	10	38
Cell1463	1	9	18	37
Cell1464	1	16	48	49
Cell1465	1	1	45	56
Cell1468	1	14	21	48
Cell1469	1	6	11	36
Cell1470	1	2	22	45
Cell1472	1	10	23	57
Cell1473	1	6	41	63
Cell1474	1	13	13	10
Cell1475	1	2	37	4
Cell1476	1	14	21	48
Cell1477	1	6	60	36
Cell1478	1	17	55	63
Cell1479	1	1	52	35
Cell1480	1	7	1	20
Cell1481	1	1	5	5
Cell1482	1	4	10	58
Cell1483	1	7	47	9
Cell1484	1	18	34	8
Cell1485	1	8	40	43
Cell1486	1	4	26	37
Cell1487	1	10	32	51
Cell1488	1	16	57	49
Cell1489	1	7	27	18
Cell1490	1	10	23	51
Cell1491	1	18	34	8
Cell1492	1	10	32	57
Cell1493	1	12	51	9
Cell1494	1	19	29	25
Cell1495	1	4	42	64
Cell1496	1	9	4	34
Cell1497	1	5	36	1
Cell1498	1	4	50	21
Cell1499	1	1	14	41
Cell1500	1	7	9	28
Cell1501	1	15	7	54
Cell1502	1	4	46	29
Cell1503	1	11	54	12
Cell1504	1	14	21	28
Cell1505	1	7	47	3
Cell1506	1	6	17	43
Cell1507	1	2	39	30
Cell1508	1	6	11	64
Cell1509	1	3	64	15
Cell1510	1	8	25	12
Cell1512	1	8	25	27
Cell1513	1	2	37	58
Cell1514	1	18	34	8
Cell1515	1	7	61	64
Cell1516	1	11	54	59
Cell1517	1	21	12	2
Cell1518	1	3	53	47
Cell1519	1	11	43	19
Cell1520	1	10	23	51
Cell1521	1	5	38	15
Cell1522	1	7	27	18
Cell1523	1	1	5	62
Cell1524	1	5	10	38
Cell1525	1	5	36	38
Cell1526	1	7	1	19
Cell1528	1	16	35	49
Cell1529	1	4	9	20
Cell1530	1	19	56	39
Cell1531	1	6	60	36
Cell1532	1	3	20	52
Cell1533	1	3	53	43
Cell1534	1	12	51	37
Cell1535	1	3	64	50
Cell1536	1	3	53	47
Cell1537	1	2	37	24
Cell1538	1	16	57	49
Cell1539	1	8	40	12
Cell1540	1	11	54	61
Cell1541	1	2	22	56
Cell1543	1	12	51	7
Cell1544	1	3	3	15
Cell1545	1	14	21	48
Cell1546	1	7	1	3
Cell1547	1	1	45	37
Cell1548	1	8	40	10
Cell1549	1	7	1	19
Cell1550	1	1	45	31
Cell1551	1	7	2	22
Cell1552	1	2	29	25
Cell1553	1	1	5	28
Cell1554	1	9	4	34
Cell1555	1	10	32	17
Cell1556	1	14	21	2
Cell1557	1	12	6	37
Cell1558	1	4	9	14
Cell1559	1	6	31	6
Cell1560	1	7	2	26
Cell1561	1	6	44	22
Cell1562	1	21	28	11
Cell1563	1	12	32	17
Cell1564	1	2	19	25
Cell1565	1	6	44	64
Cell1566	1	9	4	34
Cell1567	1	4	42	14
Cell1568	1	1	5	1
Cell1569	1	13	13	16
Cell1570	1	3	64	59
Cell1571	1	4	43	38
Cell1572	1	15	7	43
Cell1573	1	17	55	63
Cell1574	1	19	56	39
Cell1575	1	4	26	37
Cell1576	1	3	3	50
Cell1577	1	16	35	49
Cell1578	1	11	54	27
Cell1580	1	20	58	7
Cell1582	1	14	8	27
Cell1583	1	1	52	7
Cell1584	1	14	21	48
Cell1585	1	12	60	17
Cell1586	1	11	43	19
Cell1587	1	17	55	63
Cell1588	1	21	28	11
Cell1589	1	2	29	25
Cell1590	1	12	51	37
Cell1591	1	1	5	58
Cell1592	1	4	10	37
Cell1593	1	19	56	39
Cell1595	1	1	52	31
Cell1596	1	15	7	9
Cell1597	1	1	14	4
Cell1598	1	11	54	26
Cell1599	1	13	33	16
Cell1600	1	15	7	54
Cell1601	1	13	13	45
Cell1602	1	3	20	26
Cell1603	1	1	52	46
Cell1604	1	4	42	21
Cell1605	1	5	36	46
Cell1606	1	3	64	59
Cell1607	1	12	51	13
Cell1608	1	3	53	50
Cell1609	1	17	55	63
Cell1610	1	8	25	61
Cell1611	1	6	60	36
Cell1612	1	1	50	46
Cell1613	1	4	42	38
Cell1614	1	17	55	63
Cell1615	1	2	37	58
Cell1616	1	12	51	13
Cell1618	1	13	13	37
Cell1619	1	3	20	24
Cell1620	1	12	32	17
Cell1621	1	3	20	50
Cell1622	1	3	64	26
Cell1623	1	18	34	8
Cell1624	1	14	21	56
Cell1626	1	4	9	28
Cell1627	1	10	32	51
Cell1628	1	10	15	7
Cell1629	1	15	7	54
Cell1630	1	9	4	34
Cell1631	1	4	42	38
Cell1632	1	1	52	1
Cell1633	1	2	37	4
Cell1635	1	11	61	26
Cell1636	1	6	11	64
Cell1637	1	3	3	24
Cell1638	1	4	46	40
Cell1639	1	1	6	56
Cell1640	1	8	40	44
Cell1641	1	3	3	24
Cell1642	1	15	7	54
Cell1643	1	10	32	42
Cell1644	1	4	42	38
Cell1645	1	1	52	20
Cell1646	1	21	12	11
Cell1647	1	8	40	44
Cell1648	1	9	18	26
Cell1649	1	12	51	13
Cell1650	1	3	53	50
Cell1651	1	2	39	24
Cell1652	1	4	42	62
Cell1653	1	4	26	15
Cell1654	1	5	38	2
Cell1655	1	2	37	62
Cell1656	1	21	12	43
Cell1657	1	2	19	52
Cell1658	1	1	5	46
Cell1659	1	8	40	44
Cell1661	1	8	40	46
Cell1662	1	5	36	30
Cell1664	1	2	22	25
Cell1665	1	14	21	48
Cell1666	1	4	10	29
Cell1667	1	2	39	62
Cell1668	1	7	1	20
Cell1669	1	13	13	52
Cell1670	1	3	64	12
Cell1671	1	10	23	21
Cell1672	1	18	14	8
Cell1673	1	3	53	29
Cell1674	1	1	5	46
Cell1675	1	1	45	53
Cell1676	1	8	40	44
Cell1677	1	8	40	44
Cell1678	1	18	34	8
Cell1679	1	20	58	41
Cell1680	1	8	25	61
Cell1681	1	6	11	64
Cell1682	1	8	25	12
Cell1683	1	1	5	1
Cell1684	1	6	17	6
Cell1685	1	2	29	10
Cell1686	1	17	55	63
Cell1687	1	3	3	28
Cell1688	1	2	19	4
Cell1689	1	8	40	44
Cell1690	1	14	21	48
Cell1691	1	1	52	35
Cell1692	1	2	39	62
Cell1693	1	16	35	49
Cell1694	1	17	41	17
Cell1695	1	5	15	20
Cell1696	1	7	27	18
Cell1697	1	6	17	6
Cell1698	1	5	15	3
Cell1699	1	7	27	27
Cell1700	1	4	9	40
Cell1701	1	4	42	2
Cell1702	1	3	20	45
Cell1703	1	10	44	20
Cell1704	1	5	38	2
Cell1705	1	3	3	12
Cell1706	1	7	47	43
Cell1707	1	2	62	45
Cell1708	1	11	43	19
Cell1709	1	5	24	10
Cell1710	1	15	7	54
Cell1711	1	5	15	51
Cell1712	1	6	31	6
Cell1713	1	11	26	40
Cell1714	1	15	7	54
Cell1715	1	18	34	28
Cell1716	1	8	40	44
Cell1717	1	15	7	54
Cell1718	1	9	61	12
Cell1719	1	7	27	18
Cell1720	1	15	7	9
Cell1721	1	21	28	11
Cell1722	1	4	39	32
Cell1723	1	6	44	2
Cell1724	1	3	3	55
Cell1725	1	6	60	36
Cell1726	1	11	26	47
Cell1727	1	10	32	57
Cell1728	1	14	8	20
Cell1729	1	1	50	62
Cell1730	1	1	6	1
Cell1731	1	11	43	26
Cell1732	1	19	56	39
Cell1735	1	14	21	48
Cell1736	1	12	8	17
Cell1737	1	4	50	30
Cell1738	1	4	10	22
Cell1739	1	5	24	14
Cell1740	1	11	54	26
Cell1741	1	19	56	39
Cell1742	1	5	24	23
Cell1743	1	3	64	59
Cell1744	1	1	5	20
Cell1745	1	1	6	46
Cell1746	1	18	14	53
Cell1747	1	14	21	48
Cell1748	1	21	28	11
Cell1749	1	8	25	61
Cell1750	1	10	32	57
Cell1751	1	3	20	24
Cell1752	1	4	42	38
Cell1753	1	3	20	24
Cell1754	1	8	40	57
Cell1755	1	6	17	6
Cell1756	1	7	27	18
Cell1757	1	13	33	16
Cell1758	1	6	31	57
Cell1759	1	4	26	15
Cell1760	1	3	20	50
Cell1761	1	13	33	16
Cell1762	1	6	17	3
Cell1763	1	6	31	3
Cell1764	1	7	1	37
Cell1765	1	5	36	38
Cell1766	1	2	29	25
Cell1767	1	8	25	50
Cell1768	1	1	6	23
Cell1769	1	8	25	61
Cell1770	1	4	37	29
Cell1771	1	6	31	23
Cell1772	1	2	19	45
Cell1773	1	17	41	63
Cell1774	1	9	18	33
Cell1775	1	2	19	32
Cell1776	1	7	1	19
Cell1777	1	4	9	37
Cell1778	1	20	58	41
Cell1779	1	3	46	14
Cell1780	1	3	24	55
Cell1781	1	4	46	47
Cell1782	1	5	15	60
Cell1783	1	1	50	22
Cell1784	1	3	53	50
Cell1785	1	4	42	38
Cell1787	1	5	36	9
Cell1788	1	2	62	45
Cell1789	1	1	5	46
Cell1790	1	15	7	54
Cell1791	1	2	62	45
Cell1792	1	6	17	6
Cell1793	1	3	3	55
Cell1794	1	6	11	64
Cell1795	1	4	42	38
Cell1797	1	9	30	2
Cell1798	1	6	17	6
Cell1799	1	7	27	18
Cell1800	1	5	24	60
Cell1801	1	5	38	4
Cell1802	1	11	61	40
Cell1803	1	6	44	23
Cell1804	1	15	7	54
Cell1805	1	11	26	47
Cell1806	1	1	5	21
Cell1807	1	1	6	51
Cell1808	1	9	30	62
Cell1810	1	9	18	33
Cell1811	1	20	58	41
Cell1812	1	4	9	19
Cell1813	1	8	25	61
Cell1814	1	12	51	7
Cell1815	1	10	23	57
Cell1816	1	5	5	22
Cell1817	1	2	29	25
Cell1818	1	15	7	54
Cell1820	1	4	42	21
Cell1821	1	6	11	64
Cell1822	1	9	61	33
Cell1823	1	20	58	28
Cell1824	1	8	49	2
Cell1825	1	4	46	47
Cell1826	1	12	51	13
Cell1827	1	17	55	63
Cell1828	1	1	52	31
Cell1829	1	18	34	8
Cell1830	1	6	60	23
Cell1831	1	3	3	14
Cell1832	1	19	56	4
Cell1833	1	8	40	44
Cell1835	1	21	28	11
Cell1836	1	10	23	51
Cell1838	1	5	38	42
Cell1839	1	14	21	48
Cell1840	1	2	62	52
Cell1841	1	4	50	31
Cell1842	1	1	5	5
Cell1843	1	3	20	24
Cell1844	1	11	43	38
Cell1845	1	12	32	13
Cell1846	1	7	27	18
Cell1847	1	18	34	8
Cell1848	1	1	5	22
Cell1849	1	16	35	49
Cell1850	1	1	14	55
Cell1851	1	13	33	16
Cell1852	1	4	50	38
Cell1853	1	1	52	31
Cell1854	1	4	10	5
Cell1855	1	16	16	49
Cell1856	1	12	51	13
Cell1857	1	1	6	17
Cell1858	1	11	61	14
Cell1859	1	9	18	33
Cell1860	1	12	51	13
Cell1861	1	12	51	13
Cell1862	1	4	42	38
Cell1863	1	11	26	40
Cell1864	1	2	39	4
Cell1865	1	8	25	61
Cell1866	1	5	24	55
Cell1867	1	10	32	51
Cell1868	1	17	41	63
Cell1869	1	6	31	36
Cell1870	1	7	27	18
Cell1871	1	9	63	32
Cell1872	1	14	21	48
Cell1873	1	13	33	16
Cell1874	1	10	32	20
Cell1875	1	8	40	44
Cell1876	1	2	39	62
Cell1877	1	11	43	47
Cell1878	1	3	20	55
Cell1879	1	13	33	16
Cell1880	1	2	62	52
Cell1881	1	3	3	60
Cell1883	1	10	23	57
Cell1884	1	21	28	11
Cell1885	1	7	2	56
Cell1886	1	1	45	53
Cell1887	1	12	51	13
Cell1888	1	7	27	3
Cell1889	1	10	23	51
Cell1890	1	19	56	39
Cell1891	1	4	42	14
Cell1892	1	12	8	23
Cell1893	1	12	60	17
Cell1894	1	2	19	45
Cell1895	1	8	40	44
Cell1896	1	17	41	58
Cell1897	1	4	46	42
Cell1898	1	3	3	29
Cell1899	1	15	7	54
Cell1900	1	10	44	7
Cell1901	1	5	38	56
Cell1902	1	13	13	10
Cell1903	1	12	51	13
Cell1904	1	11	26	43
Cell1905	1	14	21	48
Cell1906	1	7	27	28
Cell1907	1	21	12	11
Cell1908	1	7	1	19
Cell1909	1	5	38	42
Cell1912	1	21	28	11
Cell1913	1	5	15	9
Cell1914	1	10	32	51
Cell1915	1	5	15	50
Cell1916	1	5	36	42
Cell1917	1	1	6	38
Cell1918	1	3	26	15
Cell1919	1	9	18	62
Cell1921	1	9	30	62
Cell1922	1	6	17	6
Cell1923	1	5	10	2
Cell1924	1	10	32	51
Cell1925	1	5	38	42
Cell1926	1	6	60	17
Cell1927	1	3	64	50
Cell1928	1	2	39	62
Cell1929	1	13	13	16
Cell1930	1	2	19	3
Cell1931	1	11	43	14
Cell1932	1	8	25	12
Cell1933	1	2	29	25
Cell1934	1	1	52	53
Cell1936	1	12	6	7
Cell1937	1	10	23	51
Cell1938	1	4	37	62
Cell1939	1	21	28	11
Cell1940	1	7	27	18
Cell1941	1	2	19	4
Cell1942	1	3	20	58
Cell1943	1	2	19	10
Cell1944	1	18	14	8
Cell1945	1	8	40	44
Cell1946	1	7	27	27
Cell1947	1	3	3	9
Cell1948	1	10	23	51
Cell1949	1	5	10	42
Cell1950	1	1	45	32
Cell1951	1	2	39	29
Cell1952	1	7	2	45
Cell1953	1	6	44	32
Cell1955	1	14	21	48
Cell1956	1	4	39	52
Cell1958	1	1	45	30
Cell1959	1	1	5	21
Cell1960	1	4	42	30
Cell1961	1	7	1	9
Cell1962	1	9	30	62
Cell1964	1	13	33	16
Cell1965	1	1	6	1
Cell1966	1	1	14	37
Cell1968	1	7	2	47
Cell1969	1	6	11	64
Cell1970	1	10	23	61
Cell1971	1	5	10	42
Cell1972	1	2	39	10
Cell1973	1	6	17	6
Cell1974	1	13	33	10
Cell1975	1	9	18	27
Cell1976	1	12	51	13
Cell1977	1	13	33	16
Cell1978	1	16	57	49
Cell1979	1	20	58	41
Cell1980	1	19	56	25
Cell1981	1	8	25	61
Cell1982	1	2	22	25
Cell1983	1	19	56	39
Cell1984	1	6	11	64
Cell1985	1	1	6	45
Cell1986	1	8	40	44
Cell1987	1	10	32	51
Cell1988	1	7	27	3
Cell1989	1	1	45	53
Cell1990	1	5	36	23
Cell1991	1	6	11	3
Cell1992	1	4	10	21
Cell1993	1	17	55	2
Cell1994	1	13	13	10
Cell1995	1	20	58	41
Cell1996	1	1	6	57
Cell1997	1	7	27	18
Cell1998	1	15	7	54
Cell1999	1	9	30	34
Cell2000	1	6	31	23
Cell2001	1	10	32	4
Cell2002	1	4	46	30
Cell2003	1	14	21	48
Cell2004	1	4	9	10
Cell2005	1	8	25	61
Cell2006	1	10	23	9
Cell2007	1	3	38	59
Cell2008	1	15	7	54
Cell2009	1	21	28	11
Cell2010	1	7	27	27
Cell2011	1	2	22	25
Cell2012	1	7	27	18
Cell2013	1	12	51	13
Cell2014	1	1	6	1
Cell2015	1	17	41	63
Cell2016	1	11	61	26
Cell2017	1	12	51	13
Cell2018	1	3	20	42
Cell2019	1	16	35	49
Cell2020	1	3	20	24
Cell2021	1	4	10	2
Cell2022	1	2	19	35
Cell2023	1	14	21	48
Cell2024	1	12	51	13
Cell2025	1	8	40	57
Cell2026	1	14	21	48
Cell2027	1	2	19	52
Cell2028	1	8	25	61
Cell2029	1	18	34	8
Cell2030	1	7	47	3
Cell2031	1	5	10	42
Cell2032	1	8	40	44
Cell2033	1	21	28	11
Cell2034	1	9	18	22
Cell2035	1	6	31	23
Cell2036	1	16	35	49
Cell2037	1	7	2	37
Cell2038	1	17	41	63
Cell2039	1	11	54	2
Cell2040	1	11	26	28
Cell2041	1	12	51	28
Cell2042	1	8	40	44
Cell2043	1	7	1	56
Cell2044	1	3	53	50
Cell2045	1	2	19	32
Cell2046	1	10	23	57
Cell2047	1	1	52	31
Cell2048	1	3	64	59
Cell2049	1	8	25	61
Cell2050	1	8	49	21
Cell2051	1	3	53	50
Cell2053	1	18	14	45
Cell2054	1	21	12	11
Cell2055	1	6	17	6
Cell2056	1	3	64	59
Cell2057	1	12	51	13
Cell2058	1	15	7	43
Cell2059	1	4	46	14
Cell2060	1	11	43	21
Cell2061	1	3	64	59
Cell2062	1	8	40	51
Cell2063	1	5	24	55
Cell2064	1	14	21	48
Cell2065	1	5	38	32
Cell2066	1	1	45	18
Cell2067	1	2	22	52
Cell2068	1	14	8	2
Cell2069	1	7	9	35
Cell2070	1	11	43	47
Cell2071	1	6	60	23
Cell2072	1	7	27	18
Cell2073	1	13	33	16
Cell2074	1	4	9	35
Cell2075	1	19	56	39
Cell2076	1	5	15	4
Cell2077	1	12	6	31
Cell2079	1	5	38	40
Cell2080	1	6	60	17
Cell2081	1	16	16	49
Cell2082	1	6	8	22
Cell2083	1	1	5	1
Cell2084	1	2	37	58
Cell2085	1	1	52	31
Cell2086	1	10	32	51
Cell2087	1	6	41	63
Cell2088	1	6	60	23
Cell2089	1	17	55	63
Cell2090	1	1	5	7
Cell2091	1	1	52	5
Cell2092	1	7	47	35
Cell2093	1	19	56	39
Cell2094	1	8	49	44
Cell2095	1	11	43	35
Cell2097	1	5	24	4
Cell2098	1	7	1	45
Cell2099	1	2	62	21
Cell2100	1	1	5	1
Cell2101	1	1	6	1
Cell2102	1	6	31	23
Cell2103	1	6	11	2
Cell2104	1	8	40	44
Cell2105	1	4	46	47
Cell2106	1	9	4	34
Cell2107	1	9	63	15
Cell2108	1	7	2	3
Cell2109	1	3	64	59
Cell2110	1	11	54	26
Cell2111	1	1	52	55
Cell2112	1	8	49	12
Cell2113	1	7	2	43
Cell2114	1	3	20	50
Cell2115	1	13	33	16
Cell2116	1	11	54	26
Cell2119	1	2	62	4
Cell2120	1	2	22	52
Cell2121	1	11	43	26
Cell2122	1	12	51	13
Cell2123	1	4	10	38
Cell2124	1	5	15	57
Cell2125	1	6	11	12
Cell2126	1	4	46	10
Cell2127	1	9	4	2
Cell2128	1	3	64	50
Cell2129	1	17	55	63
Cell2130	1	9	30	32
Cell2131	1	17	55	63
Cell2132	1	14	21	48
Cell2133	1	1	5	19
Cell2134	1	2	62	52
Cell2135	1	1	45	21
Cell2136	1	10	32	51
Cell2137	1	13	33	50
Cell2138	1	8	40	44
Cell2139	1	9	4	34
Cell2140	1	4	9	38
Cell2141	1	11	43	14
Cell2142	1	5	15	57
Cell2143	1	4	38	2
Cell2144	1	2	29	25
Cell2145	1	3	20	24
Cell2146	1	5	10	42
Cell2147	1	5	36	60
Cell2148	1	1	14	10
Cell2150	1	20	58	57
Cell2151	1	21	28	11
Cell2152	1	3	3	15
Cell2153	1	7	2	43
Cell2154	1	4	46	22
Cell2156	1	20	58	41
Cell2157	1	11	43	35
Cell2158	1	10	23	41
Cell2160	1	2	39	60
Cell2161	1	9	18	33
Cell2162	1	12	51	7
Cell2163	1	6	17	6
Cell2164	1	2	19	22
Cell2165	1	10	23	51
Cell2166	1	6	60	36
Cell2167	1	18	34	8
Cell2168	1	7	9	19
Cell2169	1	13	13	45
Cell2170	1	4	46	14
Cell2171	1	4	9	2
Cell2172	1	19	56	39
Cell2173	1	10	32	22
Cell2174	1	19	56	39
Cell2175	1	7	2	27
Cell2176	1	20	58	41
Cell2177	1	9	4	34
Cell2178	1	2	19	9
Cell2179	1	20	58	41
Cell2180	1	1	5	1
Cell2181	1	15	7	54
Cell2183	1	2	39	37
Cell2184	1	19	56	39
Cell2185	1	20	58	43
Cell2186	1	10	23	57
Cell2187	1	5	36	7
Cell2188	1	21	12	4
Cell2189	1	19	56	39
Cell2190	1	3	64	59
Cell2191	1	2	37	22
Cell2192	1	3	3	60
Cell2193	1	1	45	62
Cell2194	1	14	21	8
Cell2195	1	1	5	5
Cell2196	1	8	49	40
Cell2197	1	5	38	29
Cell2198	1	3	38	56
Cell2199	1	16	16	49
Cell2200	1	5	15	43
Cell2201	1	1	52	31
Cell2202	1	12	51	13
Cell2203	1	1	5	5
Cell2204	1	3	64	12
Cell2205	1	15	7	54
Cell2206	1	5	15	22
Cell2207	1	2	37	4
Cell2208	1	2	62	52
Cell2209	1	4	26	22
Cell2210	1	1	52	31
Cell2211	1	8	40	61
Cell2212	1	10	32	4
Cell2213	1	3	20	24
Cell2215	1	7	27	18
Cell2216	1	9	30	34
Cell2217	1	10	32	57
Cell2218	1	5	38	58
Cell2219	1	10	32	23
Cell2220	1	1	6	1
Cell2221	1	12	51	13
Cell2222	1	20	58	41
Cell2223	1	5	15	22
Cell2224	1	1	6	1
Cell2225	1	3	53	3
Cell2226	1	8	24	55
Cell2227	1	8	40	44
Cell2228	1	7	27	18
Cell2229	1	3	3	29
Cell2230	1	5	36	5
Cell2231	1	14	21	2
Cell2232	1	3	64	59
Cell2233	1	8	40	44
Cell2234	1	20	58	41
Cell2235	1	14	21	48
Cell2236	1	20	58	41
Cell2237	1	8	25	35
Cell2238	1	6	31	46
Cell2239	1	3	53	15
Cell2240	1	9	61	62
Cell2241	1	3	20	61
Cell2242	1	11	61	26
Cell2243	1	9	61	30
Cell2244	1	4	50	62
Cell2245	1	9	30	34
Cell2247	1	1	5	37
Cell2248	1	9	18	2
Cell2249	1	8	40	44
Cell2250	1	5	15	28
Cell2251	1	2	29	25
Cell2252	1	5	10	42
Cell2253	1	8	25	4
Cell2254	1	3	20	24
Cell2255	1	4	10	40
Cell2256	1	8	40	44
Cell2257	1	16	16	49
Cell2258	1	14	21	48
Cell2259	1	3	53	50
Cell2260	1	2	47	3
Cell2261	1	8	40	12
Cell2262	1	7	27	18
Cell2263	1	15	7	54
Cell2264	1	3	64	50
Cell2265	1	12	51	13
Cell2266	1	2	39	24
Cell2267	1	6	11	64
Cell2268	1	16	35	49
Cell2269	1	11	43	19
Cell2270	1	1	45	53
Cell2271	1	17	55	63
Cell2272	1	8	25	27
Cell2273	1	5	24	50
Cell2274	1	7	27	18
Cell2275	1	21	28	11
Cell2276	1	10	44	17
Cell2277	1	8	49	32
Cell2278	1	14	21	48
Cell2279	1	8	49	15
Cell2280	1	7	27	18
Cell2281	1	16	57	49
Cell2282	1	4	39	32
Cell2283	1	9	30	34
Cell2284	1	4	46	47
Cell2285	1	8	40	44
Cell2286	1	1	14	53
Cell2287	1	8	49	30
Cell2288	1	4	26	47
Cell2289	1	2	37	4
Cell2290	1	13	33	10
Cell2291	1	10	23	40
Cell2292	1	1	14	10
Cell2293	1	8	25	61
Cell2294	1	2	62	45
Cell2295	1	11	26	29
Cell2296	1	9	4	34
Cell2297	1	1	52	46
Cell2298	1	6	60	17
Cell2299	1	8	40	44
Cell2300	1	5	6	62
Cell2301	1	10	32	51
Cell2302	1	6	11	4
Cell2303	1	6	31	23
Cell2304	1	13	33	10
Cell2305	1	3	20	9
Cell2306	1	3	20	32
Cell2307	1	6	60	36
Cell2308	1	13	33	22
Cell2309	1	7	1	47
Cell2310	1	3	64	59
Cell2311	1	17	55	63
Cell2312	1	11	43	19
Cell2313	1	2	22	25
Cell2314	1	10	23	46
Cell2315	1	6	31	36
Cell2316	1	1	5	46
Cell2317	1	8	40	44
Cell2318	1	6	17	6
Cell2319	1	5	38	42
Cell2320	1	16	35	49
Cell2321	1	15	7	54
Cell2322	1	10	23	57
Cell2323	1	4	50	2
Cell2324	1	2	37	52
Cell2325	1	16	59	43
Cell2326	1	3	53	30
Cell2327	1	20	58	41
Cell2328	1	8	49	56
Cell2329	1	9	18	33
Cell2330	1	6	60	64
Cell2331	1	2	22	52
Cell2332	1	12	51	41
Cell2333	1	17	41	63
Cell2334	1	8	49	43
Cell2335	1	1	6	17
Cell2336	1	4	9	47
Cell2337	1	2	62	52
Cell2338	1	10	23	57
Cell2339	1	17	55	63
Cell2340	1	9	18	33
Cell2341	1	10	44	56
Cell2342	1	5	38	20
Cell2343	1	1	52	37
Cell2345	1	2	22	45
Cell2346	1	16	59	49
Cell2347	1	3	46	55
Cell2348	1	19	56	39
Cell2349	1	7	61	2
Cell2350	1	7	1	19
Cell2351	1	5	24	22
Cell2353	1	2	37	29
Cell2354	1	7	47	9
Cell2355	1	2	22	35
Cell2356	1	8	40	44
Cell2358	1	5	3	24
Cell2359	1	8	40	44
Cell2360	1	14	21	48
Cell2361	1	5	38	42
Cell2362	1	11	54	3
Cell2363	1	7	27	27
Cell2364	1	6	44	17
Cell2365	1	5	24	42
Cell2366	1	18	34	8
Cell2367	1	18	34	8
Cell2368	1	13	33	16
Cell2369	1	6	17	6
Cell2370	1	18	34	53
Cell2371	1	13	33	16
Cell2372	1	2	19	10
Cell2373	1	2	37	4
Cell2374	1	8	25	9
Cell2375	1	6	60	23
Cell2377	1	12	51	13
Cell2378	1	4	37	22
Cell2379	1	2	62	45
Cell2380	1	1	5	60
Cell2381	1	14	21	48
Cell2382	1	5	38	42
Cell2383	1	4	26	14
Cell2384	1	6	17	6
Cell2385	1	4	42	21
Cell2386	1	20	58	41
Cell2387	1	19	56	39
Cell2388	1	11	54	59
Cell2389	1	4	42	2
Cell2390	1	1	5	29
Cell2391	1	16	48	49
Cell2392	1	11	43	40
Cell2393	1	17	55	63
Cell2394	1	7	1	31
Cell2395	1	5	38	42
Cell2396	1	3	20	24
Cell2397	1	20	58	41
Cell2398	1	5	36	21
Cell2399	1	2	19	32
Cell2400	1	3	64	59
Cell2401	1	1	5	5
Cell2402	1	14	8	37
Cell2403	1	3	3	10
Cell2404	1	3	3	50
Cell2406	1	16	59	49
Cell2407	1	13	33	50
Cell2408	1	15	7	54
Cell2409	1	10	23	57
Cell2410	1	5	36	4
Cell2411	1	18	34	25
Cell2412	1	4	46	38
Cell2413	1	5	10	20
Cell2414	1	13	33	29
Cell2415	1	2	29	35
Cell2416	1	21	28	11
Cell2417	1	12	51	57
Cell2418	1	6	44	36
Cell2419	1	17	55	63
Cell2420	1	1	45	31
Cell2421	1	8	40	44
Cell2422	1	2	22	25
Cell2423	1	6	17	6
Cell2424	1	13	33	16
Cell2425	1	2	37	58
Cell2426	1	9	18	33
Cell2427	1	2	39	43
Cell2428	1	13	33	16
Cell2429	1	2	39	62
Cell2430	1	1	6	31
Cell2431	1	9	18	33
Cell2432	1	2	29	25
Cell2433	1	21	28	11
Cell2434	1	10	23	23
Cell2435	1	4	42	7
Cell2436	1	1	45	37
Cell2437	1	1	52	19
Cell2438	1	1	45	56
Cell2439	1	16	48	49
Cell2440	1	4	26	15
Cell2441	1	7	1	22
Cell2442	1	8	49	4
Cell2443	1	21	28	62
Cell2444	1	4	26	14
Cell2445	1	14	21	48
Cell2446	1	5	24	60
Cell2447	1	10	23	51
Cell2448	1	2	39	52
Cell2449	1	21	12	11
Cell2450	1	7	1	4
Cell2451	1	3	53	15
Cell2452	1	20	58	41
Cell2453	1	7	27	18
Cell2454	1	4	46	14
Cell2455	1	1	5	32
Cell2456	1	8	49	9
Cell2457	1	1	45	21
Cell2458	1	5	38	42
Cell2459	1	14	21	48
Cell2460	1	17	55	63
Cell2461	1	4	10	43
Cell2462	1	12	51	7
Cell2463	1	21	12	43
Cell2465	1	18	14	8
Cell2466	1	21	28	11
Cell2467	1	2	37	58
Cell2468	1	4	9	47
Cell2469	1	15	7	32
Cell2470	1	1	50	60
Cell2471	1	6	11	64
Cell2472	1	1	5	62
Cell2473	1	6	41	17
Cell2474	1	10	23	57
Cell2475	1	7	27	27
Cell2476	1	4	9	19
Cell2477	1	12	51	13
Cell2478	1	18	34	8
Cell2479	1	9	4	34
Cell2480	1	17	55	63
Cell2481	1	21	12	28
Cell2482	1	16	57	49
Cell2483	1	18	34	8
Cell2484	1	19	56	39
Cell2485	1	4	50	62
Cell2486	1	4	42	58
Cell2487	1	4	26	14
Cell2488	1	6	60	36
Cell2489	1	2	37	58
Cell2490	1	16	16	49
Cell2491	1	4	46	15
Cell2492	1	1	45	62
Cell2493	1	15	7	54
Cell2494	1	20	58	41
Cell2495	1	8	25	61
Cell2496	1	11	61	4
Cell2497	1	8	25	61
Cell2498	1	11	43	19
Cell2499	1	3	3	42
Cell2500	1	2	62	20
Cell2501	1	7	9	18
Cell2502	1	9	18	33
Cell2503	1	9	4	34
Cell2504	1	12	6	13
Cell2505	1	2	29	25
Cell2506	1	13	33	27
Cell2507	1	17	55	63
Cell2508	1	3	20	24
Cell2509	1	6	17	6
Cell2510	1	7	27	18
Cell2511	1	9	18	33
Cell2512	1	6	17	6
Cell2513	1	2	62	58
Cell2514	1	1	5	31
Cell2515	1	4	46	30
Cell2516	1	6	11	64
Cell2517	1	17	55	63
Cell2518	1	7	2	35
Cell2519	1	2	37	58
Cell2520	1	9	18	33
Cell2521	1	4	10	5
Cell2522	1	2	29	25
Cell2523	1	5	36	37
Cell2524	1	5	38	42
Cell2525	1	5	10	21
Cell2526	1	5	15	60
Cell2527	1	5	10	37
Cell2528	1	3	3	15
Cell2529	1	13	13	10
Cell2530	1	1	45	62
Cell2531	1	6	11	64
Cell2532	1	5	36	21
Cell2533	1	5	24	60
Cell2534	1	4	42	62
Cell2535	1	1	52	31
Cell2537	1	6	17	23
Cell2538	1	1	52	5
Cell2539	1	19	56	39
Cell2540	1	4	9	43
Cell2541	1	20	58	41
Cell2542	1	5	10	38
Cell2543	1	3	3	29
Cell2544	1	5	23	57
Cell2545	1	4	9	55
Cell2546	1	1	45	4
Cell2547	1	1	45	30
Cell2548	1	6	17	6
Cell2549	1	16	48	19
Cell2550	1	4	46	47
Cell2551	1	12	51	36
Cell2552	1	3	53	50
Cell2553	1	10	23	51
Cell2554	1	11	43	28
Cell2555	1	6	17	6
Cell2556	1	8	49	20
Cell2557	1	4	9	14
Cell2558	1	3	3	24
Cell2559	1	5	10	14
Cell2560	1	6	17	6
Cell2561	1	12	51	36
Cell2562	1	1	5	46
Cell2563	1	5	36	1
Cell2564	1	17	55	3
Cell2565	1	3	20	24
Cell2566	1	1	14	28
Cell2567	1	15	7	54
Cell2568	1	7	2	9
Cell2569	1	10	32	12
Cell2570	1	15	7	54
Cell2571	1	5	10	42
Cell2572	1	19	56	39
Cell2573	1	5	24	55
Cell2574	1	11	54	59
Cell2575	1	3	64	59
Cell2576	1	1	45	35
Cell2578	1	6	60	36
Cell2579	1	10	32	57
Cell2580	1	3	3	50
Cell2581	1	2	29	3
Cell2582	1	2	37	62
Cell2583	1	7	47	35
Cell2584	1	14	21	37
Cell2585	1	4	39	19
Cell2586	1	2	39	4
Cell2587	1	5	36	38
Cell2588	1	4	9	53
Cell2589	1	1	52	53
Cell2590	1	5	10	42
Cell2591	1	9	18	2
Cell2592	1	6	60	36
Cell2593	1	21	12	11
Cell2594	1	7	27	3
Cell2595	1	10	23	51
Cell2596	1	2	22	43
Cell2597	1	17	55	63
Cell2598	1	2	47	45
Cell2599	1	15	7	9
Cell2600	1	11	54	59
Cell2601	1	14	21	48
Cell2602	1	14	21	48
Cell2603	1	2	22	52
Cell2604	1	8	25	23
Cell2605	1	13	13	32
Cell2606	1	7	1	3
Cell2607	1	2	22	52
Cell2609	1	16	59	37
Cell2610	1	16	35	30
Cell2611	1	16	57	49
Cell2612	1	2	19	4
Cell2613	1	8	24	55
Cell2614	1	17	41	63
Cell2615	1	7	9	35
Cell2616	1	6	11	64
Cell2617	1	5	36	46
Cell2619	1	9	30	34
Cell2620	1	2	37	58
Cell2621	1	18	14	8
Cell2622	1	5	24	42
Cell2623	1	11	43	58
Cell2624	1	1	45	37
Cell2625	1	14	21	48
Cell2626	1	15	7	43
Cell2627	1	5	36	5
Cell2628	1	6	60	29
Cell2629	1	6	11	23
Cell2630	1	15	7	54
Cell2631	1	3	64	59
Cell2632	1	10	32	12
Cell2633	1	3	26	45
Cell2634	1	18	34	8
Cell2635	1	8	49	60
Cell2636	1	5	24	21
Cell2637	1	5	38	58
Cell2638	1	3	3	23
Cell2639	1	3	3	55
Cell2641	1	12	32	17
Cell2642	1	2	22	45
Cell2643	1	2	39	32
Cell2645	1	1	52	22
Cell2646	1	3	3	55
Cell2647	1	8	25	61
Cell2648	1	6	60	17
Cell2649	1	8	25	61
Cell2650	1	6	31	17
Cell2651	1	6	11	32
Cell2652	1	7	47	5
Cell2654	1	3	3	55
Cell2655	1	1	5	5
Cell2656	1	7	27	18
Cell2657	1	14	21	48
Cell2658	1	1	5	46
Cell2659	1	15	7	43
Cell2660	1	6	31	36
Cell2661	1	2	62	45
Cell2662	1	4	42	43
Cell2663	1	5	36	20
Cell2664	1	3	3	55
Cell2665	1	10	32	4
Cell2666	1	17	55	63
Cell2667	1	1	5	5
Cell2668	1	6	44	23
Cell2669	1	13	33	16
Cell2670	1	9	18	33
Cell2671	1	5	24	15
Cell2672	1	7	1	19
Cell2673	1	1	32	2
Cell2674	1	6	44	62
Cell2675	1	18	34	8
Cell2676	1	11	54	40
Cell2677	1	6	60	37
Cell2678	1	2	39	4
Cell2679	1	19	56	46
Cell2680	1	1	5	19
Cell2681	1	3	3	55
Cell2682	1	1	6	1
Cell2683	1	13	33	16
Cell2684	1	1	45	40
Cell2685	1	7	1	43
Cell2686	1	5	15	20
Cell2687	1	11	43	14
Cell2688	1	8	40	44
Cell2689	1	15	7	54
Cell2690	1	7	1	2
Cell2691	1	1	6	46
Cell2692	1	4	9	19
Cell2693	1	7	27	18
Cell2694	1	11	43	40
Cell2695	1	12	51	13
Cell2696	1	14	21	27
Cell2697	1	10	32	29
Cell2698	1	4	9	19
Cell2699	1	5	36	38
Cell2700	1	1	5	7
Cell2701	1	5	15	43
Cell2702	1	5	38	42
Cell2703	1	19	56	39
Cell2704	1	1	6	35
Cell2706	1	20	58	41
Cell2707	1	8	40	44
Cell2708	1	11	54	26
Cell2709	1	19	56	39
Cell2710	1	6	60	36
Cell2711	1	3	38	15
Cell2712	1	1	5	5
Cell2713	1	12	51	51
Cell2714	1	1	50	62
Cell2715	1	1	5	5
Cell2716	1	8	25	9
Cell2717	1	15	7	54
Cell2718	1	3	20	35
Cell2719	1	1	45	53
Cell2720	1	4	46	35
Cell2721	1	9	61	56
Cell2722	1	1	52	31
Cell2724	1	5	24	4
Cell2725	1	17	55	63
Cell2726	1	5	15	60
Cell2727	1	11	26	47
Cell2729	1	17	55	63
Cell2730	1	19	56	4
Cell2731	1	3	64	20
Cell2732	1	2	19	10
Cell2734	1	1	6	5
Cell2735	1	7	1	19
Cell2736	1	14	21	9
Cell2737	1	14	21	48
Cell2738	1	19	56	39
Cell2739	1	2	39	4
Cell2740	1	15	7	54
Cell2743	1	19	56	7
Cell2744	1	14	8	2
Cell2745	1	2	62	52
Cell2746	1	21	28	11
Cell2747	1	4	39	58
Cell2748	1	5	15	60
Cell2749	1	1	52	31
Cell2750	1	12	51	13
Cell2751	1	12	6	37
Cell2752	1	9	63	56
Cell2753	1	2	29	25
Cell2754	1	14	21	48
Cell2755	1	4	46	35
Cell2756	1	4	50	58
Cell2757	1	6	11	64
Cell2758	1	1	50	40
Cell2759	1	5	24	60
Cell2760	1	18	34	8
Cell2761	1	6	44	2
Cell2762	1	5	38	15
Cell2763	1	6	60	64
Cell2764	1	2	22	45
Cell2765	1	15	7	54
Cell2766	1	16	59	49
Cell2767	1	4	42	38
Cell2768	1	4	50	53
Cell2769	1	12	51	22
Cell2770	1	9	18	33
Cell2771	1	3	64	59
Cell2772	1	7	47	27
Cell2773	1	10	32	28
Cell2774	1	3	46	56
Cell2776	1	1	50	60
Cell2777	1	21	28	11
Cell2778	1	10	23	51
Cell2780	1	4	9	9
Cell2781	1	2	62	32
Cell2782	1	18	14	7
Cell2783	1	5	24	60
Cell2784	1	6	17	6
Cell2785	1	8	49	57
Cell2787	1	17	55	63
Cell2788	1	4	42	38
Cell2789	1	19	56	39
Cell2790	1	3	20	24
Cell2791	1	14	21	48
Cell2792	1	9	4	34
Cell2793	1	18	34	8
Cell2794	1	8	25	12
Cell2795	1	7	27	18
Cell2796	1	9	18	33
Cell2797	1	20	58	41
Cell2798	1	12	51	7
Cell2799	1	9	18	33
Cell2800	1	3	20	24
Cell2801	1	7	1	40
Cell2802	1	17	55	38
Cell2803	1	2	39	20
Cell2804	1	19	56	39
Cell2805	1	2	19	22
Cell2806	1	9	18	33
Cell2807	1	14	21	48
Cell2808	1	5	10	62
Cell2809	1	7	27	18
Cell2810	1	18	14	8
Cell2811	1	16	59	49
Cell2812	1	10	23	57
Cell2813	1	8	49	32
Cell2814	1	18	34	8
Cell2815	1	6	60	36
Cell2816	1	1	45	56
Cell2817	1	21	28	11
Cell2818	1	2	39	45
Cell2819	1	2	39	24
Cell2820	1	5	38	15
Cell2821	1	9	30	34
Cell2822	1	7	1	32
Cell2823	1	21	12	11
Cell2824	1	8	40	44
Cell2825	1	11	43	20
Cell2826	1	2	62	3
Cell2827	1	8	40	64
Cell2828	1	5	36	60
Cell2829	1	9	30	34
Cell2830	1	9	4	34
Cell2831	1	1	52	1
Cell2832	1	6	44	32
Cell2833	1	8	40	44
Cell2834	1	8	25	61
Cell2835	1	1	45	46
Cell2836	1	5	36	58
Cell2837	1	13	33	16
Cell2839	1	10	15	60
Cell2840	1	6	60	36
Cell2841	1	1	6	60
Cell2842	1	5	15	57
Cell2844	1	7	1	64
Cell2846	1	6	11	64
Cell2847	1	7	2	43
Cell2848	1	4	9	19
Cell2849	1	1	14	32
Cell2850	1	20	58	41
Cell2852	1	20	58	28
Cell2853	1	8	40	44
Cell2854	1	3	3	29
Cell2855	1	5	24	46
Cell2856	1	1	52	53
Cell2857	1	7	27	35
Cell2858	1	6	11	64
Cell2859	1	5	36	64
Cell2860	1	12	51	13
Cell2861	1	1	5	46
Cell2862	1	13	13	16
Cell2863	1	7	9	35
Cell2864	1	16	35	49
Cell2865	1	7	1	28
Cell2866	1	6	17	23
Cell2867	1	9	4	34
Cell2868	1	6	60	29
Cell2870	1	2	62	43
Cell2871	1	6	60	17
Cell2872	1	6	17	6
Cell2873	1	1	6	37
Cell2875	1	8	49	44
Cell2876	1	7	27	18
Cell2877	1	7	1	21
Cell2878	1	4	50	29
Cell2879	1	16	16	49
Cell2880	1	2	39	10
Cell2881	1	18	34	8
Cell2883	1	2	62	45
Cell2884	1	1	52	1
Cell2885	1	7	47	35
Cell2886	1	14	8	27
Cell2887	1	10	23	57
Cell2888	1	9	18	33
Cell2889	1	7	61	33
Cell2890	1	10	23	51
Cell2891	1	5	38	42
Cell2892	1	15	7	54
Cell2893	1	21	28	11
Cell2894	1	20	58	41
Cell2895	1	9	18	33
Cell2896	1	16	59	49
Cell2897	1	17	41	63
Cell2898	1	19	56	39
Cell2899	1	7	2	3
Cell2900	1	6	31	17
Cell2901	1	1	45	56
Cell2902	1	9	18	33
Cell2903	1	6	11	64
Cell2904	1	5	24	46
Cell2905	1	12	51	7
Cell2906	1	1	52	36
Cell2907	1	1	45	53
Cell2908	1	9	30	33
Cell2909	1	6	11	64
Cell2910	1	1	6	46
Cell2911	1	9	30	34
Cell2912	1	8	40	9
Cell2913	1	15	7	54
Cell2915	1	10	23	57
Cell2916	1	1	5	5
Cell2917	1	4	42	19
Cell2918	1	1	45	53
Cell2919	1	6	11	64
Cell2921	1	2	29	9
Cell2922	1	5	36	20
Cell2924	1	21	28	11
Cell2925	1	12	51	13
Cell2927	1	19	56	39
Cell2928	1	5	10	46
Cell2929	1	2	39	45
Cell2930	1	5	24	15
Cell2931	1	5	36	22
Cell2932	1	15	7	54
Cell2933	1	5	15	26
Cell2934	1	1	5	1
Cell2935	1	8	49	12
Cell2936	1	3	64	50
Cell2937	1	3	3	55
Cell2938	1	5	15	17
Cell2939	1	20	58	41
Cell2940	1	4	46	10
Cell2941	1	5	36	42
Cell2942	1	1	50	41
Cell2943	1	5	36	46
Cell2944	1	8	11	55
Cell2945	1	7	2	27
Cell2946	1	6	31	23
Cell2947	1	17	55	63
Cell2948	1	5	10	20
Cell2949	1	12	51	57
Cell2950	1	1	6	37
Cell2951	1	10	32	7
Cell2952	1	2	39	4
Cell2953	1	7	2	35
Cell2954	1	2	37	21
Cell2956	1	7	47	43
Cell2957	1	3	20	20
Cell2958	1	6	31	17
Cell2959	1	1	52	30
Cell2960	1	3	53	3
Cell2961	1	20	58	41
Cell2962	1	2	1	43
Cell2963	1	11	26	40
Cell2964	1	4	42	20
Cell2965	1	7	2	18
Cell2966	1	4	9	47
Cell2967	1	3	64	50
Cell2969	1	14	21	48
Cell2970	1	3	20	24
Cell2971	1	4	9	60
Cell2972	1	3	53	14
Cell2973	1	7	62	9
Cell2974	1	7	47	56
Cell2975	1	19	56	39
Cell2976	1	17	55	63
Cell2977	1	15	7	23
Cell2979	1	7	1	32
Cell2980	1	7	2	43
Cell2981	1	11	61	59
Cell2982	1	2	62	58
Cell2983	1	15	7	43
Cell2984	1	3	3	15
Cell2985	1	6	60	17
Cell2986	1	13	33	26
Cell2987	1	5	24	29
Cell2988	1	5	15	57
Cell2989	1	14	21	48
Cell2990	1	15	7	54
Cell2991	1	10	23	51
Cell2992	1	5	10	42
Cell2993	1	6	60	17
Cell2994	1	18	14	8
Cell2995	1	12	51	7
Cell2996	1	2	29	10
Cell2997	1	3	20	24
Cell2998	1	12	60	36
Cell2999	1	10	32	23
Cell3000	1	19	56	39
Cell3002	1	6	44	17
Cell3003	1	10	23	60
Cell3004	1	1	6	5
Cell3005	1	1	45	10
Cell3006	1	4	46	47
Cell3007	1	1	52	60
Cell3008	1	20	58	45
Cell3009	1	12	32	51
Cell3010	1	18	34	8
Cell3011	1	9	18	32
Cell3012	1	9	30	32
Cell3013	1	11	43	47
Cell3014	1	3	53	22
Cell3015	1	7	1	28
Cell3016	1	6	17	35
Cell3017	1	5	24	29
Cell3018	1	12	32	57
Cell3019	1	10	32	17
Cell3020	1	1	6	1
Cell3021	1	3	38	42
Cell3022	1	10	23	51
Cell3023	1	2	39	4
Cell3024	1	10	32	55
Cell3025	1	9	63	34
Cell3026	1	8	40	44
Cell3027	1	7	27	3
Cell3028	1	7	1	5
Cell3030	1	3	20	24
Cell3031	1	16	16	49
Cell3032	1	4	10	62
Cell3034	1	13	13	10
Cell3035	1	7	27	18
Cell3036	1	19	56	39
Cell3037	1	21	28	11
Cell3038	1	8	40	44
Cell3039	1	21	28	11
Cell3040	1	10	23	51
Cell3041	1	11	43	22
Cell3042	1	3	53	47
Cell3043	1	12	51	56
Cell3044	1	5	38	42
Cell3045	1	6	17	6
Cell3046	1	6	44	23
Cell3047	1	13	33	28
Cell3048	1	6	17	3
Cell3049	1	8	25	61
Cell3050	1	1	52	53
Cell3051	1	1	52	23
Cell3053	1	5	38	15
Cell3054	1	8	25	61
Cell3055	1	7	27	27
Cell3056	1	3	3	56
Cell3057	1	5	24	15
Cell3059	1	1	50	30
Cell3060	1	2	39	15
Cell3061	1	20	58	38
Cell3062	1	4	50	62
Cell3063	1	11	61	40
Cell3064	1	5	38	15
Cell3065	1	3	3	21
Cell3066	1	3	64	37
Cell3069	1	5	36	42
Cell3070	1	15	7	54
Cell3071	1	17	55	63
Cell3072	1	13	33	16
Cell3073	1	15	7	54
Cell3074	1	8	49	9
Cell3075	1	20	58	41
Cell3076	1	8	49	50
Cell3077	1	19	56	39
Cell3078	1	9	30	34
Cell3079	1	9	4	34
Cell3080	1	16	16	49
Cell3081	1	6	17	6
Cell3082	1	4	46	32
Cell3083	1	4	10	21
Cell3084	1	2	37	58
Cell3085	1	4	42	58
Cell3086	1	4	9	14
Cell3087	1	5	36	20
Cell3088	1	8	49	20
Cell3089	1	2	22	25
Cell3090	1	5	24	29
Cell3091	1	8	40	32
Cell3092	1	2	37	52
Cell3093	1	4	26	47
Cell3094	1	16	48	49
Cell3095	1	7	1	19
Cell3096	1	11	43	14
Cell3098	1	7	47	58
Cell3099	1	14	21	48
Cell3101	1	16	35	49
Cell3102	1	4	50	29
Cell3103	1	8	49	44
Cell3104	1	8	40	57
Cell3105	1	5	38	42
Cell3106	1	6	60	2
Cell3107	1	6	60	17
Cell3108	1	4	50	60
Cell3109	1	6	60	36
Cell3110	1	9	4	32
Cell3111	1	13	33	16
Cell3113	1	8	25	61
Cell3114	1	3	3	15
Cell3116	1	14	21	36
Cell3117	1	2	37	58
Cell3118	1	1	50	28
Cell3119	1	8	49	9
Cell3120	1	19	56	39
Cell3121	1	19	56	39
Cell3122	1	8	49	9
Cell3123	1	1	5	53
Cell3125	1	3	53	29
Cell3126	1	21	12	11
Cell3127	1	8	40	44
Cell3128	1	7	27	18
Cell3129	1	2	29	25
Cell3130	1	9	4	34
Cell3131	1	2	22	25
Cell3132	1	6	17	6
Cell3133	1	1	45	27
Cell3134	1	5	24	55
Cell3135	1	9	4	34
Cell3136	1	1	5	46
Cell3137	1	12	51	13
Cell3138	1	5	36	9
Cell3139	1	16	35	49
Cell3140	1	15	7	54
Cell3141	1	2	62	52
Cell3142	1	5	15	60
Cell3143	1	12	51	13
Cell3144	1	6	31	35
Cell3145	1	2	39	20
Cell3146	1	9	4	34
Cell3147	1	17	41	2
Cell3149	1	17	41	63
Cell3150	1	4	42	56
Cell3151	1	7	27	18
Cell3152	1	13	33	16
Cell3153	1	5	15	55
Cell3154	1	9	18	9
Cell3156	1	20	58	41
Cell3157	1	3	3	55
Cell3158	1	18	14	8
Cell3159	1	3	53	50
Cell3161	1	4	26	19
Cell3162	1	10	23	51
Cell3163	1	7	27	18
Cell3164	1	6	60	36
Cell3165	1	1	45	31
Cell3166	1	17	21	48
Cell3167	1	7	47	3
Cell3168	1	4	42	38
Cell3169	1	6	44	17
Cell3170	1	4	50	53
Cell3171	1	2	62	45
Cell3172	1	2	37	32
Cell3173	1	1	52	46
Cell3174	1	1	45	4
Cell3175	1	6	11	64
Cell3176	1	4	46	40
Cell3177	1	1	52	7
Cell3178	1	16	35	49
Cell3180	1	8	40	44
Cell3181	1	8	40	44
Cell3182	1	5	10	38
Cell3183	1	6	17	6
Cell3184	1	8	40	21
Cell3185	1	4	42	27
Cell3187	1	4	26	47
Cell3188	1	4	26	56
Cell3189	1	6	31	23
Cell3190	1	2	37	58
Cell3191	1	4	50	38
Cell3192	1	3	3	9
Cell3193	1	7	1	19
Cell3194	1	10	32	51
Cell3195	1	9	4	34
Cell3196	1	6	60	36
Cell3197	1	10	23	57
Cell3198	1	10	23	51
Cell3199	1	8	25	61
Cell3200	1	2	22	52
Cell3201	1	1	45	50
Cell3202	1	21	28	11
Cell3203	1	3	64	59
Cell3204	1	2	19	64
Cell3205	1	6	41	28
Cell3206	1	9	18	33
Cell3207	1	12	51	13
Cell3208	1	3	53	15
Cell3209	1	17	55	63
Cell3210	1	3	20	24
Cell3212	1	10	32	36
Cell3213	1	2	19	53
Cell3214	1	20	58	12
Cell3215	1	10	23	40
Cell3216	1	4	10	2
Cell3217	1	1	52	28
Cell3218	1	20	58	41
Cell3219	1	8	25	12
Cell3220	1	15	7	54
Cell3221	1	2	22	52
Cell3222	1	3	46	30
Cell3223	1	5	38	30
Cell3224	1	7	27	18
Cell3225	1	8	40	44
Cell3226	1	21	28	9
Cell3227	1	1	45	53
Cell3228	1	16	59	49
Cell3229	1	2	37	58
Cell3230	1	7	27	27
Cell3231	1	16	35	49
Cell3232	1	8	25	61
Cell3233	1	6	44	2
Cell3235	1	2	29	25
Cell3236	1	3	3	56
Cell3237	1	16	57	49
Cell3238	1	9	30	34
Cell3239	1	6	17	6
Cell3240	1	5	38	29
Cell3241	1	1	14	62
Cell3242	1	8	40	44
Cell3243	1	2	37	58
Cell3244	1	2	47	35
Cell3246	1	3	20	24
Cell3247	1	1	14	53
Cell3248	1	8	11	61
Cell3249	1	10	15	35
Cell3250	1	7	27	3
Cell3251	1	9	4	34
Cell3252	1	6	44	23
Cell3253	1	2	62	52
Cell3254	1	4	46	14
Cell3255	1	16	59	49
Cell3256	1	3	53	50
Cell3257	1	6	11	64
Cell3258	1	4	9	28
Cell3259	1	6	11	64
Cell3260	1	2	39	4
Cell3261	1	6	44	36
Cell3262	1	10	23	17
Cell3263	1	6	41	12
Cell3264	1	11	26	50
Cell3266	1	6	11	2
Cell3267	1	1	5	1
Cell3268	1	6	31	12
Cell3269	1	5	15	9
Cell3270	1	14	21	48
Cell3271	1	8	25	9
Cell3272	1	4	42	22
Cell3273	1	8	40	37
Cell3274	1	2	37	45
Cell3275	1	7	9	28
Cell3276	1	1	50	46
Cell3277	1	2	22	45
Cell3278	1	11	54	26
Cell3279	1	18	14	8
Cell3280	1	5	24	35
Cell3281	1	8	25	44
Cell3282	1	5	38	28
Cell3283	1	14	21	28
Cell3285	1	4	42	2
Cell3286	1	8	11	43
Cell3287	1	12	51	53
Cell3288	1	3	3	30
Cell3289	1	10	23	57
Cell3291	1	2	37	4
Cell3292	1	1	52	62
Cell3294	1	7	2	45
Cell3295	1	6	60	17
Cell3297	1	19	56	39
Cell3299	1	13	33	16
Cell3300	1	12	32	1
Cell3301	1	5	36	60
Cell3302	1	4	9	45
Cell3303	1	17	55	63
Cell3304	1	5	3	29
Cell3305	1	7	61	27
Cell3306	1	12	51	13
Cell3307	1	4	42	32
Cell3308	1	4	9	52
Cell3309	1	5	38	15
Cell3310	1	17	55	63
Cell3311	1	1	6	30
Cell3312	1	4	46	14
Cell3313	1	4	46	26
Cell3314	1	7	27	18
Cell3315	1	15	7	38
Cell3316	1	5	38	15
Cell3317	1	14	21	48
Cell3318	1	3	3	45
Cell3319	1	4	42	30
Cell3320	1	16	35	49
Cell3321	1	7	27	3
Cell3322	1	6	31	6
Cell3323	1	2	62	52
Cell3324	1	7	27	18
Cell3325	1	3	3	45
Cell3326	1	2	37	52
Cell3327	1	7	9	19
Cell3328	1	9	4	37
Cell3329	1	17	41	63
Cell3330	1	4	42	19
Cell3331	1	14	21	36
Cell3332	1	2	39	4
Cell3333	1	18	34	8
Cell3334	1	3	64	50
Cell3335	1	14	21	48
Cell3336	1	4	46	24
Cell3337	1	14	21	9
Cell3338	1	3	20	26
Cell3339	1	19	56	10
Cell3340	1	2	62	45
Cell3341	1	17	55	63
Cell3342	1	1	50	31
Cell3343	1	8	40	44
Cell3344	1	6	17	6
Cell3345	1	14	21	48
Cell3346	1	3	3	29
Cell3347	1	9	18	33
Cell3348	1	7	47	43
Cell3349	1	3	64	57
Cell3350	1	2	37	4
Cell3351	1	5	36	60
Cell3353	1	10	23	57
Cell3354	1	1	45	4
Cell3355	1	4	42	9
Cell3356	1	5	24	7
Cell3357	1	4	46	47
Cell3358	1	5	38	42
Cell3359	1	2	47	10
Cell3360	1	7	27	35
Cell3361	1	3	64	12
Cell3362	1	14	21	48
Cell3363	1	10	32	17
Cell3364	1	5	3	55
Cell3365	1	12	51	13
Cell3366	1	5	15	7
Cell3367	1	18	34	8
Cell3368	1	2	62	4
Cell3369	1	1	5	1
Cell3370	1	1	52	53
Cell3371	1	13	13	10
Cell3372	1	14	8	36
Cell3373	1	20	58	41
Cell3374	1	4	9	21
Cell3375	1	13	13	10
Cell3376	1	2	29	27
Cell3377	1	2	29	25
Cell3378	1	2	62	58
Cell3379	1	3	53	29
Cell3380	1	3	3	30
Cell3381	1	4	42	38
Cell3382	1	1	6	4
Cell3383	1	7	27	18
Cell3384	1	8	25	57
Cell3385	1	12	60	17
Cell3386	1	13	13	9
Cell3387	1	8	49	9
Cell3388	1	5	38	47
Cell3389	1	7	27	18
Cell3391	1	4	42	38
Cell3392	1	8	25	61
Cell3393	1	12	51	37
Cell3394	1	13	13	10
Cell3395	1	2	22	25
Cell3396	1	8	40	44
Cell3397	1	7	9	19
Cell3398	1	7	2	35
Cell3399	1	4	50	19
Cell3400	1	4	50	62
Cell3401	1	17	55	63
Cell3402	1	18	14	10
Cell3403	1	4	10	5
Cell3404	1	1	52	31
Cell3405	1	2	29	25
Cell3406	1	21	12	11
Cell3407	1	2	29	35
Cell3408	1	11	54	59
Cell3409	1	4	50	21
Cell3410	1	3	53	55
Cell3411	1	12	51	13
Cell3412	1	5	3	55
Cell3413	1	10	32	56
Cell3414	1	1	6	1
Cell3415	1	2	29	9
Cell3416	1	3	3	5
Cell3417	1	6	44	64
Cell3418	1	15	7	54
Cell3419	1	9	30	34
Cell3420	1	9	30	33
Cell3421	1	11	26	56
Cell3422	1	16	16	49
Cell3423	1	3	20	4
Cell3424	1	14	21	48
Cell3425	1	16	57	49
Cell3426	1	16	59	4
Cell3427	1	1	32	1
Cell3428	1	12	51	13
Cell3429	1	21	28	11
Cell3430	1	9	4	34
Cell3431	1	10	32	20
Cell3432	1	21	12	11
Cell3433	1	15	7	60
Cell3434	1	6	60	36
Cell3436	1	15	7	9
Cell3437	1	2	37	58
Cell3438	1	9	63	14
Cell3439	1	4	38	56
Cell3440	1	4	42	56
Cell3441	1	4	9	5
Cell3442	1	11	26	56
Cell3443	1	17	55	63
Cell3444	1	6	31	23
Cell3445	1	6	11	64
Cell3446	1	19	56	39
Cell3447	1	4	42	1
Cell3448	1	12	51	57
Cell3449	1	11	26	47
Cell3450	1	3	46	15
Cell3451	1	7	47	45
Cell3452	1	2	22	52
Cell3453	1	9	30	34
Cell3454	1	4	50	4
Cell3455	1	19	56	25
Cell3456	1	4	46	56
Cell3457	1	21	28	11
Cell3458	1	3	20	24
Cell3459	1	1	5	46
Cell3460	1	14	21	48
Cell3461	1	12	51	13
Cell3462	1	8	25	61
Cell3463	1	3	20	50
Cell3464	1	16	16	49
Cell3465	1	5	38	42
Cell3466	1	17	55	63
Cell3467	1	7	27	27
Cell3468	1	3	20	45
Cell3469	1	3	53	15
Cell3470	1	18	14	8
Cell3471	1	3	20	24
Cell3472	1	2	22	4
Cell3473	1	16	57	49
Cell3474	1	2	39	15
Cell3475	1	11	54	26
Cell3476	1	6	17	6
Cell3477	1	13	33	16
Cell3478	1	5	38	15
Cell3479	1	16	57	49
Cell3480	1	7	27	47
Cell3481	1	4	46	45
Cell3482	1	1	14	40
Cell3483	1	12	51	13
Cell3484	1	12	51	13
Cell3485	1	12	51	13
Cell3486	1	16	59	14
Cell3487	1	20	58	41
Cell3488	1	1	52	31
Cell3489	1	2	39	60
Cell3490	1	19	56	39
Cell3491	1	4	42	62
Cell3492	1	13	13	16
Cell3493	1	11	43	40
Cell3494	1	12	51	7
Cell3495	1	4	46	32
Cell3496	1	6	17	6
Cell3497	1	3	53	30
Cell3498	1	11	54	26
Cell3499	1	1	52	20
Cell3500	1	12	51	13
Cell3501	1	9	18	33
Cell3502	1	1	45	46
Cell3503	1	9	18	33
Cell3504	1	5	38	15
Cell3505	1	18	34	56
Cell3506	1	1	50	31
Cell3507	1	10	23	51
Cell3508	1	9	18	33
Cell3509	1	12	51	1
Cell3510	1	17	41	63
Cell3511	1	7	27	28
Cell3512	1	3	3	56
Cell3513	1	6	11	64
Cell3514	1	2	37	58
Cell3515	1	3	64	59
Cell3516	1	11	54	26
Cell3517	1	10	23	57
Cell3518	1	12	51	13
Cell3519	1	9	61	33
Cell3520	1	13	13	27
Cell3521	1	1	5	5
Cell3522	1	20	58	41
Cell3524	1	1	5	5
Cell3525	1	2	37	47
Cell3526	1	13	33	10
Cell3527	1	2	19	22
Cell3528	1	2	37	24
Cell3529	1	1	52	46
Cell3530	1	19	56	4
Cell3531	1	7	47	35
Cell3532	1	2	14	45
Cell3533	1	3	53	50
Cell3534	1	14	21	48
Cell3535	1	2	39	21
Cell3536	1	18	34	8
Cell3537	1	6	44	22
Cell3538	1	10	23	57
Cell3539	1	4	9	28
Cell3540	1	5	38	28
Cell3541	1	11	54	26
Cell3542	1	6	31	56
Cell3543	1	1	50	53
Cell3544	1	6	17	6
Cell3545	1	14	21	48
Cell3546	1	4	42	28
Cell3547	1	17	55	63
Cell3548	1	3	53	12
Cell3549	1	21	12	27
Cell3550	1	3	20	15
Cell3551	1	6	17	6
Cell3552	1	7	47	35
Cell3553	1	20	58	41
Cell3555	1	3	20	32
Cell3556	1	6	17	6
Cell3557	1	1	5	46
Cell3558	1	16	35	49
Cell3559	1	3	53	50
Cell3560	1	9	18	33
Cell3561	1	11	54	26
Cell3562	1	4	50	4
Cell3563	1	5	38	42
Cell3564	1	3	3	29
Cell3565	1	10	23	60
Cell3566	1	7	1	19
Cell3567	1	20	58	41
Cell3568	1	4	42	58
Cell3569	1	1	45	28
Cell3570	1	21	12	11
Cell3571	1	2	22	52
Cell3572	1	1	52	32
Cell3573	1	2	37	9
Cell3574	1	18	34	8
Cell3575	1	5	38	42
Cell3576	1	1	45	53
Cell3577	1	4	46	47
Cell3578	1	1	6	1
Cell3579	1	6	60	17
Cell3580	1	8	25	12
Cell3581	1	18	14	8
Cell3582	1	4	42	40
Cell3583	1	1	6	1
Cell3584	1	13	13	16
Cell3585	1	4	46	2
Cell3586	1	3	53	50
Cell3587	1	4	26	19
Cell3588	1	1	6	20
Cell3589	1	1	6	5
Cell3590	1	11	54	26
Cell3591	1	1	5	5
Cell3592	1	2	37	58
Cell3593	1	1	52	37
Cell3594	1	7	61	30
Cell3595	1	4	42	62
Cell3596	1	3	64	59
Cell3597	1	13	33	16
Cell3598	1	18	34	8
Cell3599	1	3	64	59
Cell3601	1	7	1	37
Cell3603	1	1	6	46
Cell3604	1	5	24	15
Cell3605	1	11	54	28
Cell3606	1	8	25	61
Cell3607	1	3	3	60
Cell3608	1	2	39	21
Cell3609	1	6	17	6
Cell3610	1	4	9	19
Cell3611	1	17	55	63
Cell3612	1	1	5	20
Cell3613	1	20	58	41
Cell3614	1	21	28	11
Cell3615	1	3	26	26
Cell3616	1	1	52	31
Cell3617	1	10	32	13
Cell3618	1	16	35	49
Cell3619	1	1	52	53
Cell3620	1	13	19	23
Cell3621	1	7	27	18
Cell3622	1	7	1	19
Cell3623	1	1	5	46
Cell3624	1	3	20	24
Cell3626	1	9	30	34
Cell3627	1	8	49	9
Cell3628	1	6	11	20
Cell3629	1	21	28	11
Cell3630	1	19	56	39
Cell3631	1	5	5	1
Cell3632	1	7	27	20
Cell3634	1	13	33	16
Cell3635	1	7	27	18
Cell3636	1	4	26	14
Cell3638	1	11	61	4
Cell3639	1	2	19	35
Cell3640	1	4	42	53
Cell3641	1	11	64	59
Cell3642	1	15	7	64
Cell3643	1	8	40	44
Cell3644	1	2	37	58
Cell3645	1	17	55	63
Cell3647	1	8	49	36
Cell3648	1	14	8	32
Cell3649	1	6	17	35
Cell3650	1	1	45	21
Cell3651	1	3	3	15
Cell3652	1	2	29	25
Cell3653	1	1	5	5
Cell3654	1	6	11	64
Cell3655	1	11	43	2
Cell3656	1	14	8	40
Cell3657	1	20	58	41
Cell3658	1	13	13	16
Cell3659	1	8	49	32
Cell3660	1	1	5	60
Cell3661	1	1	52	1
Cell3662	1	2	39	32
Cell3663	1	7	1	58
Cell3664	1	12	51	41
Cell3665	1	9	4	34
Cell3666	1	7	27	18
Cell3667	1	19	56	39
Cell3668	1	16	57	49
Cell3669	1	1	50	20
Cell3670	1	7	27	18
Cell3671	1	10	32	57
Cell3672	1	7	1	3
Cell3673	1	10	23	57
Cell3674	1	7	27	18
Cell3675	1	3	20	24
Cell3676	1	7	1	19
Cell3677	1	1	50	62
Cell3679	1	4	9	24
Cell3680	1	4	50	62
Cell3681	1	6	11	3
Cell3682	1	4	50	38
Cell3683	1	9	18	62
Cell3684	1	7	1	19
Cell3685	1	8	40	44
Cell3686	1	12	51	30
Cell3687	1	11	43	22
Cell3688	1	3	64	59
Cell3689	1	18	14	47
Cell3690	1	6	17	6
Cell3691	1	1	50	60
Cell3692	1	12	32	23
Cell3693	1	2	29	25
Cell3694	1	1	5	5
Cell3695	1	8	40	57
Cell3696	1	2	39	31
Cell3697	1	2	39	45
Cell3698	1	6	60	17
Cell3699	1	1	52	53
Cell3701	1	3	53	50
Cell3702	1	5	15	21
Cell3703	1	19	56	39
Cell3704	1	12	60	5
Cell3705	1	13	33	50
Cell3706	1	7	27	18
Cell3707	1	20	58	41
Cell3710	1	7	2	32
Cell3711	1	1	45	62
Cell3712	1	20	58	41
Cell3714	1	6	31	64
Cell3715	1	4	46	32
Cell3716	1	11	54	26
Cell3717	1	5	36	42
Cell3718	1	6	60	17
Cell3719	1	10	32	9
Cell3720	1	10	23	51
Cell3721	1	6	11	23
Cell3722	1	6	17	6
Cell3723	1	1	52	31
Cell3724	1	20	58	27
Cell3725	1	4	42	40
Cell3726	1	4	26	24
Cell3727	1	2	39	21
Cell3728	1	5	36	20
Cell3729	1	1	6	1
Cell3731	1	17	41	63
Cell3732	1	3	53	55
Cell3733	1	15	7	9
Cell3734	1	8	25	61
Cell3735	1	7	27	18
Cell3736	1	5	24	20
Cell3737	1	4	9	14
Cell3738	1	7	27	18
Cell3739	1	8	40	56
Cell3740	1	4	46	15
Cell3741	1	15	47	54
Cell3742	1	19	56	39
Cell3743	1	17	55	63
Cell3744	1	8	49	7
Cell3745	1	1	45	14
Cell3746	1	2	39	22
Cell3747	1	2	19	22
Cell3748	1	1	50	53
Cell3749	1	10	23	51
Cell3750	1	8	24	55
Cell3751	1	21	28	11
Cell3752	1	14	21	48
Cell3753	1	8	25	61
Cell3754	1	2	37	4
Cell3755	1	9	4	34
Cell3756	1	3	64	47
Cell3757	1	1	6	1
Cell3758	1	6	60	64
Cell3759	1	9	18	33
Cell3760	1	2	62	52
Cell3761	1	5	10	24
Cell3762	1	1	6	7
Cell3763	1	9	18	33
Cell3764	1	14	21	48
Cell3765	1	4	42	14
Cell3766	1	1	5	5
Cell3767	1	6	11	64
Cell3768	1	5	38	15
Cell3769	1	2	22	35
Cell3770	1	3	53	25
Cell3771	1	20	58	14
Cell3772	1	6	31	23
Cell3773	1	16	16	49
Cell3774	1	2	62	4
Cell3775	1	6	31	17
Cell3776	1	18	14	33
Cell3777	1	2	39	62
Cell3778	1	18	14	53
Cell3779	1	19	56	52
Cell3780	1	20	58	41
Cell3781	1	6	60	36
Cell3782	1	8	40	44
Cell3783	1	2	39	14
Cell3784	1	14	21	48
Cell3785	1	1	52	31
Cell3786	1	1	52	7
Cell3787	1	8	25	43
Cell3788	1	9	30	34
Cell3789	1	2	39	30
Cell3790	1	11	43	52
Cell3791	1	11	54	26
Cell3792	1	1	5	62
Cell3793	1	3	53	32
Cell3794	1	1	50	22
Cell3795	1	20	58	41
Cell3796	1	3	20	15
Cell3797	1	4	9	21
Cell3798	1	11	61	62
Cell3799	1	13	33	16
Cell3800	1	6	11	64
Cell3801	1	7	9	40
Cell3802	1	10	32	28
Cell3803	1	3	3	60
Cell3804	1	6	17	6
Cell3806	1	17	41	62
Cell3807	1	6	44	20
Cell3808	1	2	37	58
Cell3809	1	6	60	17
Cell3810	1	3	64	50
Cell3811	1	6	17	6
Cell3812	1	3	64	40
Cell3813	1	2	37	58
Cell3814	1	1	52	31
Cell3815	1	13	33	16
Cell3816	1	2	62	2
Cell3817	1	4	26	58
Cell3820	1	9	18	33
Cell3821	1	10	15	58
Cell3822	1	14	8	2
Cell3823	1	7	62	56
Cell3824	1	6	60	17
Cell3825	1	7	27	3
Cell3826	1	20	58	41
Cell3827	1	8	40	44
Cell3828	1	10	32	15
Cell3829	1	7	2	28
Cell3830	1	19	29	56
Cell3831	1	2	19	25
Cell3832	1	6	11	2
Cell3833	1	19	56	39
Cell3834	1	10	23	51
Cell3835	1	1	45	38
Cell3837	1	16	57	49
Cell3838	1	1	50	62
Cell3839	1	1	45	53
Cell3840	1	8	25	61
Cell3841	1	5	38	42
Cell3842	1	1	6	60
Cell3843	1	1	5	31
Cell3844	1	19	56	39
Cell3845	1	3	3	55
Cell3846	1	3	64	26
Cell3847	1	5	36	42
Cell3848	1	8	40	51
Cell3849	1	15	7	54
Cell3851	1	4	9	19
Cell3852	1	4	9	19
Cell3853	1	9	30	34
Cell3854	1	20	58	60
Cell3855	1	10	23	51
Cell3856	1	15	7	54
Cell3857	1	15	7	43
Cell3858	1	2	39	35
Cell3859	1	6	17	6
Cell3860	1	8	25	61
Cell3861	1	2	37	2
Cell3862	1	2	39	45
Cell3864	1	6	11	64
Cell3865	1	1	14	53
Cell3866	1	3	20	24
Cell3867	1	7	1	19
Cell3868	1	2	37	58
Cell3869	1	2	29	25
Cell3870	1	5	38	28
Cell3871	1	10	23	51
Cell3872	1	13	13	16
Cell3873	1	11	54	26
Cell3874	1	4	9	7
Cell3875	1	13	33	16
Cell3876	1	2	39	7
Cell3877	1	2	22	35
Cell3878	1	12	51	37
Cell3879	1	21	12	7
Cell3881	1	2	22	52
Cell3882	1	9	18	33
Cell3883	1	5	15	60
Cell3884	1	1	14	53
Cell3885	1	2	37	4
Cell3886	1	11	64	30
Cell3887	1	11	61	62
Cell3888	1	5	38	42
Cell3889	1	9	18	33
Cell3890	1	2	37	58
Cell3891	1	12	51	37
Cell3892	1	8	20	15
Cell3893	1	1	6	22
Cell3894	1	8	25	61
Cell3895	1	19	56	39
Cell3896	1	9	18	33
Cell3897	1	1	50	46
Cell3898	1	17	55	63
Cell3899	1	6	17	6
Cell3900	1	3	20	24
Cell3901	1	7	27	47
Cell3902	1	5	36	38
Cell3903	1	3	20	58
Cell3904	1	8	40	44
Cell3905	1	5	38	42
Cell3906	1	1	50	62
Cell3907	1	21	28	11
Cell3908	1	1	45	31
Cell3909	1	6	60	17
Cell3910	1	5	38	56
Cell3912	1	16	48	25
Cell3913	1	10	15	57
Cell3914	1	1	5	7
Cell3915	1	7	27	18
Cell3916	1	1	45	43
Cell3917	1	19	56	39
Cell3918	1	3	3	50
Cell3919	1	1	52	53
Cell3920	1	8	49	46
Cell3921	1	11	54	26
Cell3922	1	13	13	21
Cell3923	1	16	59	49
Cell3924	1	1	5	64
Cell3925	1	1	45	60
Cell3926	1	18	14	8
Cell3927	1	1	6	37
Cell3928	1	7	1	19
Cell3929	1	12	51	13
Cell3930	1	1	5	60
Cell3931	1	3	20	50
Cell3932	1	6	11	64
Cell3933	1	18	14	62
Cell3934	1	2	37	21
Cell3935	1	2	39	58
Cell3936	1	9	61	40
Cell3937	1	4	9	14
Cell3938	1	1	45	31
Cell3939	1	16	48	49
Cell3940	1	4	42	40
Cell3941	1	1	5	5
Cell3942	1	20	58	41
Cell3943	1	9	30	33
Cell3944	1	4	10	62
Cell3945	1	3	3	2
Cell3946	1	1	5	5
Cell3947	1	5	36	42
Cell3948	1	5	38	14
Cell3949	1	12	6	23
Cell3950	1	13	33	16
Cell3951	1	8	49	21
Cell3952	1	8	49	9
Cell3953	1	6	31	2
Cell3954	1	8	40	32
Cell3955	1	3	64	59
Cell3956	1	2	22	32
Cell3957	1	1	51	22
Cell3958	1	5	24	53
Cell3959	1	3	3	29
Cell3960	1	6	60	17
Cell3961	1	5	36	14
Cell3962	1	6	44	2
Cell3963	1	2	62	22
Cell3964	1	16	48	49
Cell3965	1	2	19	25
Cell3966	1	10	32	7
Cell3967	1	4	39	9
Cell3968	1	5	38	42
Cell3969	1	5	38	2
Cell3971	1	1	50	46
Cell3972	1	6	60	17
Cell3973	1	2	39	62
Cell3974	1	2	62	25
Cell3975	1	16	16	49
Cell3976	1	19	56	39
Cell3977	1	10	32	7
Cell3978	1	14	21	48
Cell3979	1	2	22	37
Cell3982	1	6	11	9
Cell3983	1	17	55	63
Cell3984	1	2	62	14
Cell3985	1	6	17	6
Cell3986	1	5	15	55
Cell3987	1	1	6	1
Cell3988	1	16	59	49
Cell3989	1	21	12	11
Cell3990	1	21	12	11
Cell3991	1	7	2	2
Cell3992	1	2	22	29
Cell3993	1	12	51	13
Cell3994	1	12	51	56
Cell3995	1	7	47	43
Cell3996	1	2	19	4
Cell3997	1	16	16	49
Cell3998	1	3	20	24
Cell3999	1	5	15	12
Cell4000	1	20	58	41
