ID	did	seurat_cluster	kmeans_cluster	labels
Cell1	1	14	1	1
Cell2	1	14	1	1
Cell3	1	4	2	2
Cell4	1	4	2	2
Cell5	1	9	1	1
Cell6	1	4	2	2
Cell7	1	12	2	2
Cell8	1	8	1	1
Cell9	1	10	1	1
Cell10	1	2	1	1
Cell11	1	12	2	2
Cell12	1	11	2	2
Cell13	1	7	2	2
Cell14	1	6	2	2
Cell15	1	12	2	2
Cell16	1	1	1	1
Cell18	1	6	2	2
Cell19	1	4	2	2
Cell20	1	3	2	2
Cell21	1	6	2	2
Cell22	1	4	2	2
Cell23	1	2	1	1
Cell24	1	4	2	2
Cell25	1	6	2	2
Cell26	1	3	2	2
Cell27	1	1	1	1
Cell28	1	2	1	1
Cell29	1	6	2	2
Cell30	1	8	1	1
Cell31	1	12	2	2
Cell32	1	6	2	2
Cell33	1	6	2	2
Cell34	1	6	2	2
Cell35	1	4	2	2
Cell36	1	13	2	2
Cell37	1	9	1	1
Cell38	1	3	2	2
Cell39	1	13	2	2
Cell40	1	3	2	2
Cell41	1	2	1	1
Cell42	1	13	2	2
Cell43	1	5	1	1
Cell44	1	9	1	1
Cell45	1	5	1	1
Cell46	1	6	2	2
Cell47	1	1	1	1
Cell48	1	2	1	1
Cell49	1	9	1	1
Cell51	1	8	1	1
Cell52	1	5	1	1
Cell53	1	10	1	1
Cell54	1	1	1	1
Cell55	1	9	1	1
Cell56	1	6	2	2
Cell57	1	2	1	1
Cell58	1	10	1	1
Cell59	1	13	2	2
Cell60	1	5	1	1
Cell61	1	14	1	1
Cell64	1	13	2	2
Cell65	1	13	2	2
Cell66	1	12	2	2
Cell67	1	5	1	1
Cell68	1	6	2	2
Cell69	1	3	2	2
Cell70	1	2	1	1
Cell71	1	3	2	2
Cell72	1	3	2	2
Cell73	1	14	1	1
Cell74	1	1	1	1
Cell75	1	3	2	2
Cell76	1	10	1	1
Cell77	1	10	1	1
Cell78	1	2	1	1
Cell79	1	7	2	2
Cell80	1	12	2	2
Cell81	1	5	1	1
Cell82	1	2	1	1
Cell83	1	10	1	1
Cell84	1	6	2	2
Cell85	1	3	2	2
Cell86	1	10	1	1
Cell87	1	8	1	1
Cell89	1	14	1	1
Cell90	1	11	2	2
Cell91	1	5	1	1
Cell92	1	9	1	1
Cell93	1	8	1	1
Cell94	1	5	1	1
Cell95	1	2	1	1
Cell97	1	1	1	1
Cell98	1	10	1	1
Cell99	1	7	2	2
Cell100	1	14	1	1
Cell101	1	10	1	1
Cell102	1	2	1	1
Cell103	1	6	2	2
Cell104	1	12	2	2
Cell105	1	5	1	1
Cell106	1	6	2	2
Cell107	1	3	2	2
Cell108	1	12	2	2
Cell109	1	3	2	2
Cell110	1	13	2	2
Cell111	1	4	2	2
Cell112	1	4	2	2
Cell113	1	3	2	2
Cell114	1	6	2	2
Cell115	1	8	1	1
Cell116	1	2	1	1
Cell117	1	12	2	2
Cell118	1	7	2	2
Cell119	1	5	1	1
Cell120	1	8	1	1
Cell122	1	5	1	1
Cell123	1	7	2	2
Cell124	1	14	1	1
Cell126	1	9	1	1
Cell127	1	9	1	1
Cell128	1	6	2	2
Cell129	1	2	1	1
Cell130	1	1	1	1
Cell131	1	5	1	1
Cell132	1	8	1	1
Cell133	1	3	2	2
Cell134	1	1	1	1
Cell135	1	14	1	1
Cell136	1	10	1	1
Cell139	1	12	2	2
Cell140	1	13	2	2
Cell141	1	4	2	2
Cell142	1	6	2	2
Cell143	1	11	2	2
Cell144	1	12	2	2
Cell145	1	6	2	2
Cell146	1	4	2	2
Cell147	1	11	2	2
Cell148	1	9	1	1
Cell149	1	10	1	1
Cell150	1	12	2	2
Cell151	1	8	1	1
Cell152	1	8	1	1
Cell153	1	9	1	1
Cell154	1	3	2	2
Cell155	1	4	2	2
Cell156	1	12	2	2
Cell157	1	12	2	2
Cell158	1	3	2	2
Cell159	1	4	2	2
Cell160	1	9	1	1
Cell161	1	1	1	1
Cell162	1	13	2	2
Cell163	1	6	2	2
Cell164	1	10	1	1
Cell165	1	3	2	2
Cell166	1	1	1	1
Cell167	1	12	2	2
Cell168	1	4	2	2
Cell169	1	9	1	1
Cell170	1	7	2	2
Cell171	1	1	1	1
Cell173	1	12	2	2
Cell174	1	3	2	2
Cell175	1	4	2	2
Cell176	1	14	1	1
Cell177	1	7	2	2
Cell178	1	8	1	1
Cell179	1	6	2	2
Cell180	1	6	2	2
Cell181	1	5	1	1
Cell182	1	2	1	1
Cell184	1	12	2	2
Cell185	1	2	1	1
Cell186	1	2	1	1
Cell187	1	6	2	2
Cell188	1	4	2	2
Cell189	1	1	1	1
Cell190	1	7	2	2
Cell192	1	9	1	1
Cell194	1	9	1	1
Cell195	1	9	1	1
Cell196	1	2	1	1
Cell197	1	1	1	1
Cell198	1	1	1	1
Cell199	1	5	1	1
Cell200	1	3	2	2
Cell201	1	8	1	1
Cell202	1	3	2	2
Cell203	1	7	2	2
Cell204	1	7	2	2
Cell205	1	5	1	1
Cell206	1	12	2	2
Cell207	1	12	2	2
Cell208	1	11	2	2
Cell209	1	1	1	1
Cell210	1	1	1	1
Cell211	1	1	1	1
Cell212	1	7	2	2
Cell213	1	7	2	2
Cell214	1	2	1	1
Cell215	1	3	2	2
Cell216	1	14	1	1
Cell217	1	8	1	1
Cell218	1	1	1	1
Cell219	1	6	2	2
Cell220	1	8	1	1
Cell221	1	6	2	2
Cell222	1	4	2	2
Cell223	1	7	2	2
Cell224	1	9	1	1
Cell225	1	6	2	2
Cell226	1	14	1	1
Cell227	1	7	2	2
Cell228	1	14	1	1
Cell229	1	13	2	2
Cell230	1	4	2	2
Cell231	1	7	2	2
Cell232	1	8	1	1
Cell233	1	6	2	2
Cell234	1	7	2	2
Cell235	1	10	1	1
Cell238	1	2	1	1
Cell239	1	12	2	2
Cell240	1	8	1	1
Cell241	1	3	2	2
Cell242	1	11	2	2
Cell243	1	5	1	1
Cell244	1	6	2	2
Cell245	1	1	1	1
Cell246	1	4	2	2
Cell247	1	10	1	1
Cell248	1	4	2	2
Cell249	1	3	2	2
Cell250	1	8	1	1
Cell251	1	12	2	2
Cell252	1	2	1	1
Cell254	1	1	1	1
Cell256	1	3	2	2
Cell257	1	11	2	2
Cell258	1	7	2	2
Cell259	1	5	1	1
Cell260	1	6	2	2
Cell261	1	7	2	2
Cell262	1	5	1	1
Cell263	1	8	1	1
Cell264	1	10	1	1
Cell265	1	1	1	1
Cell266	1	1	1	1
Cell267	1	4	2	2
Cell268	1	8	1	1
Cell269	1	6	2	2
Cell270	1	11	2	2
Cell271	1	11	2	2
Cell272	1	1	1	1
Cell273	1	7	2	2
Cell274	1	2	1	1
Cell275	1	6	2	2
Cell276	1	7	2	2
Cell277	1	9	1	1
Cell278	1	14	1	1
Cell279	1	8	1	1
Cell280	1	1	1	1
Cell281	1	1	1	1
Cell282	1	6	2	2
Cell283	1	2	1	1
Cell284	1	11	2	2
Cell285	1	9	1	1
Cell286	1	2	1	1
Cell287	1	5	1	1
Cell288	1	7	2	2
Cell289	1	2	1	1
Cell290	1	9	1	1
Cell292	1	10	1	1
Cell293	1	9	1	1
Cell294	1	9	1	1
Cell295	1	8	1	1
Cell296	1	4	2	2
Cell297	1	11	2	2
Cell298	1	11	2	2
Cell299	1	6	2	2
Cell301	1	1	1	1
Cell302	1	7	2	2
Cell303	1	7	2	2
Cell304	1	6	2	2
Cell305	1	6	2	2
Cell306	1	9	1	1
Cell307	1	9	1	1
Cell308	1	9	1	1
Cell309	1	5	1	1
Cell310	1	9	1	1
Cell311	1	4	2	2
Cell312	1	1	1	1
Cell314	1	12	2	2
Cell315	1	5	1	1
Cell316	1	12	2	2
Cell317	1	10	1	1
Cell318	1	5	1	1
Cell319	1	12	2	2
Cell320	1	5	1	1
Cell321	1	12	2	2
Cell322	1	10	1	1
Cell323	1	14	1	1
Cell324	1	2	1	1
Cell326	1	9	1	1
Cell327	1	8	1	1
Cell329	1	12	2	2
Cell330	1	2	1	1
Cell331	1	1	1	1
Cell332	1	2	1	1
Cell333	1	2	1	1
Cell334	1	5	1	1
Cell335	1	5	1	1
Cell336	1	10	1	1
Cell337	1	9	1	1
Cell338	1	1	1	1
Cell339	1	4	2	2
Cell340	1	10	1	1
Cell341	1	10	1	1
Cell342	1	4	2	2
Cell343	1	2	1	1
Cell344	1	13	2	2
Cell345	1	5	1	1
Cell346	1	14	1	1
Cell348	1	2	1	1
Cell350	1	2	1	1
Cell351	1	1	1	1
Cell352	1	3	2	2
Cell353	1	5	1	1
Cell354	1	6	2	2
Cell355	1	10	1	1
Cell356	1	8	1	1
Cell357	1	1	1	1
Cell358	1	6	2	2
Cell359	1	7	2	2
Cell360	1	8	1	1
Cell361	1	6	2	2
Cell362	1	3	2	2
Cell363	1	10	1	1
Cell364	1	10	1	1
Cell365	1	8	1	1
Cell366	1	9	1	1
Cell368	1	6	2	2
Cell369	1	5	1	1
Cell370	1	4	2	2
Cell371	1	13	2	2
Cell372	1	6	2	2
Cell373	1	4	2	2
Cell374	1	7	2	2
Cell375	1	6	2	2
Cell376	1	5	1	1
Cell377	1	1	1	1
Cell379	1	9	1	1
Cell380	1	12	2	2
Cell381	1	9	1	1
Cell382	1	3	2	2
Cell383	1	9	1	1
Cell384	1	5	1	1
Cell385	1	11	2	2
Cell386	1	3	2	2
Cell388	1	3	2	2
Cell389	1	2	1	1
Cell390	1	5	1	1
Cell391	1	11	2	2
Cell392	1	6	2	2
Cell393	1	4	2	2
Cell394	1	13	2	2
Cell395	1	11	2	2
Cell396	1	2	1	1
Cell397	1	11	2	2
Cell398	1	14	1	1
Cell399	1	14	1	1
Cell400	1	4	2	2
Cell401	1	1	1	1
Cell402	1	12	2	2
Cell403	1	7	2	2
Cell404	1	3	2	2
Cell405	1	7	2	2
Cell406	1	6	2	2
Cell407	1	8	1	1
Cell408	1	5	1	1
Cell409	1	6	2	2
Cell410	1	4	2	2
Cell411	1	8	1	1
Cell412	1	10	1	1
Cell413	1	6	2	2
Cell414	1	7	2	2
Cell415	1	13	2	2
Cell416	1	13	2	2
Cell417	1	8	1	1
Cell418	1	8	1	1
Cell419	1	1	1	1
Cell420	1	2	1	1
Cell421	1	5	1	1
Cell422	1	4	2	2
Cell423	1	3	2	2
Cell424	1	4	2	2
Cell425	1	8	1	1
Cell426	1	11	2	2
Cell427	1	14	1	1
Cell428	1	12	2	2
Cell429	1	6	2	2
Cell430	1	2	1	1
Cell431	1	3	2	2
Cell432	1	7	2	2
Cell433	1	7	2	2
Cell434	1	2	1	1
Cell435	1	9	1	1
Cell436	1	8	1	1
Cell437	1	7	2	2
Cell438	1	10	1	1
Cell439	1	5	1	1
Cell440	1	9	1	1
Cell442	1	4	2	2
Cell443	1	3	2	2
Cell444	1	11	2	2
Cell445	1	11	2	2
Cell447	1	1	1	1
Cell448	1	5	1	1
Cell449	1	13	2	2
Cell450	1	5	1	1
Cell452	1	9	1	1
Cell453	1	2	1	1
Cell454	1	2	1	1
Cell455	1	2	1	1
Cell456	1	2	1	1
Cell457	1	11	2	2
Cell458	1	1	1	1
Cell459	1	13	2	2
Cell460	1	12	2	2
Cell461	1	2	1	1
Cell462	1	7	2	2
Cell463	1	8	1	1
Cell464	1	4	2	2
Cell465	1	4	2	2
Cell466	1	9	1	1
Cell468	1	2	1	1
Cell469	1	10	1	1
Cell470	1	1	1	1
Cell472	1	12	2	2
Cell473	1	6	2	2
Cell474	1	6	2	2
Cell475	1	12	2	2
Cell476	1	6	2	2
Cell477	1	1	1	1
Cell478	1	13	2	2
Cell479	1	8	1	1
Cell480	1	1	1	1
Cell481	1	7	2	2
Cell482	1	3	2	2
Cell483	1	8	1	1
Cell484	1	14	1	1
Cell485	1	3	2	2
Cell486	1	14	1	1
Cell487	1	5	1	1
Cell488	1	2	1	1
Cell489	1	3	2	2
Cell490	1	9	1	1
Cell491	1	10	1	1
Cell492	1	1	1	1
Cell493	1	13	2	2
Cell494	1	8	1	1
Cell495	1	8	1	1
Cell496	1	11	2	2
Cell497	1	9	1	1
Cell498	1	3	2	2
Cell499	1	1	1	1
Cell500	1	7	2	2
Cell501	1	12	2	2
Cell502	1	8	1	1
Cell503	1	3	2	2
Cell504	1	4	2	2
Cell505	1	2	1	1
Cell506	1	1	1	1
Cell507	1	1	1	1
Cell508	1	2	1	1
Cell509	1	10	1	1
Cell510	1	5	1	1
Cell512	1	10	1	1
Cell513	1	3	2	2
Cell514	1	11	2	2
Cell515	1	10	1	1
Cell516	1	5	1	1
Cell517	1	4	2	2
Cell518	1	1	1	1
Cell519	1	4	2	2
Cell520	1	9	1	1
Cell521	1	7	2	2
Cell522	1	6	2	2
Cell523	1	9	1	1
Cell524	1	6	2	2
Cell525	1	6	2	2
Cell526	1	1	1	1
Cell528	1	6	2	2
Cell529	1	6	2	2
Cell530	1	8	1	1
Cell531	1	2	1	1
Cell532	1	10	1	1
Cell533	1	8	1	1
Cell534	1	9	1	1
Cell535	1	4	2	2
Cell536	1	3	2	2
Cell537	1	7	2	2
Cell538	1	1	1	1
Cell539	1	14	1	1
Cell540	1	8	1	1
Cell541	1	11	2	2
Cell543	1	6	2	2
Cell544	1	11	2	2
Cell545	1	4	2	2
Cell546	1	11	2	2
Cell547	1	2	1	1
Cell548	1	4	2	2
Cell549	1	7	2	2
Cell550	1	14	1	1
Cell551	1	4	2	2
Cell552	1	12	2	2
Cell553	1	2	1	1
Cell554	1	4	2	2
Cell555	1	4	2	2
Cell556	1	8	1	1
Cell557	1	13	2	2
Cell558	1	1	1	1
Cell559	1	1	1	1
Cell560	1	8	1	1
Cell561	1	5	1	1
Cell562	1	7	2	2
Cell563	1	10	1	1
Cell564	1	2	1	1
Cell565	1	6	2	2
Cell566	1	2	1	1
Cell567	1	6	2	2
Cell568	1	8	1	1
Cell569	1	9	1	1
Cell570	1	2	1	1
Cell571	1	7	2	2
Cell572	1	3	2	2
Cell573	1	6	2	2
Cell574	1	6	2	2
Cell575	1	11	2	2
Cell576	1	7	2	2
Cell577	1	3	2	2
Cell578	1	1	1	1
Cell580	1	7	2	2
Cell582	1	2	1	1
Cell583	1	4	2	2
Cell584	1	3	2	2
Cell585	1	12	2	2
Cell586	1	6	2	2
Cell587	1	9	1	1
Cell588	1	13	2	2
Cell589	1	14	1	1
Cell590	1	12	2	2
Cell591	1	10	1	1
Cell592	1	6	2	2
Cell593	1	13	2	2
Cell595	1	1	1	1
Cell596	1	9	1	1
Cell597	1	8	1	1
Cell598	1	7	2	2
Cell599	1	2	1	1
Cell600	1	10	1	1
Cell601	1	1	1	1
Cell602	1	11	2	2
Cell603	1	8	1	1
Cell604	1	8	1	1
Cell606	1	7	2	2
Cell607	1	8	1	1
Cell608	1	9	1	1
Cell609	1	2	1	1
Cell610	1	10	1	1
Cell611	1	7	2	2
Cell612	1	8	1	1
Cell613	1	13	2	2
Cell614	1	12	2	2
Cell615	1	2	1	1
Cell616	1	11	2	2
Cell618	1	12	2	2
Cell619	1	5	1	1
Cell620	1	8	1	1
Cell621	1	7	2	2
Cell622	1	1	1	1
Cell623	1	2	1	1
Cell624	1	2	1	1
Cell626	1	7	2	2
Cell627	1	14	1	1
Cell628	1	4	2	2
Cell629	1	2	1	1
Cell630	1	14	1	1
Cell631	1	8	1	1
Cell633	1	11	2	2
Cell635	1	5	1	1
Cell636	1	11	2	2
Cell637	1	2	1	1
Cell638	1	1	1	1
Cell639	1	9	1	1
Cell640	1	3	2	2
Cell641	1	7	2	2
Cell642	1	2	1	1
Cell643	1	11	2	2
Cell644	1	8	1	1
Cell645	1	3	2	2
Cell646	1	7	2	2
Cell647	1	5	1	1
Cell648	1	6	2	2
Cell649	1	3	2	2
Cell650	1	10	1	1
Cell651	1	11	2	2
Cell652	1	14	1	1
Cell653	1	11	2	2
Cell654	1	7	2	2
Cell655	1	7	2	2
Cell656	1	1	1	1
Cell657	1	8	1	1
Cell658	1	12	2	2
Cell659	1	12	2	2
Cell661	1	6	2	2
Cell662	1	3	2	2
Cell663	1	1	1	1
Cell664	1	12	2	2
Cell665	1	10	1	1
Cell666	1	14	1	1
Cell667	1	8	1	1
Cell668	1	6	2	2
Cell669	1	8	1	1
Cell670	1	3	2	2
Cell671	1	10	1	1
Cell672	1	1	1	1
Cell673	1	2	1	1
Cell674	1	13	2	2
Cell675	1	9	1	1
Cell676	1	3	2	2
Cell677	1	11	2	2
Cell678	1	6	2	2
Cell679	1	11	2	2
Cell680	1	3	2	2
Cell681	1	8	1	1
Cell682	1	5	1	1
Cell683	1	5	1	1
Cell684	1	12	2	2
Cell685	1	11	2	2
Cell686	1	7	2	2
Cell687	1	2	1	1
Cell688	1	5	1	1
Cell689	1	11	2	2
Cell690	1	10	1	1
Cell691	1	5	1	1
Cell692	1	6	2	2
Cell693	1	6	2	2
Cell694	1	10	1	1
Cell695	1	14	1	1
Cell696	1	2	1	1
Cell697	1	1	1	1
Cell698	1	13	2	2
Cell699	1	11	2	2
Cell700	1	11	2	2
Cell701	1	7	2	2
Cell702	1	5	1	1
Cell703	1	2	1	1
Cell704	1	5	1	1
Cell705	1	3	2	2
Cell706	1	10	1	1
Cell707	1	5	1	1
Cell708	1	11	2	2
Cell709	1	7	2	2
Cell710	1	12	2	2
Cell711	1	11	2	2
Cell712	1	4	2	2
Cell713	1	10	1	1
Cell714	1	5	1	1
Cell715	1	5	1	1
Cell716	1	13	2	2
Cell717	1	3	2	2
Cell718	1	14	1	1
Cell719	1	7	2	2
Cell720	1	7	2	2
Cell721	1	11	2	2
Cell722	1	2	1	1
Cell723	1	13	2	2
Cell724	1	9	1	1
Cell725	1	9	1	1
Cell726	1	5	1	1
Cell727	1	9	1	1
Cell728	1	1	1	1
Cell729	1	3	2	2
Cell730	1	6	2	2
Cell731	1	3	2	2
Cell732	1	6	2	2
Cell735	1	7	2	2
Cell736	1	10	1	1
Cell737	1	9	1	1
Cell738	1	2	1	1
Cell739	1	6	2	2
Cell740	1	4	2	2
Cell741	1	2	1	1
Cell742	1	6	2	2
Cell743	1	1	1	1
Cell744	1	2	1	1
Cell745	1	10	1	1
Cell746	1	13	2	2
Cell747	1	10	1	1
Cell748	1	12	2	2
Cell749	1	11	2	2
Cell750	1	2	1	1
Cell751	1	11	2	2
Cell752	1	2	1	1
Cell753	1	12	2	2
Cell754	1	1	1	1
Cell755	1	9	1	1
Cell756	1	13	2	2
Cell757	1	3	2	2
Cell758	1	1	1	1
Cell759	1	1	1	1
Cell760	1	12	2	2
Cell761	1	11	2	2
Cell762	1	2	1	1
Cell763	1	1	1	1
Cell764	1	5	1	1
Cell765	1	9	1	1
Cell766	1	12	2	2
Cell767	1	14	1	1
Cell768	1	1	1	1
Cell769	1	8	1	1
Cell770	1	9	1	1
Cell771	1	10	1	1
Cell772	1	5	1	1
Cell773	1	12	2	2
Cell774	1	4	2	2
Cell775	1	8	1	1
Cell776	1	6	2	2
Cell777	1	11	2	2
Cell778	1	5	1	1
Cell779	1	1	1	1
Cell780	1	14	1	1
Cell781	1	1	1	1
Cell782	1	4	2	2
Cell783	1	5	1	1
Cell784	1	9	1	1
Cell785	1	6	2	2
Cell787	1	10	1	1
Cell788	1	7	2	2
Cell789	1	2	1	1
Cell790	1	10	1	1
Cell791	1	1	1	1
Cell792	1	12	2	2
Cell793	1	4	2	2
Cell794	1	7	2	2
Cell795	1	6	2	2
Cell797	1	14	1	1
Cell798	1	10	1	1
Cell799	1	8	1	1
Cell800	1	10	1	1
Cell801	1	11	2	2
Cell802	1	7	2	2
Cell803	1	7	2	2
Cell804	1	5	1	1
Cell805	1	2	1	1
Cell806	1	5	1	1
Cell807	1	3	2	2
Cell808	1	7	2	2
Cell810	1	9	1	1
Cell811	1	6	2	2
Cell812	1	7	2	2
Cell813	1	5	1	1
Cell814	1	9	1	1
Cell815	1	4	2	2
Cell816	1	9	1	1
Cell817	1	10	1	1
Cell818	1	12	2	2
Cell819	1	5	1	1
Cell820	1	10	1	1
Cell821	1	7	2	2
Cell822	1	3	2	2
Cell823	1	3	2	2
Cell824	1	8	1	1
Cell825	1	7	2	2
Cell826	1	3	2	2
Cell827	1	7	2	2
Cell828	1	12	2	2
Cell829	1	14	1	1
Cell830	1	5	1	1
Cell831	1	8	1	1
Cell832	1	10	1	1
Cell833	1	1	1	1
Cell835	1	12	2	2
Cell838	1	3	2	2
Cell839	1	9	1	1
Cell840	1	4	2	2
Cell841	1	12	2	2
Cell842	1	9	1	1
Cell843	1	4	2	2
Cell844	1	9	1	1
Cell845	1	8	1	1
Cell846	1	1	1	1
Cell847	1	8	1	1
Cell848	1	7	2	2
Cell849	1	5	1	1
Cell850	1	3	2	2
Cell851	1	11	2	2
Cell852	1	1	1	1
Cell853	1	8	1	1
Cell854	1	8	1	1
Cell855	1	14	1	1
Cell856	1	9	1	1
Cell857	1	4	2	2
Cell858	1	7	2	2
Cell859	1	7	2	2
Cell860	1	6	2	2
Cell861	1	7	2	2
Cell862	1	3	2	2
Cell863	1	10	1	1
Cell864	1	1	1	1
Cell865	1	10	1	1
Cell866	1	5	1	1
Cell867	1	8	1	1
Cell868	1	8	1	1
Cell869	1	11	2	2
Cell870	1	2	1	1
Cell871	1	8	1	1
Cell872	1	1	1	1
Cell873	1	6	2	2
Cell874	1	2	1	1
Cell875	1	13	2	2
Cell876	1	2	1	1
Cell877	1	11	2	2
Cell878	1	4	2	2
Cell879	1	5	1	1
Cell880	1	3	2	2
Cell881	1	9	1	1
Cell883	1	2	1	1
Cell884	1	6	2	2
Cell885	1	1	1	1
Cell886	1	7	2	2
Cell887	1	8	1	1
Cell888	1	3	2	2
Cell889	1	4	2	2
Cell890	1	6	2	2
Cell891	1	2	1	1
Cell892	1	3	2	2
Cell893	1	13	2	2
Cell894	1	8	1	1
Cell895	1	1	1	1
Cell896	1	12	2	2
Cell897	1	10	1	1
Cell898	1	9	1	1
Cell899	1	11	2	2
Cell900	1	8	1	1
Cell901	1	9	1	1
Cell902	1	4	2	2
Cell903	1	2	1	1
Cell904	1	6	2	2
Cell905	1	5	1	1
Cell906	1	1	1	1
Cell907	1	12	2	2
Cell908	1	5	1	1
Cell909	1	12	2	2
Cell910	1	2	1	1
Cell912	1	13	2	2
Cell913	1	5	1	1
Cell914	1	5	1	1
Cell915	1	4	2	2
Cell916	1	8	1	1
Cell917	1	8	1	1
Cell918	1	8	1	1
Cell919	1	12	2	2
Cell921	1	3	2	2
Cell922	1	7	2	2
Cell923	1	5	1	1
Cell924	1	5	1	1
Cell925	1	3	2	2
Cell926	1	9	1	1
Cell927	1	2	1	1
Cell928	1	2	1	1
Cell929	1	10	1	1
Cell930	1	3	2	2
Cell931	1	9	1	1
Cell932	1	12	2	2
Cell933	1	2	1	1
Cell934	1	3	2	2
Cell936	1	6	2	2
Cell937	1	4	2	2
Cell938	1	9	1	1
Cell939	1	5	1	1
Cell940	1	8	1	1
Cell941	1	5	1	1
Cell942	1	4	2	2
Cell943	1	7	2	2
Cell944	1	12	2	2
Cell945	1	3	2	2
Cell946	1	4	2	2
Cell947	1	4	2	2
Cell948	1	7	2	2
Cell949	1	3	2	2
Cell950	1	7	2	2
Cell951	1	1	1	1
Cell952	1	13	2	2
Cell953	1	1	1	1
Cell955	1	3	2	2
Cell956	1	4	2	2
Cell958	1	13	2	2
Cell959	1	7	2	2
Cell960	1	12	2	2
Cell961	1	5	1	1
Cell962	1	7	2	2
Cell964	1	13	2	2
Cell965	1	10	1	1
Cell966	1	1	1	1
Cell967	1	7	2	2
Cell968	1	9	1	1
Cell969	1	6	2	2
Cell970	1	12	2	2
Cell971	1	12	2	2
Cell972	1	3	2	2
Cell973	1	7	2	2
Cell974	1	10	1	1
Cell975	1	2	1	1
Cell976	1	2	1	1
Cell977	1	3	2	2
Cell978	1	7	2	2
Cell979	1	5	1	1
Cell980	1	4	2	2
Cell981	1	13	2	2
Cell982	1	12	2	2
Cell983	1	8	1	1
Cell984	1	6	2	2
Cell985	1	2	1	1
Cell986	1	9	1	1
Cell987	1	10	1	1
Cell988	1	10	1	1
Cell989	1	14	1	1
Cell990	1	14	1	1
Cell991	1	1	1	1
Cell992	1	3	2	2
Cell993	1	7	2	2
Cell994	1	14	1	1
Cell995	1	6	2	2
Cell996	1	2	1	1
Cell997	1	4	2	2
Cell998	1	8	1	1
Cell999	1	12	2	2
Cell1000	1	7	2	2
Cell1001	1	13	2	2
Cell1002	1	5	1	1
Cell1003	1	2	1	1
Cell1004	1	7	2	2
Cell1005	1	6	2	2
Cell1006	1	5	1	1
Cell1007	1	11	2	2
Cell1008	1	4	2	2
Cell1009	1	4	2	2
Cell1010	1	9	1	1
Cell1011	1	5	1	1
Cell1012	1	12	2	2
Cell1013	1	2	1	1
Cell1014	1	6	2	2
Cell1015	1	3	2	2
Cell1016	1	4	2	2
Cell1017	1	7	2	2
Cell1018	1	8	1	1
Cell1019	1	8	1	1
Cell1020	1	1	1	1
Cell1021	1	2	1	1
Cell1022	1	1	1	1
Cell1023	1	6	2	2
Cell1024	1	2	1	1
Cell1025	1	8	1	1
Cell1026	1	9	1	1
Cell1027	1	10	1	1
Cell1028	1	12	2	2
Cell1029	1	3	2	2
Cell1030	1	3	2	2
Cell1031	1	8	1	1
Cell1032	1	8	1	1
Cell1033	1	10	1	1
Cell1034	1	14	1	1
Cell1035	1	11	2	2
Cell1036	1	10	1	1
Cell1037	1	8	1	1
Cell1038	1	9	1	1
Cell1039	1	8	1	1
Cell1040	1	6	2	2
Cell1041	1	4	2	2
Cell1042	1	6	2	2
Cell1043	1	12	2	2
Cell1044	1	4	2	2
Cell1045	1	3	2	2
Cell1046	1	3	2	2
Cell1047	1	12	2	2
Cell1048	1	12	2	2
Cell1049	1	2	1	1
Cell1050	1	1	1	1
Cell1051	1	13	2	2
Cell1053	1	8	1	1
Cell1054	1	4	2	2
Cell1055	1	11	2	2
Cell1056	1	9	1	1
Cell1057	1	9	1	1
Cell1058	1	10	1	1
Cell1059	1	10	1	1
Cell1060	1	14	1	1
Cell1061	1	3	2	2
Cell1062	1	2	1	1
Cell1063	1	3	2	2
Cell1064	1	5	1	1
Cell1065	1	2	1	1
Cell1066	1	7	2	2
Cell1067	1	3	2	2
Cell1068	1	14	1	1
Cell1069	1	6	2	2
Cell1070	1	4	2	2
Cell1071	1	9	1	1
Cell1072	1	14	1	1
Cell1073	1	11	2	2
Cell1074	1	4	2	2
Cell1075	1	9	1	1
Cell1076	1	1	1	1
Cell1077	1	8	1	1
Cell1078	1	9	1	1
Cell1079	1	6	2	2
Cell1080	1	7	2	2
Cell1081	1	1	1	1
Cell1082	1	8	1	1
Cell1083	1	7	2	2
Cell1084	1	13	2	2
Cell1085	1	11	2	2
Cell1086	1	6	2	2
Cell1087	1	13	2	2
Cell1088	1	4	2	2
Cell1089	1	4	2	2
Cell1090	1	4	2	2
Cell1091	1	3	2	2
Cell1092	1	3	2	2
Cell1093	1	1	1	1
Cell1094	1	2	1	1
Cell1095	1	4	2	2
Cell1097	1	2	1	1
Cell1098	1	6	2	2
Cell1099	1	7	2	2
Cell1100	1	3	2	2
Cell1101	1	10	1	1
Cell1102	1	4	2	2
Cell1103	1	4	2	2
Cell1104	1	1	1	1
Cell1105	1	3	2	2
Cell1106	1	5	1	1
Cell1107	1	3	2	2
Cell1108	1	6	2	2
Cell1109	1	1	1	1
Cell1110	1	4	2	2
Cell1111	1	8	1	1
Cell1112	1	3	2	2
Cell1113	1	12	2	2
Cell1114	1	3	2	2
Cell1115	1	7	2	2
Cell1116	1	5	1	1
Cell1119	1	6	2	2
Cell1120	1	10	1	1
Cell1121	1	6	2	2
Cell1122	1	12	2	2
Cell1123	1	12	2	2
Cell1124	1	13	2	2
Cell1125	1	4	2	2
Cell1126	1	6	2	2
Cell1127	1	6	2	2
Cell1128	1	7	2	2
Cell1129	1	9	1	1
Cell1130	1	1	1	1
Cell1131	1	6	2	2
Cell1132	1	7	2	2
Cell1133	1	4	2	2
Cell1134	1	12	2	2
Cell1135	1	6	2	2
Cell1136	1	7	2	2
Cell1137	1	3	2	2
Cell1138	1	6	2	2
Cell1139	1	4	2	2
Cell1140	1	3	2	2
Cell1141	1	9	1	1
Cell1142	1	2	1	1
Cell1143	1	9	1	1
Cell1144	1	11	2	2
Cell1145	1	14	1	1
Cell1146	1	9	1	1
Cell1147	1	11	2	2
Cell1148	1	8	1	1
Cell1150	1	1	1	1
Cell1151	1	3	2	2
Cell1152	1	10	1	1
Cell1153	1	8	1	1
Cell1154	1	5	1	1
Cell1156	1	5	1	1
Cell1157	1	6	2	2
Cell1158	1	8	1	1
Cell1160	1	5	1	1
Cell1161	1	2	1	1
Cell1162	1	1	1	1
Cell1163	1	1	1	1
Cell1164	1	9	1	1
Cell1165	1	9	1	1
Cell1166	1	8	1	1
Cell1167	1	8	1	1
Cell1168	1	4	2	2
Cell1169	1	6	2	2
Cell1170	1	10	1	1
Cell1172	1	6	2	2
Cell1173	1	10	1	1
Cell1174	1	14	1	1
Cell1175	1	8	1	1
Cell1176	1	6	2	2
Cell1177	1	2	1	1
Cell1178	1	11	2	2
Cell1179	1	1	1	1
Cell1180	1	13	2	2
Cell1181	1	6	2	2
Cell1183	1	13	2	2
Cell1184	1	1	1	1
Cell1185	1	8	1	1
Cell1186	1	8	1	1
Cell1187	1	4	2	2
Cell1188	1	5	1	1
Cell1189	1	14	1	1
Cell1190	1	3	2	2
Cell1191	1	4	2	2
Cell1192	1	11	2	2
Cell1193	1	4	2	2
Cell1194	1	10	1	1
Cell1195	1	1	1	1
Cell1196	1	11	2	2
Cell1197	1	5	1	1
Cell1198	1	1	1	1
Cell1199	1	2	1	1
Cell1200	1	6	2	2
Cell1201	1	1	1	1
Cell1202	1	6	2	2
Cell1203	1	8	1	1
Cell1204	1	6	2	2
Cell1205	1	9	1	1
Cell1206	1	9	1	1
Cell1207	1	2	1	1
Cell1208	1	4	2	2
Cell1209	1	12	2	2
Cell1210	1	13	2	2
Cell1211	1	12	2	2
Cell1212	1	4	2	2
Cell1213	1	8	1	1
Cell1215	1	3	2	2
Cell1216	1	6	2	2
Cell1217	1	11	2	2
Cell1218	1	6	2	2
Cell1219	1	10	1	1
Cell1220	1	5	1	1
Cell1221	1	9	1	1
Cell1222	1	2	1	1
Cell1223	1	2	1	1
Cell1224	1	7	2	2
Cell1225	1	9	1	1
Cell1226	1	1	1	1
Cell1227	1	1	1	1
Cell1228	1	5	1	1
Cell1229	1	4	2	2
Cell1230	1	9	1	1
Cell1231	1	2	1	1
Cell1232	1	6	2	2
Cell1233	1	5	1	1
Cell1234	1	7	2	2
Cell1235	1	10	1	1
Cell1236	1	9	1	1
Cell1237	1	7	2	2
Cell1239	1	9	1	1
Cell1240	1	1	1	1
Cell1241	1	8	1	1
Cell1242	1	9	1	1
Cell1243	1	10	1	1
Cell1244	1	7	2	2
Cell1245	1	1	1	1
Cell1247	1	5	1	1
Cell1248	1	11	2	2
Cell1249	1	2	1	1
Cell1250	1	12	2	2
Cell1251	1	2	1	1
Cell1252	1	7	2	2
Cell1253	1	4	2	2
Cell1254	1	9	1	1
Cell1255	1	14	1	1
Cell1256	1	10	1	1
Cell1257	1	10	1	1
Cell1258	1	6	2	2
Cell1259	1	3	2	2
Cell1260	1	1	1	1
Cell1261	1	10	1	1
Cell1262	1	6	2	2
Cell1263	1	2	1	1
Cell1264	1	3	2	2
Cell1265	1	7	2	2
Cell1266	1	12	2	2
Cell1267	1	8	1	1
Cell1268	1	9	1	1
Cell1269	1	14	1	1
Cell1270	1	14	1	1
Cell1271	1	11	2	2
Cell1272	1	3	2	2
Cell1273	1	4	2	2
Cell1274	1	5	1	1
Cell1275	1	3	2	2
Cell1276	1	6	2	2
Cell1277	1	3	2	2
Cell1278	1	2	1	1
Cell1279	1	4	2	2
Cell1280	1	3	2	2
Cell1281	1	11	2	2
Cell1282	1	7	2	2
Cell1283	1	6	2	2
Cell1284	1	8	1	1
Cell1285	1	5	1	1
Cell1286	1	6	2	2
Cell1287	1	2	1	1
Cell1288	1	14	1	1
Cell1289	1	7	2	2
Cell1290	1	1	1	1
Cell1291	1	6	2	2
Cell1292	1	4	2	2
Cell1293	1	8	1	1
Cell1294	1	8	1	1
Cell1295	1	1	1	1
Cell1296	1	2	1	1
Cell1297	1	10	1	1
Cell1298	1	3	2	2
Cell1299	1	6	2	2
Cell1300	1	5	1	1
Cell1301	1	4	2	2
Cell1302	1	2	1	1
Cell1303	1	4	2	2
Cell1304	1	6	2	2
Cell1305	1	11	2	2
Cell1306	1	7	2	2
Cell1307	1	10	1	1
Cell1308	1	7	2	2
Cell1309	1	8	1	1
Cell1310	1	14	1	1
Cell1311	1	10	1	1
Cell1312	1	8	1	1
Cell1313	1	6	2	2
Cell1314	1	8	1	1
Cell1315	1	4	2	2
Cell1316	1	8	1	1
Cell1317	1	11	2	2
Cell1318	1	2	1	1
Cell1319	1	2	1	1
Cell1320	1	2	1	1
Cell1321	1	4	2	2
Cell1322	1	4	2	2
Cell1323	1	1	1	1
Cell1324	1	2	1	1
Cell1325	1	7	2	2
Cell1326	1	8	1	1
Cell1327	1	8	1	1
Cell1328	1	11	2	2
Cell1329	1	11	2	2
Cell1330	1	12	2	2
Cell1331	1	2	1	1
Cell1332	1	14	1	1
Cell1333	1	13	2	2
Cell1334	1	8	1	1
Cell1335	1	7	2	2
Cell1336	1	4	2	2
Cell1337	1	14	1	1
Cell1338	1	10	1	1
Cell1339	1	4	2	2
Cell1340	1	6	2	2
Cell1341	1	4	2	2
Cell1342	1	2	1	1
Cell1343	1	6	2	2
Cell1345	1	10	1	1
Cell1346	1	5	1	1
Cell1347	1	2	1	1
Cell1348	1	7	2	2
Cell1349	1	4	2	2
Cell1350	1	10	1	1
Cell1351	1	7	2	2
Cell1353	1	10	1	1
Cell1354	1	11	2	2
Cell1355	1	2	1	1
Cell1356	1	6	2	2
Cell1358	1	14	1	1
Cell1359	1	10	1	1
Cell1360	1	5	1	1
Cell1361	1	13	2	2
Cell1362	1	12	2	2
Cell1363	1	7	2	2
Cell1364	1	7	2	2
Cell1365	1	11	2	2
Cell1366	1	2	1	1
Cell1367	1	9	1	1
Cell1368	1	3	2	2
Cell1369	1	11	2	2
Cell1370	1	3	2	2
Cell1371	1	5	1	1
Cell1372	1	12	2	2
Cell1373	1	6	2	2
Cell1374	1	2	1	1
Cell1375	1	4	2	2
Cell1377	1	3	2	2
Cell1378	1	7	2	2
Cell1379	1	9	1	1
Cell1380	1	1	1	1
Cell1381	1	4	2	2
Cell1382	1	14	1	1
Cell1383	1	3	2	2
Cell1384	1	5	1	1
Cell1385	1	1	1	1
Cell1386	1	3	2	2
Cell1387	1	11	2	2
Cell1388	1	5	1	1
Cell1389	1	6	2	2
Cell1390	1	11	2	2
Cell1391	1	14	1	1
Cell1392	1	1	1	1
Cell1393	1	8	1	1
Cell1394	1	8	1	1
Cell1395	1	2	1	1
Cell1396	1	14	1	1
Cell1397	1	11	2	2
Cell1398	1	13	2	2
Cell1399	1	5	1	1
Cell1400	1	9	1	1
Cell1401	1	2	1	1
Cell1402	1	7	2	2
Cell1403	1	4	2	2
Cell1404	1	4	2	2
Cell1406	1	7	2	2
Cell1407	1	10	1	1
Cell1408	1	2	1	1
Cell1409	1	7	2	2
Cell1410	1	9	1	1
Cell1411	1	5	1	1
Cell1412	1	5	1	1
Cell1413	1	4	2	2
Cell1414	1	3	2	2
Cell1415	1	3	2	2
Cell1416	1	10	1	1
Cell1417	1	10	1	1
Cell1418	1	3	2	2
Cell1419	1	2	1	1
Cell1420	1	10	1	1
Cell1421	1	7	2	2
Cell1422	1	4	2	2
Cell1423	1	1	1	1
Cell1424	1	13	2	2
Cell1425	1	7	2	2
Cell1426	1	4	2	2
Cell1427	1	4	2	2
Cell1428	1	7	2	2
Cell1429	1	14	1	1
Cell1430	1	3	2	2
Cell1431	1	5	1	1
Cell1432	1	13	2	2
Cell1433	1	1	1	1
Cell1434	1	11	2	2
Cell1435	1	2	1	1
Cell1436	1	8	1	1
Cell1437	1	12	2	2
Cell1438	1	6	2	2
Cell1439	1	9	1	1
Cell1440	1	10	1	1
Cell1441	1	12	2	2
Cell1442	1	9	1	1
Cell1443	1	3	2	2
Cell1444	1	10	1	1
Cell1445	1	6	2	2
Cell1446	1	1	1	1
Cell1447	1	12	2	2
Cell1448	1	10	1	1
Cell1449	1	5	1	1
Cell1450	1	2	1	1
Cell1451	1	14	1	1
Cell1452	1	7	2	2
Cell1453	1	2	1	1
Cell1454	1	8	1	1
Cell1455	1	8	1	1
Cell1456	1	8	1	1
Cell1457	1	8	1	1
Cell1458	1	1	1	1
Cell1459	1	13	2	2
Cell1460	1	7	2	2
Cell1461	1	9	1	1
Cell1462	1	5	1	1
Cell1463	1	10	1	1
Cell1465	1	5	1	1
Cell1466	1	5	1	1
Cell1467	1	12	2	2
Cell1468	1	1	1	1
Cell1469	1	1	1	1
Cell1470	1	10	1	1
Cell1471	1	5	1	1
Cell1472	1	1	1	1
Cell1473	1	5	1	1
Cell1474	1	12	2	2
Cell1475	1	7	2	2
Cell1476	1	2	1	1
Cell1477	1	5	1	1
Cell1478	1	2	1	1
Cell1479	1	2	1	1
Cell1480	1	12	2	2
Cell1481	1	13	2	2
Cell1482	1	5	1	1
Cell1483	1	11	2	2
Cell1484	1	12	2	2
Cell1485	1	2	1	1
Cell1486	1	8	1	1
Cell1487	1	14	1	1
Cell1488	1	1	1	1
Cell1489	1	7	2	2
Cell1490	1	14	1	1
Cell1491	1	3	2	2
Cell1492	1	10	1	1
Cell1493	1	12	2	2
Cell1494	1	6	2	2
Cell1495	1	1	1	1
Cell1496	1	14	1	1
Cell1497	1	14	1	1
Cell1498	1	11	2	2
Cell1499	1	9	1	1
Cell1500	1	12	2	2
Cell1501	1	1	1	1
Cell1502	1	3	2	2
Cell1503	1	12	2	2
Cell1504	1	4	2	2
Cell1505	1	6	2	2
Cell1506	1	8	1	1
Cell1507	1	6	2	2
Cell1508	1	8	1	1
Cell1509	1	3	2	2
Cell1510	1	13	2	2
Cell1511	1	3	2	2
Cell1512	1	13	2	2
Cell1513	1	9	1	1
Cell1514	1	4	2	2
Cell1515	1	9	1	1
Cell1516	1	8	1	1
Cell1517	1	7	2	2
Cell1518	1	8	1	1
Cell1519	1	3	2	2
Cell1520	1	9	1	1
Cell1521	1	3	2	2
Cell1522	1	6	2	2
Cell1523	1	9	1	1
Cell1524	1	1	1	1
Cell1525	1	5	1	1
Cell1526	1	13	2	2
Cell1527	1	3	2	2
Cell1528	1	14	1	1
Cell1529	1	7	2	2
Cell1530	1	8	1	1
Cell1531	1	5	1	1
Cell1532	1	9	1	1
Cell1533	1	9	1	1
Cell1534	1	10	1	1
Cell1535	1	10	1	1
Cell1537	1	11	2	2
Cell1538	1	14	1	1
Cell1539	1	11	2	2
Cell1540	1	8	1	1
Cell1541	1	2	1	1
Cell1542	1	5	1	1
Cell1543	1	11	2	2
Cell1544	1	3	2	2
Cell1545	1	1	1	1
Cell1546	1	6	2	2
Cell1547	1	5	1	1
Cell1548	1	6	2	2
Cell1549	1	3	2	2
Cell1550	1	4	2	2
Cell1551	1	12	2	2
Cell1552	1	7	2	2
Cell1553	1	6	2	2
Cell1554	1	9	1	1
Cell1555	1	4	2	2
Cell1556	1	4	2	2
Cell1557	1	1	1	1
Cell1558	1	13	2	2
Cell1559	1	3	2	2
Cell1560	1	7	2	2
Cell1561	1	13	2	2
Cell1562	1	11	2	2
Cell1563	1	12	2	2
Cell1564	1	13	2	2
Cell1565	1	2	1	1
Cell1566	1	5	1	1
Cell1567	1	4	2	2
Cell1568	1	9	1	1
Cell1569	1	3	2	2
Cell1570	1	14	1	1
Cell1571	1	1	1	1
Cell1572	1	9	1	1
Cell1573	1	2	1	1
Cell1574	1	8	1	1
Cell1575	1	1	1	1
Cell1576	1	14	1	1
Cell1577	1	5	1	1
Cell1578	1	11	2	2
Cell1579	1	5	1	1
Cell1580	1	7	2	2
Cell1581	1	14	1	1
Cell1582	1	11	2	2
Cell1583	1	4	2	2
Cell1584	1	9	1	1
Cell1585	1	6	2	2
Cell1586	1	13	2	2
Cell1587	1	8	1	1
Cell1588	1	4	2	2
Cell1589	1	3	2	2
Cell1590	1	10	1	1
Cell1591	1	14	1	1
Cell1592	1	2	1	1
Cell1593	1	1	1	1
Cell1594	1	5	1	1
Cell1595	1	3	2	2
Cell1596	1	4	2	2
Cell1597	1	7	2	2
Cell1598	1	4	2	2
Cell1599	1	6	2	2
Cell1600	1	14	1	1
Cell1601	1	5	1	1
Cell1602	1	6	2	2
Cell1603	1	1	1	1
Cell1604	1	4	2	2
Cell1605	1	9	1	1
Cell1606	1	8	1	1
Cell1607	1	13	2	2
Cell1608	1	10	1	1
Cell1609	1	2	1	1
Cell1610	1	5	1	1
Cell1611	1	2	1	1
Cell1612	1	14	1	1
Cell1613	1	9	1	1
Cell1614	1	9	1	1
Cell1615	1	1	1	1
Cell1616	1	12	2	2
Cell1617	1	3	2	2
Cell1619	1	11	2	2
Cell1620	1	6	2	2
Cell1621	1	5	1	1
Cell1622	1	6	2	2
Cell1623	1	3	2	2
Cell1624	1	5	1	1
Cell1625	1	2	1	1
Cell1626	1	6	2	2
Cell1627	1	5	1	1
Cell1628	1	4	2	2
Cell1629	1	1	1	1
Cell1630	1	9	1	1
Cell1631	1	2	1	1
Cell1632	1	10	1	1
Cell1633	1	12	2	2
Cell1634	1	2	1	1
Cell1635	1	4	2	2
Cell1636	1	5	1	1
Cell1637	1	3	2	2
Cell1638	1	1	1	1
Cell1639	1	14	1	1
Cell1641	1	3	2	2
Cell1642	1	9	1	1
Cell1643	1	5	1	1
Cell1645	1	3	2	2
Cell1646	1	6	2	2
Cell1647	1	2	1	1
Cell1648	1	7	2	2
Cell1649	1	7	2	2
Cell1650	1	9	1	1
Cell1651	1	7	2	2
Cell1652	1	2	1	1
Cell1654	1	4	2	2
Cell1655	1	10	1	1
Cell1656	1	5	1	1
Cell1657	1	10	1	1
Cell1658	1	9	1	1
Cell1659	1	9	1	1
Cell1660	1	8	1	1
Cell1661	1	2	1	1
Cell1662	1	6	2	2
Cell1663	1	11	2	2
Cell1664	1	3	2	2
Cell1665	1	10	1	1
Cell1666	1	6	2	2
Cell1667	1	1	1	1
Cell1668	1	6	2	2
Cell1669	1	10	1	1
Cell1670	1	7	2	2
Cell1671	1	7	2	2
Cell1672	1	6	2	2
Cell1673	1	11	2	2
Cell1674	1	8	1	1
Cell1675	1	2	1	1
Cell1676	1	5	1	1
Cell1677	1	1	1	1
Cell1678	1	4	2	2
Cell1679	1	1	1	1
Cell1680	1	1	1	1
Cell1681	1	8	1	1
Cell1682	1	13	2	2
Cell1683	1	9	1	1
Cell1684	1	11	2	2
Cell1685	1	12	2	2
Cell1686	1	2	1	1
Cell1687	1	4	2	2
Cell1688	1	7	2	2
Cell1689	1	8	1	1
Cell1690	1	1	1	1
Cell1691	1	14	1	1
Cell1692	1	2	1	1
Cell1693	1	10	1	1
Cell1694	1	12	2	2
Cell1695	1	12	2	2
Cell1696	1	4	2	2
Cell1697	1	6	2	2
Cell1698	1	6	2	2
Cell1699	1	6	2	2
Cell1700	1	1	1	1
Cell1701	1	7	2	2
Cell1702	1	5	1	1
Cell1703	1	13	2	2
Cell1704	1	3	2	2
Cell1706	1	9	1	1
Cell1707	1	2	1	1
Cell1708	1	11	2	2
Cell1709	1	3	2	2
Cell1710	1	14	1	1
Cell1711	1	1	1	1
Cell1712	1	12	2	2
Cell1713	1	1	1	1
Cell1714	1	10	1	1
Cell1715	1	4	2	2
Cell1716	1	2	1	1
Cell1717	1	1	1	1
Cell1718	1	11	2	2
Cell1719	1	12	2	2
Cell1720	1	7	2	2
Cell1721	1	4	2	2
Cell1722	1	3	2	2
Cell1724	1	8	1	1
Cell1725	1	2	1	1
Cell1726	1	8	1	1
Cell1727	1	9	1	1
Cell1729	1	5	1	1
Cell1730	1	9	1	1
Cell1732	1	2	1	1
Cell1734	1	9	1	1
Cell1735	1	2	1	1
Cell1736	1	12	2	2
Cell1737	1	6	2	2
Cell1738	1	12	2	2
Cell1739	1	6	2	2
Cell1740	1	6	2	2
Cell1742	1	12	2	2
Cell1743	1	2	1	1
Cell1744	1	13	2	2
Cell1746	1	5	1	1
Cell1747	1	2	1	1
Cell1748	1	4	2	2
Cell1749	1	5	1	1
Cell1750	1	1	1	1
Cell1751	1	7	2	2
Cell1752	1	14	1	1
Cell1753	1	13	2	2
Cell1754	1	2	1	1
Cell1755	1	4	2	2
Cell1756	1	4	2	2
Cell1757	1	6	2	2
Cell1758	1	8	1	1
Cell1759	1	12	2	2
Cell1760	1	9	1	1
Cell1761	1	3	2	2
Cell1762	1	4	2	2
Cell1763	1	13	2	2
Cell1764	1	1	1	1
Cell1765	1	14	1	1
Cell1766	1	7	2	2
Cell1767	1	10	1	1
Cell1768	1	6	2	2
Cell1769	1	5	1	1
Cell1770	1	7	2	2
Cell1771	1	7	2	2
Cell1772	1	2	1	1
Cell1773	1	9	1	1
Cell1774	1	11	2	2
Cell1776	1	4	2	2
Cell1777	1	5	1	1
Cell1778	1	1	1	1
Cell1780	1	2	1	1
Cell1781	1	8	1	1
Cell1782	1	1	1	1
Cell1783	1	3	2	2
Cell1784	1	8	1	1
Cell1785	1	9	1	1
Cell1787	1	3	2	2
Cell1788	1	2	1	1
Cell1789	1	5	1	1
Cell1790	1	1	1	1
Cell1791	1	10	1	1
Cell1792	1	3	2	2
Cell1793	1	8	1	1
Cell1794	1	2	1	1
Cell1795	1	8	1	1
Cell1796	1	11	2	2
Cell1797	1	11	2	2
Cell1798	1	6	2	2
Cell1799	1	7	2	2
Cell1800	1	5	1	1
Cell1801	1	3	2	2
Cell1802	1	9	1	1
Cell1803	1	6	2	2
Cell1804	1	9	1	1
Cell1805	1	1	1	1
Cell1806	1	3	2	2
Cell1807	1	8	1	1
Cell1808	1	9	1	1
Cell1809	1	6	2	2
Cell1810	1	3	2	2
Cell1811	1	5	1	1
Cell1812	1	6	2	2
Cell1813	1	5	1	1
Cell1814	1	6	2	2
Cell1815	1	10	1	1
Cell1816	1	13	2	2
Cell1817	1	6	2	2
Cell1818	1	2	1	1
Cell1819	1	11	2	2
Cell1820	1	6	2	2
Cell1821	1	2	1	1
Cell1822	1	13	2	2
Cell1823	1	12	2	2
Cell1824	1	6	2	2
Cell1825	1	5	1	1
Cell1826	1	3	2	2
Cell1827	1	8	1	1
Cell1828	1	4	2	2
Cell1829	1	3	2	2
Cell1830	1	11	2	2
Cell1831	1	13	2	2
Cell1832	1	3	2	2
Cell1833	1	2	1	1
Cell1834	1	9	1	1
Cell1835	1	6	2	2
Cell1836	1	9	1	1
Cell1837	1	10	1	1
Cell1839	1	9	1	1
Cell1840	1	2	1	1
Cell1841	1	7	2	2
Cell1842	1	3	2	2
Cell1844	1	2	1	1
Cell1846	1	13	2	2
Cell1847	1	12	2	2
Cell1848	1	7	2	2
Cell1849	1	1	1	1
Cell1850	1	1	1	1
Cell1852	1	5	1	1
Cell1853	1	12	2	2
Cell1854	1	11	2	2
Cell1855	1	10	1	1
Cell1856	1	13	2	2
Cell1857	1	4	2	2
Cell1858	1	7	2	2
Cell1859	1	12	2	2
Cell1860	1	6	2	2
Cell1861	1	6	2	2
Cell1862	1	8	1	1
Cell1863	1	9	1	1
Cell1864	1	7	2	2
Cell1865	1	5	1	1
Cell1866	1	8	1	1
Cell1867	1	1	1	1
Cell1868	1	1	1	1
Cell1870	1	6	2	2
Cell1871	1	12	2	2
Cell1872	1	9	1	1
Cell1873	1	4	2	2
Cell1875	1	5	1	1
Cell1876	1	10	1	1
Cell1877	1	9	1	1
Cell1878	1	2	1	1
Cell1879	1	11	2	2
Cell1880	1	2	1	1
Cell1881	1	2	1	1
Cell1882	1	6	2	2
Cell1883	1	2	1	1
Cell1884	1	4	2	2
Cell1885	1	2	1	1
Cell1886	1	10	1	1
Cell1887	1	11	2	2
Cell1888	1	3	2	2
Cell1889	1	8	1	1
Cell1890	1	8	1	1
Cell1891	1	11	2	2
Cell1892	1	13	2	2
Cell1893	1	12	2	2
Cell1894	1	8	1	1
Cell1895	1	1	1	1
Cell1896	1	2	1	1
Cell1897	1	5	1	1
Cell1898	1	4	2	2
Cell1899	1	2	1	1
Cell1900	1	4	2	2
Cell1901	1	1	1	1
Cell1902	1	7	2	2
Cell1903	1	7	2	2
Cell1904	1	5	1	1
Cell1905	1	14	1	1
Cell1906	1	6	2	2
Cell1907	1	13	2	2
Cell1908	1	3	2	2
Cell1909	1	8	1	1
Cell1910	1	8	1	1
Cell1911	1	11	2	2
Cell1912	1	4	2	2
Cell1913	1	3	2	2
Cell1915	1	8	1	1
Cell1916	1	14	1	1
Cell1917	1	8	1	1
Cell1918	1	7	2	2
Cell1919	1	5	1	1
Cell1921	1	9	1	1
Cell1922	1	12	2	2
Cell1923	1	11	2	2
Cell1924	1	8	1	1
Cell1925	1	8	1	1
Cell1927	1	2	1	1
Cell1928	1	2	1	1
Cell1929	1	3	2	2
Cell1930	1	4	2	2
Cell1931	1	7	2	2
Cell1932	1	7	2	2
Cell1933	1	3	2	2
Cell1934	1	14	1	1
Cell1935	1	12	2	2
Cell1936	1	6	2	2
Cell1937	1	9	1	1
Cell1938	1	14	1	1
Cell1939	1	7	2	2
Cell1940	1	4	2	2
Cell1941	1	4	2	2
Cell1942	1	9	1	1
Cell1943	1	13	2	2
Cell1944	1	6	2	2
Cell1945	1	5	1	1
Cell1946	1	6	2	2
Cell1947	1	7	2	2
Cell1948	1	1	1	1
Cell1949	1	1	1	1
Cell1950	1	13	2	2
Cell1951	1	7	2	2
Cell1952	1	10	1	1
Cell1953	1	13	2	2
Cell1954	1	12	2	2
Cell1956	1	5	1	1
Cell1957	1	14	1	1
Cell1958	1	4	2	2
Cell1959	1	3	2	2
Cell1960	1	6	2	2
Cell1961	1	12	2	2
Cell1962	1	14	1	1
Cell1963	1	3	2	2
Cell1964	1	4	2	2
Cell1965	1	10	1	1
Cell1966	1	10	1	1
Cell1967	1	3	2	2
Cell1969	1	14	1	1
Cell1970	1	10	1	1
Cell1971	1	2	1	1
Cell1972	1	7	2	2
Cell1973	1	13	2	2
Cell1974	1	4	2	2
Cell1975	1	3	2	2
Cell1976	1	13	2	2
Cell1977	1	6	2	2
Cell1979	1	10	1	1
Cell1980	1	13	2	2
Cell1981	1	10	1	1
Cell1982	1	3	2	2
Cell1983	1	1	1	1
Cell1984	1	2	1	1
Cell1985	1	8	1	1
Cell1986	1	8	1	1
Cell1987	1	2	1	1
Cell1988	1	11	2	2
Cell1989	1	14	1	1
Cell1990	1	12	2	2
Cell1991	1	11	2	2
Cell1992	1	4	2	2
Cell1993	1	7	2	2
Cell1994	1	3	2	2
Cell1995	1	1	1	1
Cell1996	1	5	1	1
Cell1997	1	3	2	2
Cell1998	1	1	1	1
Cell1999	1	14	1	1
Cell2000	1	7	2	2
Cell2002	1	3	2	2
Cell2003	1	1	1	1
Cell2004	1	12	2	2
Cell2005	1	8	1	1
Cell2006	1	4	2	2
Cell2007	1	5	1	1
Cell2008	1	9	1	1
Cell2009	1	13	2	2
Cell2010	1	7	2	2
Cell2011	1	11	2	2
Cell2012	1	7	2	2
Cell2013	1	7	2	2
Cell2014	1	9	1	1
Cell2015	1	1	1	1
Cell2016	1	7	2	2
Cell2017	1	13	2	2
Cell2018	1	14	1	1
Cell2019	1	10	1	1
Cell2020	1	12	2	2
Cell2021	1	7	2	2
Cell2022	1	14	1	1
Cell2023	1	9	1	1
Cell2024	1	3	2	2
Cell2025	1	2	1	1
Cell2026	1	8	1	1
Cell2027	1	2	1	1
Cell2028	1	8	1	1
Cell2030	1	4	2	2
Cell2031	1	9	1	1
Cell2032	1	14	1	1
Cell2034	1	4	2	2
Cell2035	1	3	2	2
Cell2036	1	10	1	1
Cell2037	1	1	1	1
Cell2038	1	2	1	1
Cell2039	1	6	2	2
Cell2040	1	11	2	2
Cell2041	1	3	2	2
Cell2042	1	5	1	1
Cell2043	1	5	1	1
Cell2044	1	5	1	1
Cell2045	1	4	2	2
Cell2046	1	1	1	1
Cell2047	1	3	2	2
Cell2048	1	9	1	1
Cell2049	1	2	1	1
Cell2050	1	11	2	2
Cell2051	1	8	1	1
Cell2053	1	14	1	1
Cell2054	1	4	2	2
Cell2055	1	4	2	2
Cell2056	1	2	1	1
Cell2057	1	12	2	2
Cell2059	1	12	2	2
Cell2060	1	6	2	2
Cell2061	1	2	1	1
Cell2062	1	1	1	1
Cell2063	1	5	1	1
Cell2064	1	14	1	1
Cell2065	1	4	2	2
Cell2066	1	4	2	2
Cell2069	1	14	1	1
Cell2070	1	9	1	1
Cell2071	1	6	2	2
Cell2072	1	6	2	2
Cell2073	1	7	2	2
Cell2074	1	8	1	1
Cell2075	1	1	1	1
Cell2076	1	4	2	2
Cell2077	1	4	2	2
Cell2078	1	6	2	2
Cell2079	1	9	1	1
Cell2080	1	4	2	2
Cell2081	1	8	1	1
Cell2082	1	11	2	2
Cell2083	1	8	1	1
Cell2084	1	10	1	1
Cell2085	1	4	2	2
Cell2087	1	1	1	1
Cell2088	1	11	2	2
Cell2089	1	1	1	1
Cell2090	1	3	2	2
Cell2091	1	6	2	2
Cell2092	1	14	1	1
Cell2093	1	8	1	1
Cell2094	1	1	1	1
Cell2095	1	1	1	1
Cell2096	1	7	2	2
Cell2098	1	10	1	1
Cell2099	1	6	2	2
Cell2101	1	1	1	1
Cell2102	1	7	2	2
Cell2103	1	7	2	2
Cell2104	1	5	1	1
Cell2105	1	2	1	1
Cell2106	1	8	1	1
Cell2107	1	6	2	2
Cell2108	1	12	2	2
Cell2109	1	1	1	1
Cell2110	1	7	2	2
Cell2111	1	9	1	1
Cell2113	1	8	1	1
Cell2114	1	2	1	1
Cell2116	1	12	2	2
Cell2117	1	4	2	2
Cell2118	1	8	1	1
Cell2119	1	4	2	2
Cell2120	1	2	1	1
Cell2121	1	4	2	2
Cell2122	1	3	2	2
Cell2123	1	5	1	1
Cell2125	1	13	2	2
Cell2126	1	13	2	2
Cell2127	1	4	2	2
Cell2128	1	8	1	1
Cell2129	1	2	1	1
Cell2130	1	7	2	2
Cell2131	1	1	1	1
Cell2132	1	10	1	1
Cell2133	1	7	2	2
Cell2134	1	1	1	1
Cell2135	1	3	2	2
Cell2136	1	2	1	1
Cell2137	1	14	1	1
Cell2138	1	8	1	1
Cell2139	1	8	1	1
Cell2140	1	10	1	1
Cell2141	1	4	2	2
Cell2142	1	2	1	1
Cell2143	1	4	2	2
Cell2144	1	11	2	2
Cell2145	1	3	2	2
Cell2146	1	5	1	1
Cell2147	1	1	1	1
Cell2149	1	6	2	2
Cell2150	1	8	1	1
Cell2151	1	6	2	2
Cell2152	1	12	2	2
Cell2153	1	2	1	1
Cell2154	1	4	2	2
Cell2156	1	5	1	1
Cell2157	1	1	1	1
Cell2158	1	14	1	1
Cell2159	1	4	2	2
Cell2161	1	11	2	2
Cell2162	1	4	2	2
Cell2163	1	11	2	2
Cell2164	1	6	2	2
Cell2165	1	5	1	1
Cell2166	1	5	1	1
Cell2167	1	7	2	2
Cell2168	1	12	2	2
Cell2169	1	1	1	1
Cell2170	1	4	2	2
Cell2171	1	6	2	2
Cell2172	1	10	1	1
Cell2173	1	3	2	2
Cell2174	1	9	1	1
Cell2175	1	3	2	2
Cell2176	1	8	1	1
Cell2177	1	14	1	1
Cell2178	1	7	2	2
Cell2180	1	10	1	1
Cell2181	1	8	1	1
Cell2182	1	10	1	1
Cell2183	1	5	1	1
Cell2184	1	10	1	1
Cell2185	1	2	1	1
Cell2187	1	3	2	2
Cell2188	1	3	2	2
Cell2189	1	8	1	1
Cell2190	1	1	1	1
Cell2191	1	6	2	2
Cell2192	1	10	1	1
Cell2193	1	8	1	1
Cell2194	1	7	2	2
Cell2195	1	4	2	2
Cell2196	1	8	1	1
Cell2197	1	3	2	2
Cell2198	1	8	1	1
Cell2199	1	5	1	1
Cell2200	1	2	1	1
Cell2201	1	3	2	2
Cell2202	1	13	2	2
Cell2203	1	7	2	2
Cell2204	1	11	2	2
Cell2205	1	2	1	1
Cell2206	1	13	2	2
Cell2207	1	3	2	2
Cell2208	1	5	1	1
Cell2209	1	3	2	2
Cell2210	1	13	2	2
Cell2212	1	11	2	2
Cell2213	1	3	2	2
Cell2214	1	12	2	2
Cell2215	1	3	2	2
Cell2216	1	5	1	1
Cell2217	1	8	1	1
Cell2218	1	8	1	1
Cell2219	1	4	2	2
Cell2220	1	2	1	1
Cell2221	1	3	2	2
Cell2222	1	5	1	1
Cell2223	1	7	2	2
Cell2224	1	10	1	1
Cell2225	1	13	2	2
Cell2226	1	9	1	1
Cell2227	1	1	1	1
Cell2228	1	12	2	2
Cell2229	1	3	2	2
Cell2230	1	13	2	2
Cell2231	1	4	2	2
Cell2232	1	2	1	1
Cell2233	1	5	1	1
Cell2235	1	2	1	1
Cell2236	1	1	1	1
Cell2237	1	8	1	1
Cell2238	1	2	1	1
Cell2239	1	12	2	2
Cell2240	1	14	1	1
Cell2241	1	8	1	1
Cell2242	1	12	2	2
Cell2243	1	6	2	2
Cell2244	1	8	1	1
Cell2246	1	1	1	1
Cell2247	1	10	1	1
Cell2248	1	11	2	2
Cell2249	1	8	1	1
Cell2250	1	7	2	2
Cell2251	1	4	2	2
Cell2252	1	1	1	1
Cell2253	1	12	2	2
Cell2254	1	3	2	2
Cell2255	1	1	1	1
Cell2256	1	8	1	1
Cell2257	1	1	1	1
Cell2258	1	1	1	1
Cell2259	1	14	1	1
Cell2260	1	13	2	2
Cell2261	1	3	2	2
Cell2262	1	4	2	2
Cell2263	1	5	1	1
Cell2264	1	9	1	1
Cell2266	1	4	2	2
Cell2267	1	2	1	1
Cell2268	1	5	1	1
Cell2269	1	7	2	2
Cell2270	1	10	1	1
Cell2271	1	10	1	1
Cell2272	1	6	2	2
Cell2273	1	9	1	1
Cell2274	1	13	2	2
Cell2275	1	6	2	2
Cell2276	1	7	2	2
Cell2277	1	6	2	2
Cell2278	1	9	1	1
Cell2279	1	4	2	2
Cell2280	1	3	2	2
Cell2281	1	10	1	1
Cell2282	1	13	2	2
Cell2283	1	5	1	1
Cell2285	1	10	1	1
Cell2286	1	14	1	1
Cell2287	1	12	2	2
Cell2288	1	9	1	1
Cell2289	1	7	2	2
Cell2290	1	7	2	2
Cell2291	1	9	1	1
Cell2292	1	3	2	2
Cell2294	1	2	1	1
Cell2295	1	12	2	2
Cell2297	1	2	1	1
Cell2299	1	8	1	1
Cell2300	1	2	1	1
Cell2301	1	14	1	1
Cell2302	1	7	2	2
Cell2303	1	3	2	2
Cell2304	1	4	2	2
Cell2305	1	11	2	2
Cell2306	1	3	2	2
Cell2307	1	9	1	1
Cell2308	1	4	2	2
Cell2309	1	2	1	1
Cell2310	1	2	1	1
Cell2311	1	5	1	1
Cell2312	1	13	2	2
Cell2313	1	4	2	2
Cell2314	1	14	1	1
Cell2315	1	2	1	1
Cell2316	1	10	1	1
Cell2317	1	5	1	1
Cell2318	1	11	2	2
Cell2319	1	9	1	1
Cell2320	1	9	1	1
Cell2321	1	1	1	1
Cell2322	1	5	1	1
Cell2323	1	3	2	2
Cell2324	1	5	1	1
Cell2325	1	8	1	1
Cell2326	1	12	2	2
Cell2327	1	8	1	1
Cell2328	1	1	1	1
Cell2329	1	12	2	2
Cell2330	1	10	1	1
Cell2331	1	2	1	1
Cell2332	1	1	1	1
Cell2333	1	10	1	1
Cell2334	1	2	1	1
Cell2335	1	11	2	2
Cell2336	1	8	1	1
Cell2337	1	8	1	1
Cell2338	1	10	1	1
Cell2339	1	1	1	1
Cell2340	1	7	2	2
Cell2341	1	2	1	1
Cell2342	1	13	2	2
Cell2343	1	2	1	1
Cell2344	1	8	1	1
Cell2345	1	10	1	1
Cell2346	1	9	1	1
Cell2347	1	14	1	1
Cell2348	1	2	1	1
Cell2349	1	4	2	2
Cell2350	1	7	2	2
Cell2351	1	7	2	2
Cell2353	1	7	2	2
Cell2354	1	12	2	2
Cell2355	1	8	1	1
Cell2356	1	8	1	1
Cell2357	1	13	2	2
Cell2358	1	11	2	2
Cell2359	1	1	1	1
Cell2360	1	2	1	1
Cell2361	1	10	1	1
Cell2362	1	7	2	2
Cell2363	1	4	2	2
Cell2364	1	7	2	2
Cell2365	1	1	1	1
Cell2366	1	3	2	2
Cell2367	1	4	2	2
Cell2368	1	4	2	2
Cell2369	1	7	2	2
Cell2370	1	2	1	1
Cell2371	1	11	2	2
Cell2372	1	4	2	2
Cell2373	1	6	2	2
Cell2374	1	7	2	2
Cell2375	1	12	2	2
Cell2376	1	7	2	2
Cell2377	1	4	2	2
Cell2378	1	11	2	2
Cell2379	1	9	1	1
Cell2380	1	9	1	1
Cell2381	1	2	1	1
Cell2382	1	9	1	1
Cell2383	1	4	2	2
Cell2384	1	11	2	2
Cell2385	1	6	2	2
Cell2386	1	9	1	1
Cell2387	1	5	1	1
Cell2388	1	10	1	1
Cell2389	1	7	2	2
Cell2391	1	9	1	1
Cell2392	1	5	1	1
Cell2393	1	14	1	1
Cell2394	1	11	2	2
Cell2395	1	1	1	1
Cell2396	1	6	2	2
Cell2397	1	1	1	1
Cell2398	1	3	2	2
Cell2399	1	7	2	2
Cell2400	1	10	1	1
Cell2401	1	3	2	2
Cell2402	1	9	1	1
Cell2403	1	3	2	2
Cell2404	1	5	1	1
Cell2405	1	11	2	2
Cell2406	1	1	1	1
Cell2407	1	2	1	1
Cell2408	1	8	1	1
Cell2409	1	10	1	1
Cell2410	1	11	2	2
Cell2411	1	4	2	2
Cell2412	1	9	1	1
Cell2413	1	4	2	2
Cell2414	1	11	2	2
Cell2415	1	14	1	1
Cell2416	1	4	2	2
Cell2417	1	5	1	1
Cell2418	1	2	1	1
Cell2419	1	2	1	1
Cell2420	1	11	2	2
Cell2421	1	9	1	1
Cell2422	1	4	2	2
Cell2423	1	13	2	2
Cell2424	1	6	2	2
Cell2425	1	10	1	1
Cell2426	1	7	2	2
Cell2427	1	9	1	1
Cell2428	1	7	2	2
Cell2429	1	14	1	1
Cell2430	1	4	2	2
Cell2431	1	11	2	2
Cell2432	1	12	2	2
Cell2433	1	13	2	2
Cell2434	1	4	2	2
Cell2436	1	8	1	1
Cell2437	1	4	2	2
Cell2438	1	9	1	1
Cell2439	1	1	1	1
Cell2440	1	4	2	2
Cell2441	1	3	2	2
Cell2442	1	11	2	2
Cell2443	1	8	1	1
Cell2444	1	6	2	2
Cell2445	1	8	1	1
Cell2446	1	5	1	1
Cell2447	1	8	1	1
Cell2449	1	4	2	2
Cell2450	1	11	2	2
Cell2451	1	4	2	2
Cell2452	1	14	1	1
Cell2453	1	3	2	2
Cell2454	1	11	2	2
Cell2455	1	6	2	2
Cell2456	1	12	2	2
Cell2457	1	7	2	2
Cell2458	1	5	1	1
Cell2459	1	9	1	1
Cell2460	1	2	1	1
Cell2461	1	14	1	1
Cell2462	1	3	2	2
Cell2463	1	1	1	1
Cell2464	1	6	2	2
Cell2465	1	12	2	2
Cell2466	1	6	2	2
Cell2467	1	1	1	1
Cell2468	1	5	1	1
Cell2469	1	11	2	2
Cell2470	1	1	1	1
Cell2471	1	8	1	1
Cell2472	1	1	1	1
Cell2473	1	3	2	2
Cell2474	1	5	1	1
Cell2475	1	11	2	2
Cell2476	1	11	2	2
Cell2477	1	3	2	2
Cell2478	1	3	2	2
Cell2479	1	10	1	1
Cell2480	1	1	1	1
Cell2481	1	4	2	2
Cell2482	1	1	1	1
Cell2483	1	7	2	2
Cell2484	1	9	1	1
Cell2485	1	5	1	1
Cell2486	1	8	1	1
Cell2487	1	3	2	2
Cell2488	1	10	1	1
Cell2489	1	1	1	1
Cell2490	1	9	1	1
Cell2491	1	6	2	2
Cell2492	1	14	1	1
Cell2493	1	10	1	1
Cell2494	1	10	1	1
Cell2495	1	9	1	1
Cell2496	1	13	2	2
Cell2497	1	14	1	1
Cell2498	1	13	2	2
Cell2499	1	1	1	1
Cell2500	1	6	2	2
Cell2501	1	7	2	2
Cell2502	1	6	2	2
Cell2503	1	1	1	1
Cell2504	1	12	2	2
Cell2505	1	12	2	2
Cell2506	1	3	2	2
Cell2507	1	1	1	1
Cell2508	1	7	2	2
Cell2509	1	6	2	2
Cell2510	1	3	2	2
Cell2511	1	12	2	2
Cell2512	1	11	2	2
Cell2513	1	8	1	1
Cell2514	1	13	2	2
Cell2515	1	6	2	2
Cell2516	1	8	1	1
Cell2517	1	1	1	1
Cell2518	1	2	1	1
Cell2519	1	9	1	1
Cell2520	1	13	2	2
Cell2521	1	3	2	2
Cell2522	1	7	2	2
Cell2524	1	5	1	1
Cell2525	1	6	2	2
Cell2526	1	1	1	1
Cell2527	1	2	1	1
Cell2528	1	6	2	2
Cell2529	1	4	2	2
Cell2530	1	14	1	1
Cell2531	1	14	1	1
Cell2532	1	3	2	2
Cell2533	1	1	1	1
Cell2534	1	9	1	1
Cell2535	1	3	2	2
Cell2536	1	1	1	1
Cell2537	1	3	2	2
Cell2538	1	4	2	2
Cell2539	1	14	1	1
Cell2540	1	1	1	1
Cell2541	1	8	1	1
Cell2542	1	5	1	1
Cell2543	1	7	2	2
Cell2544	1	1	1	1
Cell2545	1	8	1	1
Cell2546	1	11	2	2
Cell2547	1	6	2	2
Cell2548	1	7	2	2
Cell2549	1	12	2	2
Cell2550	1	1	1	1
Cell2551	1	2	1	1
Cell2552	1	9	1	1
Cell2553	1	9	1	1
Cell2555	1	11	2	2
Cell2556	1	11	2	2
Cell2557	1	3	2	2
Cell2558	1	4	2	2
Cell2559	1	7	2	2
Cell2560	1	7	2	2
Cell2561	1	5	1	1
Cell2562	1	10	1	1
Cell2563	1	8	1	1
Cell2564	1	4	2	2
Cell2565	1	12	2	2
Cell2566	1	6	2	2
Cell2567	1	9	1	1
Cell2568	1	11	2	2
Cell2569	1	3	2	2
Cell2570	1	2	1	1
Cell2571	1	10	1	1
Cell2572	1	2	1	1
Cell2573	1	1	1	1
Cell2574	1	10	1	1
Cell2575	1	8	1	1
Cell2576	1	8	1	1
Cell2577	1	2	1	1
Cell2578	1	14	1	1
Cell2579	1	5	1	1
Cell2580	1	14	1	1
Cell2581	1	7	2	2
Cell2582	1	9	1	1
Cell2583	1	9	1	1
Cell2584	1	8	1	1
Cell2585	1	6	2	2
Cell2586	1	7	2	2
Cell2587	1	8	1	1
Cell2588	1	5	1	1
Cell2589	1	1	1	1
Cell2590	1	2	1	1
Cell2591	1	7	2	2
Cell2592	1	14	1	1
Cell2593	1	11	2	2
Cell2594	1	13	2	2
Cell2595	1	2	1	1
Cell2596	1	9	1	1
Cell2597	1	10	1	1
Cell2598	1	5	1	1
Cell2599	1	11	2	2
Cell2601	1	14	1	1
Cell2603	1	10	1	1
Cell2604	1	4	2	2
Cell2605	1	4	2	2
Cell2606	1	4	2	2
Cell2607	1	5	1	1
Cell2608	1	5	1	1
Cell2609	1	5	1	1
Cell2610	1	11	2	2
Cell2611	1	5	1	1
Cell2612	1	4	2	2
Cell2613	1	5	1	1
Cell2614	1	9	1	1
Cell2615	1	10	1	1
Cell2616	1	2	1	1
Cell2617	1	5	1	1
Cell2618	1	3	2	2
Cell2619	1	8	1	1
Cell2620	1	10	1	1
Cell2621	1	6	2	2
Cell2622	1	2	1	1
Cell2623	1	8	1	1
Cell2624	1	8	1	1
Cell2626	1	2	1	1
Cell2627	1	11	2	2
Cell2628	1	11	2	2
Cell2629	1	13	2	2
Cell2630	1	14	1	1
Cell2631	1	2	1	1
Cell2632	1	4	2	2
Cell2633	1	10	1	1
Cell2634	1	12	2	2
Cell2635	1	5	1	1
Cell2636	1	7	2	2
Cell2638	1	12	2	2
Cell2639	1	8	1	1
Cell2640	1	7	2	2
Cell2641	1	6	2	2
Cell2642	1	1	1	1
Cell2643	1	7	2	2
Cell2644	1	4	2	2
Cell2645	1	4	2	2
Cell2647	1	9	1	1
Cell2648	1	11	2	2
Cell2649	1	10	1	1
Cell2650	1	6	2	2
Cell2651	1	4	2	2
Cell2652	1	6	2	2
Cell2653	1	10	1	1
Cell2654	1	5	1	1
Cell2655	1	12	2	2
Cell2656	1	11	2	2
Cell2657	1	2	1	1
Cell2658	1	2	1	1
Cell2659	1	14	1	1
Cell2660	1	1	1	1
Cell2661	1	9	1	1
Cell2662	1	1	1	1
Cell2663	1	3	2	2
Cell2664	1	10	1	1
Cell2666	1	5	1	1
Cell2667	1	6	2	2
Cell2668	1	4	2	2
Cell2669	1	13	2	2
Cell2670	1	6	2	2
Cell2671	1	4	2	2
Cell2672	1	7	2	2
Cell2673	1	6	2	2
Cell2674	1	14	1	1
Cell2675	1	6	2	2
Cell2676	1	5	1	1
Cell2679	1	1	1	1
Cell2680	1	7	2	2
Cell2681	1	5	1	1
Cell2682	1	2	1	1
Cell2683	1	7	2	2
Cell2684	1	9	1	1
Cell2685	1	5	1	1
Cell2686	1	4	2	2
Cell2687	1	3	2	2
Cell2688	1	10	1	1
Cell2689	1	1	1	1
Cell2690	1	6	2	2
Cell2691	1	2	1	1
Cell2692	1	7	2	2
Cell2693	1	3	2	2
Cell2694	1	14	1	1
Cell2695	1	4	2	2
Cell2696	1	6	2	2
Cell2697	1	3	2	2
Cell2698	1	3	2	2
Cell2699	1	10	1	1
Cell2701	1	8	1	1
Cell2702	1	14	1	1
Cell2703	1	1	1	1
Cell2704	1	1	1	1
Cell2705	1	10	1	1
Cell2706	1	5	1	1
Cell2707	1	5	1	1
Cell2710	1	5	1	1
Cell2711	1	4	2	2
Cell2712	1	13	2	2
Cell2714	1	1	1	1
Cell2715	1	6	2	2
Cell2716	1	4	2	2
Cell2717	1	1	1	1
Cell2718	1	8	1	1
Cell2719	1	9	1	1
Cell2720	1	9	1	1
Cell2721	1	9	1	1
Cell2722	1	4	2	2
Cell2723	1	2	1	1
Cell2724	1	7	2	2
Cell2725	1	5	1	1
Cell2726	1	2	1	1
Cell2727	1	5	1	1
Cell2728	1	4	2	2
Cell2729	1	14	1	1
Cell2731	1	6	2	2
Cell2732	1	7	2	2
Cell2733	1	10	1	1
Cell2734	1	6	2	2
Cell2735	1	7	2	2
Cell2736	1	7	2	2
Cell2737	1	5	1	1
Cell2738	1	1	1	1
Cell2739	1	6	2	2
Cell2740	1	8	1	1
Cell2741	1	6	2	2
Cell2742	1	10	1	1
Cell2743	1	6	2	2
Cell2744	1	7	2	2
Cell2745	1	9	1	1
Cell2746	1	7	2	2
Cell2747	1	1	1	1
Cell2748	1	1	1	1
Cell2749	1	11	2	2
Cell2750	1	13	2	2
Cell2751	1	2	1	1
Cell2752	1	14	1	1
Cell2753	1	7	2	2
Cell2754	1	10	1	1
Cell2755	1	10	1	1
Cell2756	1	2	1	1
Cell2757	1	5	1	1
Cell2758	1	5	1	1
Cell2759	1	14	1	1
Cell2760	1	4	2	2
Cell2761	1	4	2	2
Cell2762	1	3	2	2
Cell2763	1	9	1	1
Cell2764	1	2	1	1
Cell2765	1	5	1	1
Cell2766	1	8	1	1
Cell2767	1	8	1	1
Cell2768	1	5	1	1
Cell2769	1	6	2	2
Cell2770	1	4	2	2
Cell2771	1	2	1	1
Cell2772	1	3	2	2
Cell2773	1	3	2	2
Cell2774	1	14	1	1
Cell2775	1	10	1	1
Cell2776	1	10	1	1
Cell2778	1	1	1	1
Cell2779	1	6	2	2
Cell2780	1	12	2	2
Cell2781	1	6	2	2
Cell2782	1	3	2	2
Cell2783	1	10	1	1
Cell2784	1	11	2	2
Cell2785	1	14	1	1
Cell2786	1	6	2	2
Cell2787	1	8	1	1
Cell2788	1	8	1	1
Cell2789	1	14	1	1
Cell2790	1	11	2	2
Cell2791	1	2	1	1
Cell2792	1	9	1	1
Cell2793	1	7	2	2
Cell2794	1	13	2	2
Cell2795	1	3	2	2
Cell2796	1	7	2	2
Cell2797	1	1	1	1
Cell2798	1	13	2	2
Cell2799	1	7	2	2
Cell2800	1	3	2	2
Cell2801	1	5	1	1
Cell2802	1	1	1	1
Cell2803	1	6	2	2
Cell2804	1	9	1	1
Cell2806	1	4	2	2
Cell2807	1	5	1	1
Cell2808	1	5	1	1
Cell2809	1	6	2	2
Cell2810	1	3	2	2
Cell2811	1	2	1	1
Cell2812	1	8	1	1
Cell2813	1	11	2	2
Cell2814	1	13	2	2
Cell2815	1	8	1	1
Cell2816	1	2	1	1
Cell2817	1	11	2	2
Cell2820	1	12	2	2
Cell2821	1	14	1	1
Cell2822	1	7	2	2
Cell2823	1	6	2	2
Cell2824	1	9	1	1
Cell2825	1	7	2	2
Cell2826	1	4	2	2
Cell2827	1	2	1	1
Cell2828	1	14	1	1
Cell2829	1	8	1	1
Cell2830	1	1	1	1
Cell2831	1	2	1	1
Cell2832	1	4	2	2
Cell2833	1	14	1	1
Cell2834	1	1	1	1
Cell2835	1	10	1	1
Cell2837	1	4	2	2
Cell2838	1	2	1	1
Cell2839	1	1	1	1
Cell2840	1	1	1	1
Cell2841	1	10	1	1
Cell2842	1	2	1	1
Cell2843	1	1	1	1
Cell2844	1	1	1	1
Cell2845	1	7	2	2
Cell2846	1	1	1	1
Cell2847	1	1	1	1
Cell2848	1	7	2	2
Cell2849	1	6	2	2
Cell2851	1	9	1	1
Cell2852	1	12	2	2
Cell2853	1	2	1	1
Cell2854	1	6	2	2
Cell2855	1	2	1	1
Cell2856	1	9	1	1
Cell2857	1	9	1	1
Cell2858	1	2	1	1
Cell2859	1	1	1	1
Cell2860	1	11	2	2
Cell2861	1	9	1	1
Cell2862	1	11	2	2
Cell2863	1	9	1	1
Cell2864	1	8	1	1
Cell2865	1	4	2	2
Cell2866	1	6	2	2
Cell2867	1	2	1	1
Cell2868	1	4	2	2
Cell2869	1	8	1	1
Cell2870	1	2	1	1
Cell2871	1	3	2	2
Cell2872	1	3	2	2
Cell2873	1	1	1	1
Cell2874	1	4	2	2
Cell2875	1	10	1	1
Cell2876	1	4	2	2
Cell2877	1	7	2	2
Cell2878	1	3	2	2
Cell2879	1	9	1	1
Cell2881	1	13	2	2
Cell2882	1	1	1	1
Cell2883	1	10	1	1
Cell2884	1	2	1	1
Cell2885	1	2	1	1
Cell2886	1	6	2	2
Cell2887	1	9	1	1
Cell2888	1	3	2	2
Cell2889	1	12	2	2
Cell2890	1	8	1	1
Cell2891	1	1	1	1
Cell2892	1	1	1	1
Cell2893	1	3	2	2
Cell2894	1	1	1	1
Cell2895	1	12	2	2
Cell2896	1	8	1	1
Cell2897	1	5	1	1
Cell2898	1	5	1	1
Cell2899	1	6	2	2
Cell2900	1	4	2	2
Cell2901	1	5	1	1
Cell2902	1	11	2	2
Cell2903	1	14	1	1
Cell2904	1	2	1	1
Cell2905	1	6	2	2
Cell2906	1	1	1	1
Cell2908	1	7	2	2
Cell2909	1	2	1	1
Cell2910	1	1	1	1
Cell2912	1	3	2	2
Cell2913	1	8	1	1
Cell2914	1	4	2	2
Cell2915	1	9	1	1
Cell2916	1	7	2	2
Cell2917	1	7	2	2
Cell2918	1	10	1	1
Cell2919	1	9	1	1
Cell2920	1	7	2	2
Cell2921	1	12	2	2
Cell2922	1	12	2	2
Cell2923	1	1	1	1
Cell2924	1	3	2	2
Cell2925	1	13	2	2
Cell2926	1	7	2	2
Cell2927	1	2	1	1
Cell2928	1	14	1	1
Cell2929	1	14	1	1
Cell2930	1	11	2	2
Cell2931	1	4	2	2
Cell2932	1	9	1	1
Cell2933	1	11	2	2
Cell2934	1	1	1	1
Cell2935	1	3	2	2
Cell2936	1	10	1	1
Cell2937	1	2	1	1
Cell2938	1	12	2	2
Cell2939	1	9	1	1
Cell2940	1	4	2	2
Cell2941	1	5	1	1
Cell2942	1	10	1	1
Cell2943	1	1	1	1
Cell2944	1	10	1	1
Cell2945	1	4	2	2
Cell2946	1	12	2	2
Cell2947	1	8	1	1
Cell2948	1	7	2	2
Cell2949	1	10	1	1
Cell2950	1	5	1	1
Cell2951	1	13	2	2
Cell2952	1	4	2	2
Cell2953	1	8	1	1
Cell2954	1	7	2	2
Cell2955	1	1	1	1
Cell2956	1	8	1	1
Cell2957	1	6	2	2
Cell2958	1	6	2	2
Cell2959	1	7	2	2
Cell2960	1	6	2	2
Cell2961	1	8	1	1
Cell2962	1	10	1	1
Cell2963	1	1	1	1
Cell2964	1	11	2	2
Cell2965	1	4	2	2
Cell2966	1	2	1	1
Cell2967	1	1	1	1
Cell2968	1	5	1	1
Cell2969	1	1	1	1
Cell2971	1	1	1	1
Cell2972	1	12	2	2
Cell2973	1	4	2	2
Cell2974	1	1	1	1
Cell2975	1	5	1	1
Cell2976	1	8	1	1
Cell2977	1	4	2	2
Cell2978	1	3	2	2
Cell2979	1	3	2	2
Cell2982	1	5	1	1
Cell2983	1	2	1	1
Cell2984	1	3	2	2
Cell2985	1	6	2	2
Cell2986	1	12	2	2
Cell2987	1	11	2	2
Cell2988	1	5	1	1
Cell2989	1	1	1	1
Cell2990	1	8	1	1
Cell2991	1	8	1	1
Cell2992	1	10	1	1
Cell2993	1	3	2	2
Cell2995	1	7	2	2
Cell2996	1	11	2	2
Cell2997	1	7	2	2
Cell2998	1	5	1	1
Cell2999	1	7	2	2
Cell3000	1	10	1	1
Cell3001	1	9	1	1
Cell3002	1	11	2	2
Cell3003	1	1	1	1
Cell3004	1	4	2	2
Cell3005	1	7	2	2
Cell3006	1	1	1	1
Cell3007	1	9	1	1
Cell3008	1	1	1	1
Cell3009	1	10	1	1
Cell3010	1	13	2	2
Cell3011	1	7	2	2
Cell3012	1	4	2	2
Cell3013	1	1	1	1
Cell3015	1	6	2	2
Cell3017	1	11	2	2
Cell3018	1	5	1	1
Cell3019	1	4	2	2
Cell3020	1	10	1	1
Cell3021	1	14	1	1
Cell3022	1	1	1	1
Cell3023	1	4	2	2
Cell3024	1	8	1	1
Cell3025	1	2	1	1
Cell3026	1	10	1	1
Cell3027	1	13	2	2
Cell3028	1	7	2	2
Cell3029	1	7	2	2
Cell3030	1	11	2	2
Cell3031	1	10	1	1
Cell3032	1	5	1	1
Cell3033	1	2	1	1
Cell3034	1	11	2	2
Cell3035	1	4	2	2
Cell3037	1	6	2	2
Cell3038	1	14	1	1
Cell3039	1	7	2	2
Cell3040	1	1	1	1
Cell3041	1	3	2	2
Cell3042	1	5	1	1
Cell3043	1	9	1	1
Cell3044	1	8	1	1
Cell3046	1	13	2	2
Cell3048	1	7	2	2
Cell3049	1	1	1	1
Cell3050	1	9	1	1
Cell3051	1	4	2	2
Cell3052	1	1	1	1
Cell3053	1	11	2	2
Cell3054	1	14	1	1
Cell3055	1	7	2	2
Cell3056	1	14	1	1
Cell3058	1	1	1	1
Cell3059	1	11	2	2
Cell3060	1	4	2	2
Cell3061	1	8	1	1
Cell3062	1	10	1	1
Cell3063	1	9	1	1
Cell3064	1	7	2	2
Cell3065	1	13	2	2
Cell3066	1	9	1	1
Cell3067	1	3	2	2
Cell3068	1	5	1	1
Cell3069	1	10	1	1
Cell3070	1	8	1	1
Cell3071	1	2	1	1
Cell3072	1	4	2	2
Cell3073	1	14	1	1
Cell3074	1	6	2	2
Cell3075	1	5	1	1
Cell3076	1	2	1	1
Cell3077	1	1	1	1
Cell3078	1	8	1	1
Cell3079	1	2	1	1
Cell3080	1	2	1	1
Cell3081	1	11	2	2
Cell3082	1	6	2	2
Cell3083	1	13	2	2
Cell3084	1	8	1	1
Cell3085	1	10	1	1
Cell3086	1	3	2	2
Cell3087	1	4	2	2
Cell3088	1	12	2	2
Cell3090	1	4	2	2
Cell3091	1	11	2	2
Cell3092	1	14	1	1
Cell3093	1	8	1	1
Cell3094	1	1	1	1
Cell3095	1	3	2	2
Cell3096	1	13	2	2
Cell3097	1	1	1	1
Cell3098	1	2	1	1
Cell3099	1	1	1	1
Cell3100	1	1	1	1
Cell3101	1	5	1	1
Cell3102	1	3	2	2
Cell3103	1	5	1	1
Cell3104	1	5	1	1
Cell3105	1	5	1	1
Cell3106	1	3	2	2
Cell3107	1	6	2	2
Cell3108	1	8	1	1
Cell3109	1	8	1	1
Cell3110	1	12	2	2
Cell3111	1	12	2	2
Cell3112	1	1	1	1
Cell3113	1	5	1	1
Cell3114	1	7	2	2
Cell3115	1	8	1	1
Cell3116	1	8	1	1
Cell3117	1	1	1	1
Cell3118	1	4	2	2
Cell3119	1	3	2	2
Cell3120	1	5	1	1
Cell3121	1	5	1	1
Cell3122	1	11	2	2
Cell3124	1	3	2	2
Cell3125	1	3	2	2
Cell3126	1	7	2	2
Cell3127	1	10	1	1
Cell3128	1	3	2	2
Cell3129	1	4	2	2
Cell3130	1	9	1	1
Cell3131	1	3	2	2
Cell3132	1	11	2	2
Cell3133	1	4	2	2
Cell3134	1	1	1	1
Cell3135	1	10	1	1
Cell3136	1	2	1	1
Cell3137	1	3	2	2
Cell3138	1	12	2	2
Cell3139	1	8	1	1
Cell3140	1	2	1	1
Cell3141	1	2	1	1
Cell3142	1	9	1	1
Cell3143	1	11	2	2
Cell3144	1	9	1	1
Cell3145	1	11	2	2
Cell3146	1	1	1	1
Cell3147	1	7	2	2
Cell3148	1	8	1	1
Cell3149	1	10	1	1
Cell3150	1	5	1	1
Cell3151	1	11	2	2
Cell3152	1	11	2	2
Cell3153	1	2	1	1
Cell3154	1	3	2	2
Cell3155	1	7	2	2
Cell3156	1	10	1	1
Cell3157	1	8	1	1
Cell3158	1	4	2	2
Cell3159	1	10	1	1
Cell3160	1	8	1	1
Cell3161	1	6	2	2
Cell3162	1	2	1	1
Cell3163	1	4	2	2
Cell3165	1	6	2	2
Cell3166	1	10	1	1
Cell3167	1	3	2	2
Cell3168	1	10	1	1
Cell3169	1	4	2	2
Cell3170	1	5	1	1
Cell3171	1	5	1	1
Cell3172	1	12	2	2
Cell3175	1	8	1	1
Cell3176	1	9	1	1
Cell3177	1	12	2	2
Cell3178	1	8	1	1
Cell3179	1	8	1	1
Cell3180	1	8	1	1
Cell3181	1	2	1	1
Cell3182	1	9	1	1
Cell3183	1	4	2	2
Cell3184	1	7	2	2
Cell3185	1	12	2	2
Cell3186	1	11	2	2
Cell3187	1	14	1	1
Cell3188	1	8	1	1
Cell3189	1	6	2	2
Cell3190	1	10	1	1
Cell3191	1	2	1	1
Cell3192	1	12	2	2
Cell3193	1	3	2	2
Cell3194	1	8	1	1
Cell3195	1	9	1	1
Cell3196	1	1	1	1
Cell3197	1	10	1	1
Cell3198	1	5	1	1
Cell3199	1	9	1	1
Cell3200	1	8	1	1
Cell3201	1	5	1	1
Cell3202	1	13	2	2
Cell3203	1	14	1	1
Cell3204	1	8	1	1
Cell3205	1	12	2	2
Cell3206	1	12	2	2
Cell3207	1	13	2	2
Cell3208	1	11	2	2
Cell3209	1	8	1	1
Cell3210	1	11	2	2
Cell3211	1	2	1	1
Cell3212	1	5	1	1
Cell3213	1	10	1	1
Cell3214	1	4	2	2
Cell3216	1	3	2	2
Cell3217	1	13	2	2
Cell3218	1	2	1	1
Cell3219	1	13	2	2
Cell3220	1	5	1	1
Cell3221	1	9	1	1
Cell3222	1	12	2	2
Cell3223	1	6	2	2
Cell3224	1	12	2	2
Cell3225	1	5	1	1
Cell3226	1	4	2	2
Cell3227	1	8	1	1
Cell3228	1	9	1	1
Cell3229	1	2	1	1
Cell3230	1	4	2	2
Cell3231	1	9	1	1
Cell3232	1	2	1	1
Cell3233	1	7	2	2
Cell3234	1	9	1	1
Cell3235	1	3	2	2
Cell3236	1	10	1	1
Cell3237	1	1	1	1
Cell3238	1	10	1	1
Cell3239	1	3	2	2
Cell3240	1	12	2	2
Cell3241	1	14	1	1
Cell3242	1	5	1	1
Cell3243	1	8	1	1
Cell3244	1	14	1	1
Cell3245	1	9	1	1
Cell3246	1	4	2	2
Cell3247	1	9	1	1
Cell3248	1	5	1	1
Cell3249	1	1	1	1
Cell3250	1	7	2	2
Cell3251	1	2	1	1
Cell3252	1	6	2	2
Cell3253	1	9	1	1
Cell3254	1	13	2	2
Cell3255	1	1	1	1
Cell3256	1	2	1	1
Cell3257	1	8	1	1
Cell3258	1	3	2	2
Cell3259	1	1	1	1
Cell3260	1	11	2	2
Cell3261	1	5	1	1
Cell3262	1	13	2	2
Cell3263	1	6	2	2
Cell3264	1	1	1	1
Cell3265	1	6	2	2
Cell3266	1	12	2	2
Cell3267	1	8	1	1
Cell3268	1	11	2	2
Cell3269	1	13	2	2
Cell3270	1	8	1	1
Cell3272	1	13	2	2
Cell3273	1	10	1	1
Cell3274	1	2	1	1
Cell3275	1	13	2	2
Cell3276	1	8	1	1
Cell3277	1	9	1	1
Cell3278	1	3	2	2
Cell3279	1	6	2	2
Cell3280	1	14	1	1
Cell3281	1	8	1	1
Cell3282	1	7	2	2
Cell3284	1	6	2	2
Cell3285	1	6	2	2
Cell3286	1	14	1	1
Cell3287	1	8	1	1
Cell3288	1	3	2	2
Cell3290	1	5	1	1
Cell3291	1	4	2	2
Cell3292	1	14	1	1
Cell3293	1	1	1	1
Cell3294	1	8	1	1
Cell3295	1	13	2	2
Cell3296	1	8	1	1
Cell3297	1	5	1	1
Cell3298	1	2	1	1
Cell3299	1	6	2	2
Cell3300	1	8	1	1
Cell3301	1	2	1	1
Cell3302	1	8	1	1
Cell3303	1	10	1	1
Cell3304	1	6	2	2
Cell3305	1	12	2	2
Cell3306	1	7	2	2
Cell3307	1	11	2	2
Cell3308	1	10	1	1
Cell3309	1	13	2	2
Cell3311	1	3	2	2
Cell3312	1	7	2	2
Cell3313	1	6	2	2
Cell3314	1	12	2	2
Cell3315	1	2	1	1
Cell3316	1	3	2	2
Cell3317	1	1	1	1
Cell3318	1	2	1	1
Cell3319	1	3	2	2
Cell3320	1	9	1	1
Cell3321	1	3	2	2
Cell3322	1	3	2	2
Cell3323	1	8	1	1
Cell3324	1	6	2	2
Cell3325	1	1	1	1
Cell3326	1	1	1	1
Cell3327	1	4	2	2
Cell3328	1	8	1	1
Cell3329	1	5	1	1
Cell3330	1	4	2	2
Cell3331	1	9	1	1
Cell3332	1	12	2	2
Cell3333	1	6	2	2
Cell3334	1	1	1	1
Cell3335	1	1	1	1
Cell3336	1	12	2	2
Cell3337	1	13	2	2
Cell3338	1	4	2	2
Cell3339	1	6	2	2
Cell3340	1	5	1	1
Cell3341	1	1	1	1
Cell3342	1	13	2	2
Cell3343	1	2	1	1
Cell3344	1	6	2	2
Cell3345	1	14	1	1
Cell3346	1	4	2	2
Cell3347	1	7	2	2
Cell3348	1	1	1	1
Cell3349	1	14	1	1
Cell3350	1	7	2	2
Cell3352	1	12	2	2
Cell3353	1	10	1	1
Cell3355	1	7	2	2
Cell3356	1	4	2	2
Cell3357	1	10	1	1
Cell3358	1	1	1	1
Cell3359	1	7	2	2
Cell3360	1	2	1	1
Cell3361	1	7	2	2
Cell3362	1	2	1	1
Cell3363	1	12	2	2
Cell3364	1	2	1	1
Cell3365	1	7	2	2
Cell3366	1	3	2	2
Cell3367	1	13	2	2
Cell3368	1	11	2	2
Cell3369	1	14	1	1
Cell3370	1	5	1	1
Cell3371	1	12	2	2
Cell3373	1	14	1	1
Cell3374	1	4	2	2
Cell3375	1	4	2	2
Cell3376	1	4	2	2
Cell3377	1	12	2	2
Cell3378	1	9	1	1
Cell3379	1	7	2	2
Cell3380	1	11	2	2
Cell3381	1	14	1	1
Cell3382	1	13	2	2
Cell3383	1	6	2	2
Cell3384	1	14	1	1
Cell3385	1	13	2	2
Cell3386	1	6	2	2
Cell3387	1	4	2	2
Cell3388	1	14	1	1
Cell3389	1	4	2	2
Cell3390	1	5	1	1
Cell3391	1	2	1	1
Cell3392	1	5	1	1
Cell3393	1	1	1	1
Cell3394	1	12	2	2
Cell3395	1	6	2	2
Cell3396	1	2	1	1
Cell3397	1	3	2	2
Cell3398	1	9	1	1
Cell3399	1	11	2	2
Cell3400	1	1	1	1
Cell3401	1	8	1	1
Cell3402	1	11	2	2
Cell3403	1	11	2	2
Cell3404	1	6	2	2
Cell3405	1	7	2	2
Cell3406	1	11	2	2
Cell3407	1	2	1	1
Cell3408	1	10	1	1
Cell3409	1	11	2	2
Cell3410	1	10	1	1
Cell3411	1	11	2	2
Cell3412	1	8	1	1
Cell3413	1	1	1	1
Cell3414	1	8	1	1
Cell3415	1	12	2	2
Cell3416	1	11	2	2
Cell3418	1	8	1	1
Cell3419	1	10	1	1
Cell3420	1	12	2	2
Cell3421	1	5	1	1
Cell3422	1	9	1	1
Cell3423	1	3	2	2
Cell3424	1	1	1	1
Cell3425	1	9	1	1
Cell3426	1	12	2	2
Cell3427	1	1	1	1
Cell3428	1	6	2	2
Cell3429	1	3	2	2
Cell3430	1	10	1	1
Cell3431	1	6	2	2
Cell3432	1	6	2	2
Cell3433	1	1	1	1
Cell3434	1	8	1	1
Cell3435	1	12	2	2
Cell3436	1	12	2	2
Cell3437	1	9	1	1
Cell3438	1	4	2	2
Cell3440	1	8	1	1
Cell3441	1	3	2	2
Cell3442	1	10	1	1
Cell3443	1	2	1	1
Cell3444	1	11	2	2
Cell3445	1	2	1	1
Cell3446	1	8	1	1
Cell3447	1	1	1	1
Cell3448	1	9	1	1
Cell3449	1	2	1	1
Cell3451	1	8	1	1
Cell3452	1	2	1	1
Cell3453	1	5	1	1
Cell3454	1	6	2	2
Cell3455	1	12	2	2
Cell3456	1	5	1	1
Cell3457	1	4	2	2
Cell3458	1	11	2	2
Cell3459	1	5	1	1
Cell3460	1	8	1	1
Cell3461	1	3	2	2
Cell3462	1	8	1	1
Cell3463	1	8	1	1
Cell3464	1	5	1	1
Cell3465	1	1	1	1
Cell3466	1	9	1	1
Cell3467	1	6	2	2
Cell3468	1	14	1	1
Cell3469	1	3	2	2
Cell3471	1	6	2	2
Cell3472	1	6	2	2
Cell3473	1	5	1	1
Cell3474	1	11	2	2
Cell3476	1	4	2	2
Cell3477	1	7	2	2
Cell3478	1	7	2	2
Cell3479	1	5	1	1
Cell3480	1	8	1	1
Cell3482	1	5	1	1
Cell3483	1	3	2	2
Cell3484	1	7	2	2
Cell3485	1	4	2	2
Cell3486	1	6	2	2
Cell3487	1	14	1	1
Cell3488	1	11	2	2
Cell3489	1	1	1	1
Cell3490	1	1	1	1
Cell3491	1	1	1	1
Cell3492	1	7	2	2
Cell3493	1	8	1	1
Cell3494	1	7	2	2
Cell3495	1	7	2	2
Cell3496	1	6	2	2
Cell3497	1	3	2	2
Cell3498	1	11	2	2
Cell3499	1	12	2	2
Cell3500	1	3	2	2
Cell3501	1	12	2	2
Cell3502	1	5	1	1
Cell3503	1	4	2	2
Cell3504	1	7	2	2
Cell3505	1	9	1	1
Cell3506	1	7	2	2
Cell3507	1	10	1	1
Cell3508	1	11	2	2
Cell3509	1	10	1	1
Cell3510	1	5	1	1
Cell3512	1	5	1	1
Cell3514	1	8	1	1
Cell3515	1	8	1	1
Cell3516	1	3	2	2
Cell3517	1	9	1	1
Cell3518	1	4	2	2
Cell3519	1	6	2	2
Cell3520	1	11	2	2
Cell3521	1	11	2	2
Cell3523	1	9	1	1
Cell3524	1	3	2	2
Cell3525	1	5	1	1
Cell3526	1	7	2	2
Cell3527	1	4	2	2
Cell3528	1	7	2	2
Cell3529	1	5	1	1
Cell3530	1	12	2	2
Cell3531	1	9	1	1
Cell3532	1	10	1	1
Cell3533	1	5	1	1
Cell3534	1	8	1	1
Cell3535	1	6	2	2
Cell3536	1	6	2	2
Cell3537	1	3	2	2
Cell3538	1	8	1	1
Cell3539	1	7	2	2
Cell3540	1	6	2	2
Cell3541	1	11	2	2
Cell3542	1	9	1	1
Cell3543	1	5	1	1
Cell3544	1	4	2	2
Cell3545	1	5	1	1
Cell3546	1	6	2	2
Cell3547	1	10	1	1
Cell3548	1	7	2	2
Cell3549	1	3	2	2
Cell3550	1	3	2	2
Cell3551	1	12	2	2
Cell3552	1	5	1	1
Cell3553	1	1	1	1
Cell3554	1	13	2	2
Cell3555	1	3	2	2
Cell3556	1	11	2	2
Cell3557	1	9	1	1
Cell3558	1	5	1	1
Cell3559	1	9	1	1
Cell3560	1	4	2	2
Cell3561	1	4	2	2
Cell3562	1	12	2	2
Cell3563	1	2	1	1
Cell3564	1	4	2	2
Cell3565	1	9	1	1
Cell3566	1	4	2	2
Cell3567	1	5	1	1
Cell3568	1	5	1	1
Cell3569	1	11	2	2
Cell3570	1	11	2	2
Cell3571	1	1	1	1
Cell3572	1	12	2	2
Cell3573	1	4	2	2
Cell3574	1	12	2	2
Cell3576	1	9	1	1
Cell3577	1	2	1	1
Cell3578	1	1	1	1
Cell3579	1	3	2	2
Cell3581	1	4	2	2
Cell3582	1	1	1	1
Cell3583	1	2	1	1
Cell3584	1	12	2	2
Cell3585	1	13	2	2
Cell3586	1	5	1	1
Cell3587	1	3	2	2
Cell3588	1	6	2	2
Cell3589	1	13	2	2
Cell3590	1	6	2	2
Cell3591	1	6	2	2
Cell3592	1	5	1	1
Cell3593	1	1	1	1
Cell3594	1	13	2	2
Cell3595	1	1	1	1
Cell3596	1	2	1	1
Cell3597	1	7	2	2
Cell3598	1	7	2	2
Cell3599	1	2	1	1
Cell3600	1	3	2	2
Cell3601	1	9	1	1
Cell3602	1	5	1	1
Cell3603	1	9	1	1
Cell3604	1	11	2	2
Cell3605	1	11	2	2
Cell3606	1	1	1	1
Cell3607	1	2	1	1
Cell3608	1	3	2	2
Cell3609	1	6	2	2
Cell3610	1	6	2	2
Cell3611	1	5	1	1
Cell3612	1	4	2	2
Cell3613	1	2	1	1
Cell3614	1	13	2	2
Cell3615	1	6	2	2
Cell3616	1	3	2	2
Cell3617	1	13	2	2
Cell3618	1	9	1	1
Cell3619	1	2	1	1
Cell3620	1	7	2	2
Cell3621	1	13	2	2
Cell3622	1	6	2	2
Cell3624	1	4	2	2
Cell3625	1	5	1	1
Cell3626	1	14	1	1
Cell3628	1	13	2	2
Cell3629	1	7	2	2
Cell3630	1	1	1	1
Cell3631	1	1	1	1
Cell3632	1	12	2	2
Cell3633	1	3	2	2
Cell3634	1	4	2	2
Cell3635	1	6	2	2
Cell3636	1	12	2	2
Cell3638	1	7	2	2
Cell3639	1	9	1	1
Cell3640	1	10	1	1
Cell3641	1	5	1	1
Cell3642	1	10	1	1
Cell3643	1	5	1	1
Cell3644	1	10	1	1
Cell3645	1	14	1	1
Cell3646	1	2	1	1
Cell3647	1	10	1	1
Cell3648	1	13	2	2
Cell3649	1	1	1	1
Cell3650	1	3	2	2
Cell3651	1	6	2	2
Cell3652	1	13	2	2
Cell3653	1	3	2	2
Cell3654	1	5	1	1
Cell3655	1	6	2	2
Cell3656	1	2	1	1
Cell3657	1	14	1	1
Cell3658	1	4	2	2
Cell3659	1	13	2	2
Cell3661	1	14	1	1
Cell3662	1	3	2	2
Cell3663	1	1	1	1
Cell3664	1	2	1	1
Cell3665	1	14	1	1
Cell3666	1	11	2	2
Cell3667	1	8	1	1
Cell3668	1	1	1	1
Cell3669	1	3	2	2
Cell3670	1	3	2	2
Cell3671	1	8	1	1
Cell3672	1	6	2	2
Cell3673	1	1	1	1
Cell3674	1	4	2	2
Cell3675	1	7	2	2
Cell3676	1	12	2	2
Cell3677	1	1	1	1
Cell3678	1	13	2	2
Cell3679	1	4	2	2
Cell3680	1	10	1	1
Cell3681	1	7	2	2
Cell3682	1	5	1	1
Cell3683	1	2	1	1
Cell3684	1	11	2	2
Cell3685	1	14	1	1
Cell3686	1	6	2	2
Cell3687	1	3	2	2
Cell3688	1	5	1	1
Cell3689	1	10	1	1
Cell3690	1	7	2	2
Cell3691	1	1	1	1
Cell3692	1	7	2	2
Cell3693	1	6	2	2
Cell3695	1	2	1	1
Cell3696	1	12	2	2
Cell3698	1	3	2	2
Cell3699	1	5	1	1
Cell3700	1	5	1	1
Cell3701	1	5	1	1
Cell3702	1	3	2	2
Cell3703	1	9	1	1
Cell3704	1	11	2	2
Cell3705	1	2	1	1
Cell3706	1	12	2	2
Cell3707	1	5	1	1
Cell3708	1	2	1	1
Cell3709	1	10	1	1
Cell3710	1	7	2	2
Cell3711	1	5	1	1
Cell3712	1	1	1	1
Cell3713	1	7	2	2
Cell3714	1	1	1	1
Cell3715	1	7	2	2
Cell3716	1	12	2	2
Cell3717	1	5	1	1
Cell3718	1	3	2	2
Cell3719	1	3	2	2
Cell3720	1	2	1	1
Cell3721	1	3	2	2
Cell3722	1	11	2	2
Cell3723	1	13	2	2
Cell3724	1	7	2	2
Cell3725	1	9	1	1
Cell3726	1	6	2	2
Cell3727	1	4	2	2
Cell3728	1	3	2	2
Cell3730	1	6	2	2
Cell3731	1	1	1	1
Cell3732	1	1	1	1
Cell3733	1	6	2	2
Cell3734	1	2	1	1
Cell3735	1	7	2	2
Cell3736	1	4	2	2
Cell3737	1	4	2	2
Cell3738	1	7	2	2
Cell3739	1	2	1	1
Cell3740	1	4	2	2
Cell3741	1	8	1	1
Cell3742	1	1	1	1
Cell3743	1	8	1	1
Cell3744	1	6	2	2
Cell3745	1	13	2	2
Cell3746	1	7	2	2
Cell3747	1	3	2	2
Cell3748	1	5	1	1
Cell3749	1	14	1	1
Cell3750	1	1	1	1
Cell3751	1	13	2	2
Cell3752	1	8	1	1
Cell3753	1	8	1	1
Cell3754	1	7	2	2
Cell3755	1	1	1	1
Cell3756	1	14	1	1
Cell3758	1	10	1	1
Cell3759	1	4	2	2
Cell3760	1	2	1	1
Cell3761	1	13	2	2
Cell3762	1	11	2	2
Cell3763	1	6	2	2
Cell3764	1	9	1	1
Cell3765	1	4	2	2
Cell3766	1	13	2	2
Cell3767	1	14	1	1
Cell3768	1	13	2	2
Cell3769	1	2	1	1
Cell3770	1	7	2	2
Cell3771	1	4	2	2
Cell3772	1	4	2	2
Cell3773	1	5	1	1
Cell3775	1	7	2	2
Cell3776	1	4	2	2
Cell3777	1	5	1	1
Cell3778	1	5	1	1
Cell3779	1	14	1	1
Cell3780	1	1	1	1
Cell3781	1	9	1	1
Cell3782	1	5	1	1
Cell3783	1	3	2	2
Cell3784	1	2	1	1
Cell3785	1	11	2	2
Cell3786	1	12	2	2
Cell3787	1	10	1	1
Cell3788	1	8	1	1
Cell3789	1	4	2	2
Cell3790	1	2	1	1
Cell3791	1	13	2	2
Cell3792	1	5	1	1
Cell3793	1	3	2	2
Cell3794	1	4	2	2
Cell3795	1	1	1	1
Cell3796	1	4	2	2
Cell3797	1	4	2	2
Cell3798	1	9	1	1
Cell3799	1	4	2	2
Cell3800	1	1	1	1
Cell3801	1	1	1	1
Cell3802	1	11	2	2
Cell3803	1	10	1	1
Cell3804	1	4	2	2
Cell3805	1	9	1	1
Cell3806	1	9	1	1
Cell3807	1	3	2	2
Cell3808	1	5	1	1
Cell3809	1	4	2	2
Cell3810	1	9	1	1
Cell3811	1	4	2	2
Cell3813	1	10	1	1
Cell3814	1	4	2	2
Cell3815	1	4	2	2
Cell3816	1	3	2	2
Cell3817	1	9	1	1
Cell3818	1	3	2	2
Cell3819	1	4	2	2
Cell3821	1	14	1	1
Cell3822	1	4	2	2
Cell3823	1	10	1	1
Cell3824	1	12	2	2
Cell3825	1	7	2	2
Cell3826	1	14	1	1
Cell3827	1	8	1	1
Cell3828	1	4	2	2
Cell3829	1	4	2	2
Cell3830	1	5	1	1
Cell3831	1	3	2	2
Cell3832	1	7	2	2
Cell3833	1	8	1	1
Cell3835	1	10	1	1
Cell3836	1	8	1	1
Cell3837	1	8	1	1
Cell3838	1	9	1	1
Cell3839	1	2	1	1
Cell3840	1	5	1	1
Cell3841	1	1	1	1
Cell3842	1	9	1	1
Cell3843	1	4	2	2
Cell3844	1	2	1	1
Cell3845	1	5	1	1
Cell3846	1	11	2	2
Cell3847	1	1	1	1
Cell3848	1	2	1	1
Cell3849	1	8	1	1
Cell3850	1	7	2	2
Cell3851	1	13	2	2
Cell3852	1	11	2	2
Cell3853	1	10	1	1
Cell3854	1	5	1	1
Cell3855	1	14	1	1
Cell3856	1	1	1	1
Cell3857	1	1	1	1
Cell3858	1	9	1	1
Cell3859	1	3	2	2
Cell3860	1	10	1	1
Cell3861	1	6	2	2
Cell3862	1	5	1	1
Cell3863	1	8	1	1
Cell3864	1	10	1	1
Cell3865	1	5	1	1
Cell3866	1	7	2	2
Cell3867	1	7	2	2
Cell3868	1	10	1	1
Cell3869	1	3	2	2
Cell3870	1	7	2	2
Cell3871	1	1	1	1
Cell3872	1	3	2	2
Cell3873	1	4	2	2
Cell3874	1	7	2	2
Cell3875	1	3	2	2
Cell3876	1	6	2	2
Cell3877	1	8	1	1
Cell3878	1	8	1	1
Cell3879	1	4	2	2
Cell3880	1	7	2	2
Cell3881	1	2	1	1
Cell3882	1	7	2	2
Cell3883	1	5	1	1
Cell3884	1	5	1	1
Cell3885	1	7	2	2
Cell3886	1	7	2	2
Cell3887	1	8	1	1
Cell3888	1	10	1	1
Cell3889	1	12	2	2
Cell3890	1	2	1	1
Cell3891	1	9	1	1
Cell3892	1	12	2	2
Cell3893	1	6	2	2
Cell3894	1	5	1	1
Cell3895	1	8	1	1
Cell3896	1	12	2	2
Cell3897	1	2	1	1
Cell3898	1	2	1	1
Cell3899	1	6	2	2
Cell3900	1	11	2	2
Cell3901	1	9	1	1
Cell3902	1	10	1	1
Cell3903	1	14	1	1
Cell3904	1	2	1	1
Cell3905	1	14	1	1
Cell3906	1	2	1	1
Cell3907	1	7	2	2
Cell3908	1	6	2	2
Cell3909	1	7	2	2
Cell3910	1	10	1	1
Cell3911	1	7	2	2
Cell3912	1	7	2	2
Cell3913	1	1	1	1
Cell3914	1	4	2	2
Cell3915	1	13	2	2
Cell3916	1	9	1	1
Cell3917	1	14	1	1
Cell3918	1	9	1	1
Cell3919	1	2	1	1
Cell3920	1	2	1	1
Cell3921	1	3	2	2
Cell3922	1	6	2	2
Cell3923	1	9	1	1
Cell3924	1	1	1	1
Cell3925	1	5	1	1
Cell3926	1	3	2	2
Cell3927	1	1	1	1
Cell3928	1	11	2	2
Cell3929	1	3	2	2
Cell3930	1	8	1	1
Cell3931	1	8	1	1
Cell3932	1	2	1	1
Cell3933	1	14	1	1
Cell3934	1	11	2	2
Cell3935	1	1	1	1
Cell3936	1	2	1	1
Cell3937	1	3	2	2
Cell3938	1	3	2	2
Cell3939	1	9	1	1
Cell3940	1	10	1	1
Cell3941	1	12	2	2
Cell3942	1	2	1	1
Cell3943	1	4	2	2
Cell3944	1	8	1	1
Cell3945	1	11	2	2
Cell3946	1	4	2	2
Cell3947	1	1	1	1
Cell3948	1	6	2	2
Cell3949	1	13	2	2
Cell3951	1	11	2	2
Cell3952	1	3	2	2
Cell3953	1	4	2	2
Cell3954	1	7	2	2
Cell3955	1	2	1	1
Cell3956	1	12	2	2
Cell3957	1	13	2	2
Cell3958	1	8	1	1
Cell3959	1	11	2	2
Cell3960	1	13	2	2
Cell3961	1	13	2	2
Cell3962	1	13	2	2
Cell3963	1	3	2	2
Cell3964	1	10	1	1
Cell3965	1	4	2	2
Cell3966	1	12	2	2
Cell3967	1	7	2	2
Cell3968	1	9	1	1
Cell3969	1	7	2	2
Cell3970	1	6	2	2
Cell3971	1	2	1	1
Cell3972	1	6	2	2
Cell3973	1	2	1	1
Cell3974	1	6	2	2
Cell3975	1	9	1	1
Cell3976	1	8	1	1
Cell3978	1	9	1	1
Cell3979	1	5	1	1
Cell3980	1	14	1	1
Cell3981	1	3	2	2
Cell3982	1	13	2	2
Cell3983	1	14	1	1
Cell3985	1	3	2	2
Cell3986	1	5	1	1
Cell3987	1	2	1	1
Cell3988	1	8	1	1
Cell3989	1	12	2	2
Cell3991	1	11	2	2
Cell3992	1	4	2	2
Cell3993	1	7	2	2
Cell3994	1	1	1	1
Cell3995	1	8	1	1
Cell3996	1	12	2	2
Cell3997	1	1	1	1
Cell3998	1	7	2	2
Cell3999	1	7	2	2
Cell4000	1	9	1	1
Cell4001	1	1	1	1
Cell4002	1	9	1	1
Cell4003	1	4	2	2
Cell4004	1	3	2	2
Cell4005	1	13	2	2
Cell4006	1	10	1	1
Cell4007	1	12	2	2
Cell4008	1	11	2	2
Cell4009	1	1	1	1
Cell4010	1	2	1	1
Cell4011	1	3	2	2
Cell4013	1	9	1	1
Cell4014	1	10	1	1
Cell4015	1	5	1	1
Cell4016	1	14	1	1
Cell4017	1	6	2	2
Cell4018	1	6	2	2
Cell4019	1	11	2	2
Cell4020	1	12	2	2
Cell4021	1	5	1	1
Cell4022	1	13	2	2
Cell4023	1	11	2	2
Cell4024	1	6	2	2
Cell4025	1	1	1	1
Cell4026	1	4	2	2
Cell4027	1	11	2	2
Cell4028	1	11	2	2
Cell4029	1	14	1	1
Cell4030	1	11	2	2
Cell4031	1	5	1	1
Cell4032	1	4	2	2
Cell4033	1	7	2	2
Cell4034	1	2	1	1
Cell4035	1	10	1	1
Cell4036	1	9	1	1
Cell4038	1	2	1	1
Cell4039	1	7	2	2
Cell4040	1	3	2	2
Cell4042	1	6	2	2
Cell4043	1	3	2	2
Cell4044	1	9	1	1
Cell4045	1	6	2	2
Cell4046	1	1	1	1
Cell4047	1	9	1	1
Cell4048	1	11	2	2
Cell4049	1	10	1	1
Cell4050	1	1	1	1
Cell4051	1	4	2	2
Cell4052	1	7	2	2
Cell4053	1	4	2	2
Cell4054	1	6	2	2
Cell4055	1	13	2	2
Cell4056	1	8	1	1
Cell4057	1	6	2	2
Cell4058	1	11	2	2
Cell4059	1	2	1	1
Cell4060	1	6	2	2
Cell4061	1	5	1	1
Cell4062	1	3	2	2
Cell4063	1	7	2	2
Cell4064	1	1	1	1
Cell4066	1	6	2	2
Cell4067	1	1	1	1
Cell4068	1	5	1	1
Cell4069	1	5	1	1
Cell4070	1	9	1	1
Cell4071	1	7	2	2
Cell4072	1	2	1	1
Cell4073	1	5	1	1
Cell4074	1	5	1	1
Cell4075	1	9	1	1
Cell4076	1	2	1	1
Cell4077	1	11	2	2
Cell4078	1	14	1	1
Cell4079	1	5	1	1
Cell4080	1	10	1	1
Cell4081	1	12	2	2
Cell4082	1	13	2	2
Cell4083	1	5	1	1
Cell4084	1	14	1	1
Cell4085	1	6	2	2
Cell4086	1	11	2	2
Cell4087	1	2	1	1
Cell4088	1	1	1	1
Cell4089	1	11	2	2
Cell4090	1	9	1	1
Cell4091	1	12	2	2
Cell4092	1	11	2	2
Cell4093	1	9	1	1
Cell4094	1	12	2	2
Cell4095	1	2	1	1
Cell4096	1	4	2	2
Cell4097	1	10	1	1
Cell4098	1	6	2	2
Cell4099	1	9	1	1
Cell4100	1	3	2	2
Cell4101	1	9	1	1
Cell4102	1	1	1	1
Cell4103	1	5	1	1
Cell4104	1	4	2	2
Cell4105	1	7	2	2
Cell4106	1	4	2	2
Cell4107	1	11	2	2
Cell4108	1	7	2	2
Cell4109	1	1	1	1
Cell4110	1	14	1	1
Cell4111	1	10	1	1
Cell4112	1	4	2	2
Cell4113	1	7	2	2
Cell4114	1	2	1	1
Cell4115	1	9	1	1
Cell4116	1	9	1	1
Cell4117	1	6	2	2
Cell4118	1	5	1	1
Cell4119	1	1	1	1
Cell4120	1	7	2	2
Cell4121	1	7	2	2
Cell4122	1	7	2	2
Cell4123	1	8	1	1
Cell4124	1	1	1	1
Cell4125	1	9	1	1
Cell4126	1	10	1	1
Cell4127	1	7	2	2
Cell4128	1	6	2	2
Cell4129	1	7	2	2
Cell4130	1	3	2	2
Cell4131	1	8	1	1
Cell4132	1	2	1	1
Cell4133	1	12	2	2
Cell4134	1	12	2	2
Cell4135	1	1	1	1
Cell4136	1	1	1	1
Cell4137	1	13	2	2
Cell4138	1	9	1	1
Cell4139	1	3	2	2
Cell4140	1	9	1	1
Cell4141	1	12	2	2
Cell4143	1	3	2	2
Cell4144	1	8	1	1
Cell4145	1	11	2	2
Cell4146	1	12	2	2
Cell4147	1	10	1	1
Cell4148	1	12	2	2
Cell4149	1	1	1	1
Cell4150	1	12	2	2
Cell4151	1	9	1	1
Cell4152	1	11	2	2
Cell4153	1	1	1	1
Cell4154	1	4	2	2
Cell4155	1	9	1	1
Cell4157	1	5	1	1
Cell4158	1	1	1	1
Cell4159	1	2	1	1
Cell4160	1	3	2	2
Cell4161	1	4	2	2
Cell4162	1	1	1	1
Cell4163	1	11	2	2
Cell4165	1	9	1	1
Cell4166	1	3	2	2
Cell4167	1	8	1	1
Cell4169	1	8	1	1
Cell4170	1	9	1	1
Cell4171	1	10	1	1
Cell4172	1	5	1	1
Cell4173	1	5	1	1
Cell4174	1	10	1	1
Cell4175	1	10	1	1
Cell4176	1	5	1	1
Cell4178	1	6	2	2
Cell4179	1	3	2	2
Cell4180	1	2	1	1
Cell4181	1	3	2	2
Cell4182	1	2	1	1
Cell4183	1	4	2	2
Cell4184	1	3	2	2
Cell4185	1	6	2	2
Cell4186	1	8	1	1
Cell4187	1	4	2	2
Cell4188	1	1	1	1
Cell4189	1	7	2	2
Cell4190	1	11	2	2
Cell4191	1	10	1	1
Cell4192	1	1	1	1
Cell4193	1	12	2	2
Cell4194	1	8	1	1
Cell4195	1	3	2	2
Cell4196	1	6	2	2
Cell4197	1	7	2	2
Cell4198	1	13	2	2
Cell4199	1	2	1	1
Cell4200	1	7	2	2
Cell4201	1	10	1	1
Cell4203	1	2	1	1
Cell4204	1	1	1	1
Cell4205	1	11	2	2
Cell4206	1	7	2	2
Cell4207	1	2	1	1
Cell4208	1	7	2	2
Cell4209	1	1	1	1
Cell4210	1	14	1	1
Cell4211	1	13	2	2
Cell4212	1	6	2	2
Cell4213	1	3	2	2
Cell4214	1	5	1	1
Cell4215	1	6	2	2
Cell4216	1	2	1	1
Cell4218	1	5	1	1
Cell4219	1	5	1	1
Cell4220	1	11	2	2
Cell4221	1	5	1	1
Cell4222	1	7	2	2
Cell4223	1	9	1	1
Cell4224	1	4	2	2
Cell4226	1	2	1	1
Cell4227	1	3	2	2
Cell4228	1	7	2	2
Cell4229	1	5	1	1
Cell4230	1	9	1	1
Cell4231	1	1	1	1
Cell4232	1	2	1	1
Cell4233	1	13	2	2
Cell4234	1	12	2	2
Cell4235	1	5	1	1
Cell4236	1	7	2	2
Cell4237	1	14	1	1
Cell4238	1	11	2	2
Cell4239	1	9	1	1
Cell4240	1	10	1	1
Cell4242	1	10	1	1
Cell4243	1	3	2	2
Cell4244	1	11	2	2
Cell4245	1	13	2	2
Cell4246	1	9	1	1
Cell4247	1	1	1	1
Cell4248	1	6	2	2
Cell4249	1	11	2	2
Cell4250	1	2	1	1
Cell4251	1	2	1	1
Cell4252	1	6	2	2
Cell4253	1	5	1	1
Cell4254	1	7	2	2
Cell4255	1	1	1	1
Cell4256	1	9	1	1
Cell4257	1	1	1	1
Cell4258	1	8	1	1
Cell4260	1	4	2	2
Cell4261	1	9	1	1
Cell4262	1	13	2	2
Cell4263	1	5	1	1
Cell4264	1	1	1	1
Cell4265	1	7	2	2
Cell4266	1	13	2	2
Cell4267	1	11	2	2
Cell4268	1	8	1	1
Cell4269	1	1	1	1
Cell4270	1	6	2	2
Cell4271	1	8	1	1
Cell4272	1	4	2	2
Cell4273	1	10	1	1
Cell4274	1	8	1	1
Cell4275	1	13	2	2
Cell4276	1	11	2	2
Cell4277	1	1	1	1
Cell4278	1	9	1	1
Cell4279	1	9	1	1
Cell4280	1	5	1	1
Cell4281	1	8	1	1
Cell4282	1	13	2	2
Cell4283	1	10	1	1
Cell4284	1	7	2	2
Cell4285	1	12	2	2
Cell4286	1	11	2	2
Cell4287	1	13	2	2
Cell4288	1	5	1	1
Cell4289	1	5	1	1
Cell4290	1	7	2	2
Cell4292	1	5	1	1
Cell4293	1	7	2	2
Cell4294	1	1	1	1
Cell4295	1	7	2	2
Cell4296	1	3	2	2
Cell4297	1	11	2	2
Cell4298	1	1	1	1
Cell4299	1	7	2	2
Cell4300	1	11	2	2
Cell4302	1	3	2	2
Cell4303	1	8	1	1
Cell4304	1	6	2	2
Cell4305	1	12	2	2
Cell4307	1	9	1	1
Cell4308	1	7	2	2
Cell4310	1	6	2	2
Cell4311	1	2	1	1
Cell4312	1	7	2	2
Cell4313	1	11	2	2
Cell4314	1	11	2	2
Cell4315	1	6	2	2
Cell4316	1	6	2	2
Cell4317	1	2	1	1
Cell4318	1	11	2	2
Cell4319	1	3	2	2
Cell4320	1	9	1	1
Cell4321	1	3	2	2
Cell4322	1	4	2	2
Cell4323	1	10	1	1
Cell4324	1	2	1	1
Cell4326	1	3	2	2
Cell4327	1	2	1	1
Cell4328	1	13	2	2
Cell4329	1	13	2	2
Cell4330	1	13	2	2
Cell4331	1	12	2	2
Cell4332	1	5	1	1
Cell4333	1	4	2	2
Cell4334	1	2	1	1
Cell4335	1	4	2	2
Cell4336	1	12	2	2
Cell4337	1	13	2	2
Cell4338	1	12	2	2
Cell4339	1	7	2	2
Cell4340	1	1	1	1
Cell4341	1	5	1	1
Cell4342	1	10	1	1
Cell4343	1	7	2	2
Cell4344	1	9	1	1
Cell4345	1	4	2	2
Cell4346	1	8	1	1
Cell4347	1	5	1	1
Cell4348	1	2	1	1
Cell4349	1	13	2	2
Cell4350	1	9	1	1
Cell4351	1	5	1	1
Cell4352	1	9	1	1
Cell4353	1	7	2	2
Cell4354	1	8	1	1
Cell4355	1	5	1	1
Cell4356	1	3	2	2
Cell4357	1	2	1	1
Cell4358	1	4	2	2
Cell4359	1	5	1	1
Cell4360	1	7	2	2
Cell4361	1	4	2	2
Cell4362	1	9	1	1
Cell4363	1	6	2	2
Cell4364	1	11	2	2
Cell4365	1	7	2	2
Cell4366	1	6	2	2
Cell4367	1	1	1	1
Cell4368	1	3	2	2
Cell4369	1	5	1	1
Cell4370	1	10	1	1
Cell4371	1	14	1	1
Cell4372	1	3	2	2
Cell4373	1	11	2	2
Cell4374	1	4	2	2
Cell4375	1	4	2	2
Cell4376	1	1	1	1
Cell4377	1	12	2	2
Cell4378	1	2	1	1
Cell4379	1	7	2	2
Cell4380	1	10	1	1
Cell4381	1	13	2	2
Cell4382	1	1	1	1
Cell4383	1	3	2	2
Cell4384	1	8	1	1
Cell4385	1	8	1	1
Cell4386	1	2	1	1
Cell4387	1	1	1	1
Cell4388	1	1	1	1
Cell4389	1	12	2	2
Cell4390	1	1	1	1
Cell4391	1	11	2	2
Cell4392	1	2	1	1
Cell4393	1	2	1	1
Cell4394	1	5	1	1
Cell4395	1	1	1	1
Cell4397	1	10	1	1
Cell4398	1	6	2	2
Cell4399	1	12	2	2
Cell4400	1	11	2	2
Cell4401	1	2	1	1
Cell4402	1	3	2	2
Cell4403	1	11	2	2
Cell4404	1	5	1	1
Cell4405	1	1	1	1
Cell4406	1	13	2	2
Cell4407	1	12	2	2
Cell4409	1	8	1	1
Cell4411	1	13	2	2
Cell4412	1	13	2	2
Cell4413	1	6	2	2
Cell4414	1	12	2	2
Cell4415	1	13	2	2
Cell4416	1	3	2	2
Cell4417	1	6	2	2
Cell4418	1	2	1	1
Cell4419	1	2	1	1
Cell4420	1	8	1	1
Cell4421	1	12	2	2
Cell4422	1	5	1	1
Cell4423	1	14	1	1
Cell4424	1	3	2	2
Cell4425	1	1	1	1
Cell4426	1	7	2	2
Cell4427	1	9	1	1
Cell4428	1	7	2	2
Cell4429	1	2	1	1
Cell4430	1	2	1	1
Cell4431	1	1	1	1
Cell4432	1	7	2	2
Cell4433	1	3	2	2
Cell4434	1	7	2	2
Cell4435	1	13	2	2
Cell4436	1	1	1	1
Cell4437	1	10	1	1
Cell4438	1	4	2	2
Cell4439	1	4	2	2
Cell4440	1	3	2	2
Cell4441	1	9	1	1
Cell4442	1	1	1	1
Cell4443	1	1	1	1
Cell4444	1	11	2	2
Cell4445	1	2	1	1
Cell4446	1	12	2	2
Cell4447	1	8	1	1
Cell4448	1	1	1	1
Cell4449	1	8	1	1
Cell4450	1	9	1	1
Cell4451	1	11	2	2
Cell4452	1	8	1	1
Cell4453	1	2	1	1
Cell4454	1	11	2	2
Cell4455	1	10	1	1
Cell4456	1	5	1	1
Cell4457	1	3	2	2
Cell4458	1	6	2	2
Cell4459	1	10	1	1
Cell4460	1	2	1	1
Cell4461	1	12	2	2
Cell4462	1	1	1	1
Cell4463	1	9	1	1
Cell4464	1	2	1	1
Cell4465	1	6	2	2
Cell4466	1	14	1	1
Cell4467	1	1	1	1
Cell4468	1	5	1	1
Cell4470	1	7	2	2
Cell4471	1	1	1	1
Cell4472	1	10	1	1
Cell4473	1	12	2	2
Cell4474	1	7	2	2
Cell4475	1	12	2	2
Cell4476	1	5	1	1
Cell4477	1	1	1	1
Cell4478	1	8	1	1
Cell4479	1	12	2	2
Cell4480	1	14	1	1
Cell4481	1	8	1	1
Cell4482	1	13	2	2
Cell4483	1	14	1	1
Cell4484	1	4	2	2
Cell4485	1	3	2	2
Cell4486	1	14	1	1
Cell4487	1	6	2	2
Cell4488	1	7	2	2
Cell4489	1	14	1	1
Cell4490	1	2	1	1
Cell4491	1	3	2	2
Cell4492	1	8	1	1
Cell4493	1	3	2	2
Cell4494	1	12	2	2
Cell4496	1	7	2	2
Cell4497	1	14	1	1
Cell4498	1	2	1	1
Cell4499	1	8	1	1
Cell4500	1	2	1	1
Cell4501	1	2	1	1
Cell4502	1	4	2	2
Cell4503	1	5	1	1
Cell4504	1	5	1	1
Cell4505	1	1	1	1
Cell4506	1	4	2	2
Cell4507	1	6	2	2
Cell4508	1	12	2	2
Cell4509	1	8	1	1
Cell4510	1	3	2	2
Cell4511	1	3	2	2
Cell4512	1	7	2	2
Cell4513	1	3	2	2
Cell4514	1	2	1	1
Cell4515	1	11	2	2
Cell4516	1	14	1	1
Cell4517	1	4	2	2
Cell4518	1	8	1	1
Cell4519	1	6	2	2
Cell4520	1	7	2	2
Cell4521	1	8	1	1
Cell4522	1	3	2	2
Cell4523	1	9	1	1
Cell4524	1	2	1	1
Cell4525	1	14	1	1
Cell4526	1	3	2	2
Cell4527	1	6	2	2
Cell4529	1	1	1	1
Cell4530	1	9	1	1
Cell4531	1	13	2	2
Cell4532	1	2	1	1
Cell4533	1	11	2	2
Cell4534	1	14	1	1
Cell4535	1	4	2	2
Cell4536	1	10	1	1
Cell4537	1	14	1	1
Cell4538	1	11	2	2
Cell4539	1	12	2	2
Cell4540	1	6	2	2
Cell4541	1	12	2	2
Cell4542	1	4	2	2
Cell4543	1	5	1	1
Cell4544	1	1	1	1
Cell4546	1	9	1	1
Cell4547	1	7	2	2
Cell4548	1	13	2	2
Cell4549	1	13	2	2
Cell4550	1	10	1	1
Cell4551	1	10	1	1
Cell4552	1	7	2	2
Cell4553	1	3	2	2
Cell4554	1	4	2	2
Cell4555	1	2	1	1
Cell4556	1	11	2	2
Cell4557	1	10	1	1
Cell4558	1	3	2	2
Cell4559	1	14	1	1
Cell4560	1	6	2	2
Cell4561	1	4	2	2
Cell4562	1	2	1	1
Cell4563	1	9	1	1
Cell4564	1	7	2	2
Cell4565	1	1	1	1
Cell4566	1	2	1	1
Cell4567	1	1	1	1
Cell4568	1	10	1	1
Cell4569	1	9	1	1
Cell4570	1	6	2	2
Cell4571	1	13	2	2
Cell4572	1	3	2	2
Cell4573	1	1	1	1
Cell4574	1	8	1	1
Cell4575	1	7	2	2
Cell4576	1	11	2	2
Cell4577	1	10	1	1
Cell4578	1	1	1	1
Cell4579	1	1	1	1
Cell4580	1	14	1	1
Cell4581	1	12	2	2
Cell4582	1	11	2	2
Cell4583	1	13	2	2
Cell4585	1	5	1	1
Cell4586	1	12	2	2
Cell4587	1	3	2	2
Cell4588	1	10	1	1
Cell4589	1	7	2	2
Cell4590	1	6	2	2
Cell4591	1	1	1	1
Cell4592	1	3	2	2
Cell4593	1	2	1	1
Cell4594	1	7	2	2
Cell4595	1	12	2	2
Cell4596	1	12	2	2
Cell4597	1	11	2	2
Cell4598	1	3	2	2
Cell4599	1	5	1	1
Cell4600	1	3	2	2
Cell4601	1	7	2	2
Cell4602	1	8	1	1
Cell4604	1	14	1	1
Cell4605	1	5	1	1
Cell4606	1	4	2	2
Cell4607	1	13	2	2
Cell4608	1	11	2	2
Cell4609	1	5	1	1
Cell4610	1	1	1	1
Cell4611	1	11	2	2
Cell4612	1	5	1	1
Cell4613	1	11	2	2
Cell4614	1	14	1	1
Cell4615	1	6	2	2
Cell4616	1	6	2	2
Cell4617	1	11	2	2
Cell4618	1	13	2	2
Cell4620	1	6	2	2
Cell4621	1	1	1	1
Cell4622	1	4	2	2
Cell4623	1	6	2	2
Cell4624	1	3	2	2
Cell4625	1	4	2	2
Cell4626	1	9	1	1
Cell4627	1	13	2	2
Cell4628	1	6	2	2
Cell4629	1	5	1	1
Cell4630	1	9	1	1
Cell4631	1	8	1	1
Cell4632	1	7	2	2
Cell4633	1	12	2	2
Cell4634	1	1	1	1
Cell4635	1	13	2	2
Cell4636	1	4	2	2
Cell4637	1	3	2	2
Cell4638	1	9	1	1
Cell4639	1	9	1	1
Cell4640	1	8	1	1
Cell4641	1	2	1	1
Cell4642	1	12	2	2
Cell4643	1	3	2	2
Cell4644	1	2	1	1
Cell4645	1	12	2	2
Cell4646	1	6	2	2
Cell4647	1	9	1	1
Cell4648	1	6	2	2
Cell4649	1	4	2	2
Cell4650	1	8	1	1
Cell4651	1	14	1	1
Cell4652	1	11	2	2
Cell4653	1	10	1	1
Cell4654	1	10	1	1
Cell4655	1	14	1	1
Cell4656	1	4	2	2
Cell4657	1	8	1	1
Cell4658	1	1	1	1
Cell4659	1	3	2	2
Cell4660	1	8	1	1
Cell4662	1	7	2	2
Cell4663	1	11	2	2
Cell4664	1	4	2	2
Cell4665	1	13	2	2
Cell4666	1	8	1	1
Cell4667	1	4	2	2
Cell4668	1	12	2	2
Cell4669	1	7	2	2
Cell4670	1	13	2	2
Cell4671	1	12	2	2
Cell4672	1	12	2	2
Cell4673	1	1	1	1
Cell4674	1	5	1	1
Cell4675	1	3	2	2
Cell4676	1	7	2	2
Cell4677	1	10	1	1
Cell4678	1	12	2	2
Cell4679	1	11	2	2
Cell4680	1	11	2	2
Cell4682	1	3	2	2
Cell4683	1	12	2	2
Cell4684	1	6	2	2
Cell4685	1	1	1	1
Cell4686	1	6	2	2
Cell4687	1	8	1	1
Cell4688	1	2	1	1
Cell4689	1	12	2	2
Cell4690	1	8	1	1
Cell4691	1	6	2	2
Cell4692	1	3	2	2
Cell4693	1	10	1	1
Cell4694	1	3	2	2
Cell4695	1	14	1	1
Cell4696	1	1	1	1
Cell4697	1	9	1	1
Cell4698	1	10	1	1
Cell4699	1	1	1	1
Cell4700	1	4	2	2
Cell4701	1	7	2	2
Cell4702	1	12	2	2
Cell4704	1	14	1	1
Cell4705	1	13	2	2
Cell4707	1	1	1	1
Cell4708	1	2	1	1
Cell4709	1	4	2	2
Cell4710	1	7	2	2
Cell4711	1	7	2	2
Cell4712	1	13	2	2
Cell4713	1	13	2	2
Cell4714	1	3	2	2
Cell4715	1	8	1	1
Cell4716	1	14	1	1
Cell4717	1	6	2	2
Cell4718	1	5	1	1
Cell4719	1	3	2	2
Cell4720	1	12	2	2
Cell4721	1	7	2	2
Cell4722	1	1	1	1
Cell4723	1	4	2	2
Cell4724	1	9	1	1
Cell4725	1	8	1	1
Cell4726	1	2	1	1
Cell4727	1	1	1	1
Cell4728	1	5	1	1
Cell4729	1	8	1	1
Cell4730	1	6	2	2
Cell4731	1	1	1	1
Cell4732	1	7	2	2
Cell4733	1	7	2	2
Cell4734	1	8	1	1
Cell4735	1	6	2	2
Cell4736	1	13	2	2
Cell4737	1	9	1	1
Cell4738	1	9	1	1
Cell4739	1	11	2	2
Cell4740	1	1	1	1
Cell4741	1	9	1	1
Cell4742	1	7	2	2
Cell4743	1	6	2	2
Cell4744	1	3	2	2
Cell4745	1	2	1	1
Cell4746	1	7	2	2
Cell4747	1	9	1	1
Cell4748	1	3	2	2
Cell4749	1	1	1	1
Cell4750	1	7	2	2
Cell4751	1	1	1	1
Cell4752	1	8	1	1
Cell4753	1	3	2	2
Cell4754	1	9	1	1
Cell4755	1	1	1	1
Cell4756	1	13	2	2
Cell4758	1	7	2	2
Cell4759	1	13	2	2
Cell4760	1	5	1	1
Cell4761	1	4	2	2
Cell4762	1	9	1	1
Cell4763	1	3	2	2
Cell4764	1	2	1	1
Cell4765	1	12	2	2
Cell4766	1	4	2	2
Cell4767	1	6	2	2
Cell4768	1	4	2	2
Cell4769	1	9	1	1
Cell4770	1	8	1	1
Cell4771	1	13	2	2
Cell4772	1	3	2	2
Cell4773	1	6	2	2
Cell4774	1	13	2	2
Cell4775	1	10	1	1
Cell4776	1	9	1	1
Cell4777	1	6	2	2
Cell4778	1	3	2	2
Cell4779	1	5	1	1
Cell4780	1	6	2	2
Cell4781	1	14	1	1
Cell4782	1	6	2	2
Cell4783	1	3	2	2
Cell4784	1	10	1	1
Cell4785	1	7	2	2
Cell4786	1	5	1	1
Cell4787	1	2	1	1
Cell4788	1	2	1	1
Cell4789	1	1	1	1
Cell4790	1	9	1	1
Cell4791	1	5	1	1
Cell4792	1	8	1	1
Cell4793	1	8	1	1
Cell4794	1	3	2	2
Cell4795	1	4	2	2
Cell4796	1	8	1	1
Cell4797	1	2	1	1
Cell4798	1	6	2	2
Cell4799	1	12	2	2
Cell4800	1	7	2	2
Cell4801	1	2	1	1
Cell4802	1	6	2	2
Cell4803	1	10	1	1
Cell4804	1	8	1	1
Cell4805	1	5	1	1
Cell4806	1	5	1	1
Cell4807	1	9	1	1
Cell4808	1	3	2	2
Cell4809	1	8	1	1
Cell4810	1	4	2	2
Cell4811	1	1	1	1
Cell4812	1	5	1	1
Cell4813	1	11	2	2
Cell4814	1	6	2	2
Cell4815	1	4	2	2
Cell4816	1	14	1	1
Cell4817	1	12	2	2
Cell4818	1	1	1	1
Cell4819	1	13	2	2
Cell4820	1	14	1	1
Cell4821	1	1	1	1
Cell4822	1	12	2	2
Cell4823	1	2	1	1
Cell4824	1	10	1	1
Cell4825	1	2	1	1
Cell4826	1	11	2	2
Cell4827	1	12	2	2
Cell4828	1	2	1	1
Cell4829	1	3	2	2
Cell4830	1	5	1	1
Cell4831	1	2	1	1
Cell4832	1	7	2	2
Cell4833	1	2	1	1
Cell4834	1	12	2	2
Cell4835	1	4	2	2
Cell4836	1	5	1	1
Cell4837	1	10	1	1
Cell4838	1	3	2	2
Cell4839	1	9	1	1
Cell4840	1	13	2	2
Cell4841	1	4	2	2
Cell4842	1	9	1	1
Cell4843	1	9	1	1
Cell4844	1	1	1	1
Cell4845	1	3	2	2
Cell4847	1	9	1	1
Cell4848	1	6	2	2
Cell4849	1	6	2	2
Cell4850	1	9	1	1
Cell4851	1	14	1	1
Cell4852	1	3	2	2
Cell4853	1	6	2	2
Cell4854	1	1	1	1
Cell4855	1	11	2	2
Cell4856	1	7	2	2
Cell4857	1	12	2	2
Cell4858	1	6	2	2
Cell4859	1	3	2	2
Cell4860	1	2	1	1
Cell4861	1	1	1	1
Cell4862	1	7	2	2
Cell4863	1	3	2	2
Cell4864	1	1	1	1
Cell4865	1	9	1	1
Cell4866	1	4	2	2
Cell4868	1	2	1	1
Cell4869	1	4	2	2
Cell4870	1	14	1	1
Cell4871	1	1	1	1
Cell4872	1	9	1	1
Cell4873	1	8	1	1
Cell4874	1	6	2	2
Cell4875	1	14	1	1
Cell4876	1	1	1	1
Cell4877	1	4	2	2
Cell4878	1	11	2	2
Cell4879	1	3	2	2
Cell4880	1	1	1	1
Cell4881	1	5	1	1
Cell4882	1	14	1	1
Cell4883	1	2	1	1
Cell4884	1	1	1	1
Cell4885	1	13	2	2
Cell4886	1	9	1	1
Cell4887	1	3	2	2
Cell4888	1	11	2	2
Cell4889	1	4	2	2
Cell4890	1	10	1	1
Cell4891	1	13	2	2
Cell4892	1	6	2	2
Cell4893	1	4	2	2
Cell4894	1	6	2	2
Cell4895	1	1	1	1
Cell4896	1	13	2	2
Cell4897	1	9	1	1
Cell4898	1	3	2	2
Cell4899	1	1	1	1
Cell4900	1	3	2	2
Cell4901	1	7	2	2
Cell4902	1	7	2	2
Cell4903	1	6	2	2
Cell4904	1	13	2	2
Cell4905	1	1	1	1
Cell4906	1	4	2	2
Cell4907	1	5	1	1
Cell4908	1	12	2	2
Cell4909	1	4	2	2
Cell4910	1	3	2	2
Cell4911	1	11	2	2
Cell4912	1	3	2	2
Cell4913	1	10	1	1
Cell4914	1	6	2	2
Cell4916	1	8	1	1
Cell4917	1	2	1	1
Cell4918	1	4	2	2
Cell4920	1	1	1	1
Cell4922	1	2	1	1
Cell4923	1	13	2	2
Cell4924	1	1	1	1
Cell4925	1	11	2	2
Cell4926	1	4	2	2
Cell4928	1	10	1	1
Cell4929	1	5	1	1
Cell4930	1	1	1	1
Cell4931	1	13	2	2
Cell4932	1	2	1	1
Cell4933	1	3	2	2
Cell4934	1	6	2	2
Cell4935	1	14	1	1
Cell4936	1	6	2	2
Cell4937	1	9	1	1
Cell4938	1	2	1	1
Cell4939	1	3	2	2
Cell4940	1	1	1	1
Cell4941	1	4	2	2
Cell4942	1	9	1	1
Cell4943	1	7	2	2
Cell4944	1	1	1	1
Cell4945	1	11	2	2
Cell4946	1	12	2	2
Cell4947	1	7	2	2
Cell4948	1	5	1	1
Cell4949	1	4	2	2
Cell4950	1	11	2	2
Cell4951	1	7	2	2
Cell4952	1	3	2	2
Cell4953	1	8	1	1
Cell4954	1	6	2	2
Cell4955	1	7	2	2
Cell4956	1	11	2	2
Cell4957	1	10	1	1
Cell4958	1	3	2	2
Cell4959	1	2	1	1
Cell4960	1	5	1	1
Cell4961	1	14	1	1
Cell4962	1	9	1	1
Cell4963	1	2	1	1
Cell4964	1	7	2	2
Cell4965	1	9	1	1
Cell4966	1	12	2	2
Cell4967	1	4	2	2
Cell4968	1	2	1	1
Cell4969	1	11	2	2
Cell4970	1	7	2	2
Cell4971	1	11	2	2
Cell4972	1	4	2	2
Cell4973	1	4	2	2
Cell4974	1	5	1	1
Cell4975	1	9	1	1
Cell4976	1	4	2	2
Cell4977	1	6	2	2
Cell4978	1	9	1	1
Cell4979	1	11	2	2
Cell4980	1	2	1	1
Cell4981	1	9	1	1
Cell4982	1	11	2	2
Cell4983	1	7	2	2
Cell4984	1	14	1	1
Cell4985	1	3	2	2
Cell4986	1	13	2	2
Cell4988	1	8	1	1
Cell4989	1	1	1	1
Cell4990	1	5	1	1
Cell4991	1	11	2	2
Cell4992	1	2	1	1
Cell4993	1	7	2	2
Cell4995	1	13	2	2
Cell4996	1	13	2	2
Cell4997	1	3	2	2
Cell4998	1	2	1	1
Cell4999	1	11	2	2
Cell5000	1	9	1	1
Cell5001	1	2	1	1
Cell5002	1	11	2	2
Cell5003	1	12	2	2
Cell5004	1	10	1	1
Cell5005	1	8	1	1
Cell5006	1	4	2	2
Cell5007	1	2	1	1
Cell5008	1	9	1	1
Cell5009	1	11	2	2
Cell5010	1	5	1	1
Cell5011	1	14	1	1
Cell5012	1	1	1	1
Cell5013	1	2	1	1
Cell5014	1	6	2	2
Cell5015	1	5	1	1
Cell5016	1	12	2	2
Cell5017	1	7	2	2
Cell5018	1	5	1	1
Cell5019	1	3	2	2
Cell5020	1	2	1	1
Cell5021	1	7	2	2
Cell5022	1	5	1	1
Cell5023	1	5	1	1
Cell5024	1	9	1	1
Cell5025	1	2	1	1
Cell5026	1	7	2	2
Cell5027	1	13	2	2
Cell5028	1	10	1	1
Cell5029	1	9	1	1
Cell5030	1	4	2	2
Cell5031	1	5	1	1
Cell5032	1	12	2	2
Cell5033	1	3	2	2
Cell5034	1	10	1	1
Cell5035	1	7	2	2
Cell5036	1	14	1	1
Cell5037	1	3	2	2
Cell5038	1	2	1	1
Cell5039	1	7	2	2
Cell5040	1	6	2	2
Cell5042	1	6	2	2
Cell5043	1	2	1	1
Cell5044	1	3	2	2
Cell5045	1	3	2	2
Cell5046	1	11	2	2
Cell5047	1	3	2	2
Cell5048	1	7	2	2
Cell5049	1	14	1	1
Cell5050	1	8	1	1
Cell5051	1	5	1	1
Cell5052	1	10	1	1
Cell5053	1	14	1	1
Cell5054	1	2	1	1
Cell5055	1	8	1	1
Cell5056	1	13	2	2
Cell5058	1	8	1	1
Cell5059	1	2	1	1
Cell5060	1	2	1	1
Cell5061	1	12	2	2
Cell5062	1	7	2	2
Cell5063	1	13	2	2
Cell5064	1	12	2	2
Cell5065	1	5	1	1
Cell5066	1	5	1	1
Cell5067	1	5	1	1
Cell5068	1	13	2	2
Cell5069	1	12	2	2
Cell5070	1	1	1	1
Cell5071	1	1	1	1
Cell5072	1	9	1	1
Cell5073	1	11	2	2
Cell5074	1	1	1	1
Cell5075	1	3	2	2
Cell5076	1	9	1	1
Cell5077	1	3	2	2
Cell5078	1	13	2	2
Cell5079	1	14	1	1
Cell5080	1	12	2	2
Cell5081	1	4	2	2
Cell5082	1	7	2	2
Cell5083	1	2	1	1
Cell5084	1	2	1	1
Cell5085	1	10	1	1
Cell5087	1	3	2	2
Cell5088	1	10	1	1
Cell5090	1	13	2	2
Cell5091	1	2	1	1
Cell5092	1	12	2	2
Cell5093	1	12	2	2
Cell5094	1	4	2	2
Cell5095	1	1	1	1
Cell5096	1	6	2	2
Cell5097	1	7	2	2
Cell5098	1	5	1	1
Cell5099	1	10	1	1
Cell5100	1	13	2	2
Cell5101	1	3	2	2
Cell5102	1	1	1	1
Cell5103	1	14	1	1
Cell5104	1	3	2	2
Cell5105	1	3	2	2
Cell5106	1	11	2	2
Cell5107	1	3	2	2
Cell5108	1	9	1	1
Cell5109	1	5	1	1
Cell5110	1	9	1	1
Cell5111	1	5	1	1
Cell5113	1	2	1	1
Cell5114	1	4	2	2
Cell5115	1	11	2	2
Cell5116	1	13	2	2
Cell5117	1	6	2	2
Cell5118	1	11	2	2
Cell5119	1	10	1	1
Cell5120	1	3	2	2
Cell5121	1	13	2	2
Cell5122	1	9	1	1
Cell5123	1	13	2	2
Cell5125	1	1	1	1
Cell5126	1	5	1	1
Cell5127	1	6	2	2
Cell5128	1	4	2	2
Cell5129	1	11	2	2
Cell5130	1	13	2	2
Cell5131	1	2	1	1
Cell5132	1	1	1	1
Cell5133	1	4	2	2
Cell5135	1	4	2	2
Cell5136	1	11	2	2
Cell5137	1	10	1	1
Cell5138	1	1	1	1
Cell5139	1	7	2	2
Cell5140	1	5	1	1
Cell5141	1	1	1	1
Cell5142	1	13	2	2
Cell5143	1	8	1	1
Cell5144	1	8	1	1
Cell5145	1	4	2	2
Cell5146	1	2	1	1
Cell5147	1	14	1	1
Cell5148	1	14	1	1
Cell5149	1	1	1	1
Cell5150	1	12	2	2
Cell5151	1	1	1	1
Cell5152	1	6	2	2
Cell5153	1	7	2	2
Cell5154	1	3	2	2
Cell5155	1	8	1	1
Cell5156	1	3	2	2
Cell5157	1	12	2	2
Cell5158	1	3	2	2
Cell5159	1	1	1	1
Cell5160	1	11	2	2
Cell5161	1	5	1	1
Cell5162	1	11	2	2
Cell5164	1	6	2	2
Cell5165	1	2	1	1
Cell5166	1	3	2	2
Cell5167	1	5	1	1
Cell5168	1	3	2	2
Cell5169	1	1	1	1
Cell5170	1	11	2	2
Cell5171	1	14	1	1
Cell5172	1	2	1	1
Cell5173	1	11	2	2
Cell5175	1	1	1	1
Cell5176	1	14	1	1
Cell5178	1	2	1	1
Cell5179	1	14	1	1
Cell5180	1	3	2	2
Cell5181	1	3	2	2
Cell5182	1	5	1	1
Cell5183	1	11	2	2
Cell5184	1	6	2	2
Cell5185	1	1	1	1
Cell5186	1	10	1	1
Cell5187	1	7	2	2
Cell5188	1	8	1	1
Cell5189	1	13	2	2
Cell5190	1	9	1	1
Cell5191	1	13	2	2
Cell5192	1	1	1	1
Cell5193	1	9	1	1
Cell5194	1	10	1	1
Cell5195	1	2	1	1
Cell5196	1	7	2	2
Cell5197	1	11	2	2
Cell5198	1	8	1	1
Cell5199	1	1	1	1
Cell5200	1	6	2	2
Cell5201	1	14	1	1
Cell5202	1	4	2	2
Cell5203	1	1	1	1
Cell5204	1	7	2	2
Cell5205	1	1	1	1
Cell5207	1	3	2	2
Cell5208	1	2	1	1
Cell5209	1	10	1	1
Cell5210	1	11	2	2
Cell5211	1	5	1	1
Cell5212	1	10	1	1
Cell5213	1	8	1	1
Cell5214	1	6	2	2
Cell5215	1	6	2	2
Cell5216	1	7	2	2
Cell5217	1	1	1	1
Cell5218	1	4	2	2
Cell5219	1	12	2	2
Cell5220	1	1	1	1
Cell5221	1	6	2	2
Cell5222	1	1	1	1
Cell5223	1	3	2	2
Cell5224	1	5	1	1
Cell5225	1	10	1	1
Cell5226	1	2	1	1
Cell5227	1	6	2	2
Cell5228	1	3	2	2
Cell5229	1	6	2	2
Cell5230	1	5	1	1
Cell5231	1	6	2	2
Cell5232	1	10	1	1
Cell5233	1	9	1	1
Cell5234	1	8	1	1
Cell5235	1	8	1	1
Cell5236	1	3	2	2
Cell5237	1	10	1	1
Cell5238	1	1	1	1
Cell5239	1	12	2	2
Cell5240	1	5	1	1
Cell5241	1	11	2	2
Cell5242	1	4	2	2
Cell5243	1	7	2	2
Cell5244	1	6	2	2
Cell5245	1	4	2	2
Cell5246	1	11	2	2
Cell5247	1	3	2	2
Cell5248	1	13	2	2
Cell5249	1	4	2	2
Cell5250	1	9	1	1
Cell5251	1	10	1	1
Cell5252	1	14	1	1
Cell5253	1	3	2	2
Cell5254	1	11	2	2
Cell5255	1	14	1	1
Cell5256	1	12	2	2
Cell5257	1	11	2	2
Cell5258	1	2	1	1
Cell5259	1	3	2	2
Cell5260	1	8	1	1
Cell5261	1	1	1	1
Cell5262	1	6	2	2
Cell5263	1	6	2	2
Cell5264	1	12	2	2
Cell5265	1	14	1	1
Cell5266	1	4	2	2
Cell5267	1	9	1	1
Cell5268	1	1	1	1
Cell5269	1	14	1	1
Cell5270	1	2	1	1
Cell5272	1	12	2	2
Cell5273	1	11	2	2
Cell5274	1	1	1	1
Cell5275	1	9	1	1
Cell5276	1	4	2	2
Cell5277	1	4	2	2
Cell5279	1	4	2	2
Cell5280	1	6	2	2
Cell5281	1	1	1	1
Cell5282	1	1	1	1
Cell5283	1	13	2	2
Cell5284	1	9	1	1
Cell5285	1	9	1	1
Cell5286	1	13	2	2
Cell5287	1	4	2	2
Cell5288	1	3	2	2
Cell5289	1	13	2	2
Cell5290	1	13	2	2
Cell5291	1	3	2	2
Cell5292	1	12	2	2
Cell5293	1	3	2	2
Cell5294	1	1	1	1
Cell5295	1	2	1	1
Cell5296	1	3	2	2
Cell5297	1	3	2	2
Cell5298	1	5	1	1
Cell5299	1	11	2	2
Cell5300	1	2	1	1
Cell5302	1	9	1	1
Cell5303	1	6	2	2
Cell5304	1	6	2	2
Cell5305	1	4	2	2
Cell5306	1	1	1	1
Cell5308	1	11	2	2
Cell5309	1	14	1	1
Cell5310	1	6	2	2
Cell5311	1	7	2	2
Cell5312	1	10	1	1
Cell5313	1	12	2	2
Cell5314	1	2	1	1
Cell5315	1	2	1	1
Cell5316	1	3	2	2
Cell5317	1	11	2	2
Cell5318	1	10	1	1
Cell5319	1	5	1	1
Cell5320	1	2	1	1
Cell5321	1	5	1	1
Cell5322	1	11	2	2
Cell5323	1	13	2	2
Cell5324	1	1	1	1
Cell5325	1	13	2	2
Cell5326	1	9	1	1
Cell5327	1	9	1	1
Cell5328	1	6	2	2
Cell5330	1	4	2	2
Cell5331	1	6	2	2
Cell5332	1	11	2	2
Cell5333	1	3	2	2
Cell5334	1	8	1	1
Cell5335	1	1	1	1
Cell5336	1	2	1	1
Cell5337	1	1	1	1
Cell5338	1	6	2	2
Cell5339	1	9	1	1
Cell5340	1	5	1	1
Cell5341	1	6	2	2
Cell5342	1	6	2	2
Cell5343	1	2	1	1
Cell5344	1	2	1	1
Cell5346	1	11	2	2
Cell5347	1	6	2	2
Cell5348	1	10	1	1
Cell5349	1	7	2	2
Cell5350	1	13	2	2
Cell5351	1	5	1	1
Cell5352	1	7	2	2
Cell5353	1	9	1	1
Cell5355	1	8	1	1
Cell5356	1	4	2	2
Cell5357	1	2	1	1
Cell5358	1	13	2	2
Cell5359	1	10	1	1
Cell5360	1	2	1	1
Cell5361	1	3	2	2
Cell5362	1	13	2	2
Cell5363	1	6	2	2
Cell5364	1	5	1	1
Cell5365	1	6	2	2
Cell5366	1	7	2	2
Cell5367	1	4	2	2
Cell5368	1	3	2	2
Cell5369	1	2	1	1
Cell5370	1	10	1	1
Cell5371	1	1	1	1
Cell5372	1	9	1	1
Cell5373	1	7	2	2
Cell5374	1	3	2	2
Cell5375	1	13	2	2
Cell5376	1	13	2	2
Cell5377	1	7	2	2
Cell5378	1	4	2	2
Cell5379	1	9	1	1
Cell5380	1	8	1	1
Cell5381	1	3	2	2
Cell5382	1	2	1	1
Cell5383	1	5	1	1
Cell5384	1	11	2	2
Cell5385	1	13	2	2
Cell5386	1	13	2	2
Cell5387	1	8	1	1
Cell5388	1	4	2	2
Cell5389	1	2	1	1
Cell5390	1	1	1	1
Cell5391	1	12	2	2
Cell5392	1	8	1	1
Cell5393	1	10	1	1
Cell5394	1	5	1	1
Cell5395	1	8	1	1
Cell5396	1	10	1	1
Cell5397	1	14	1	1
Cell5398	1	11	2	2
Cell5399	1	11	2	2
Cell5400	1	7	2	2
Cell5401	1	1	1	1
Cell5402	1	9	1	1
Cell5404	1	8	1	1
Cell5405	1	4	2	2
Cell5406	1	8	1	1
Cell5407	1	8	1	1
Cell5408	1	2	1	1
Cell5409	1	4	2	2
Cell5410	1	6	2	2
Cell5411	1	8	1	1
Cell5412	1	5	1	1
Cell5413	1	7	2	2
Cell5414	1	9	1	1
Cell5415	1	13	2	2
Cell5416	1	2	1	1
Cell5417	1	1	1	1
Cell5418	1	2	1	1
Cell5419	1	9	1	1
Cell5420	1	2	1	1
Cell5421	1	5	1	1
Cell5422	1	12	2	2
Cell5423	1	5	1	1
Cell5424	1	5	1	1
Cell5425	1	10	1	1
Cell5426	1	3	2	2
Cell5428	1	8	1	1
Cell5429	1	7	2	2
Cell5430	1	10	1	1
Cell5432	1	8	1	1
Cell5433	1	2	1	1
Cell5434	1	8	1	1
Cell5435	1	7	2	2
Cell5436	1	1	1	1
Cell5437	1	2	1	1
Cell5438	1	10	1	1
Cell5439	1	7	2	2
Cell5440	1	2	1	1
Cell5441	1	9	1	1
Cell5442	1	3	2	2
Cell5443	1	8	1	1
Cell5444	1	3	2	2
Cell5445	1	14	1	1
Cell5446	1	14	1	1
Cell5447	1	12	2	2
Cell5448	1	7	2	2
Cell5449	1	3	2	2
Cell5450	1	2	1	1
Cell5451	1	1	1	1
Cell5452	1	4	2	2
Cell5453	1	8	1	1
Cell5454	1	2	1	1
Cell5455	1	1	1	1
Cell5456	1	3	2	2
Cell5457	1	3	2	2
Cell5458	1	13	2	2
Cell5459	1	4	2	2
Cell5460	1	8	1	1
Cell5461	1	14	1	1
Cell5462	1	1	1	1
Cell5463	1	7	2	2
Cell5464	1	14	1	1
Cell5465	1	6	2	2
Cell5466	1	5	1	1
Cell5467	1	7	2	2
Cell5468	1	12	2	2
Cell5469	1	8	1	1
Cell5470	1	5	1	1
Cell5471	1	7	2	2
Cell5473	1	6	2	2
Cell5474	1	12	2	2
Cell5475	1	12	2	2
Cell5476	1	10	1	1
Cell5477	1	5	1	1
Cell5479	1	5	1	1
Cell5480	1	3	2	2
Cell5481	1	3	2	2
Cell5482	1	11	2	2
Cell5483	1	14	1	1
Cell5484	1	4	2	2
Cell5485	1	3	2	2
Cell5486	1	3	2	2
Cell5487	1	5	1	1
Cell5488	1	6	2	2
Cell5489	1	14	1	1
Cell5490	1	1	1	1
Cell5491	1	2	1	1
Cell5492	1	14	1	1
Cell5493	1	1	1	1
Cell5494	1	3	2	2
Cell5495	1	7	2	2
Cell5496	1	2	1	1
Cell5497	1	1	1	1
Cell5498	1	3	2	2
Cell5499	1	12	2	2
Cell5500	1	13	2	2
Cell5501	1	11	2	2
Cell5502	1	4	2	2
Cell5503	1	6	2	2
Cell5504	1	4	2	2
Cell5505	1	6	2	2
Cell5506	1	10	1	1
Cell5507	1	5	1	1
Cell5508	1	6	2	2
Cell5509	1	2	1	1
Cell5510	1	8	1	1
Cell5511	1	9	1	1
Cell5512	1	1	1	1
Cell5513	1	4	2	2
Cell5514	1	4	2	2
Cell5515	1	9	1	1
Cell5516	1	2	1	1
Cell5517	1	14	1	1
Cell5518	1	5	1	1
Cell5519	1	9	1	1
Cell5520	1	7	2	2
Cell5522	1	7	2	2
Cell5524	1	4	2	2
Cell5525	1	3	2	2
Cell5526	1	8	1	1
Cell5527	1	2	1	1
Cell5528	1	12	2	2
Cell5529	1	7	2	2
Cell5530	1	9	1	1
Cell5531	1	7	2	2
Cell5532	1	9	1	1
Cell5533	1	9	1	1
Cell5535	1	5	1	1
Cell5536	1	5	1	1
Cell5537	1	10	1	1
Cell5538	1	1	1	1
Cell5539	1	6	2	2
Cell5541	1	13	2	2
Cell5542	1	4	2	2
Cell5543	1	4	2	2
Cell5544	1	2	1	1
Cell5545	1	8	1	1
Cell5546	1	13	2	2
Cell5547	1	4	2	2
Cell5548	1	2	1	1
Cell5549	1	6	2	2
Cell5550	1	9	1	1
Cell5551	1	1	1	1
Cell5553	1	8	1	1
Cell5554	1	6	2	2
Cell5555	1	14	1	1
Cell5556	1	3	2	2
Cell5557	1	5	1	1
Cell5558	1	2	1	1
Cell5559	1	3	2	2
Cell5560	1	1	1	1
Cell5561	1	8	1	1
Cell5562	1	8	1	1
Cell5563	1	4	2	2
Cell5564	1	8	1	1
Cell5565	1	3	2	2
Cell5566	1	11	2	2
Cell5567	1	14	1	1
Cell5568	1	6	2	2
Cell5569	1	1	1	1
Cell5570	1	6	2	2
Cell5571	1	9	1	1
Cell5572	1	8	1	1
Cell5573	1	7	2	2
Cell5574	1	12	2	2
Cell5575	1	10	1	1
Cell5576	1	6	2	2
Cell5577	1	5	1	1
Cell5578	1	13	2	2
Cell5579	1	2	1	1
Cell5580	1	10	1	1
Cell5581	1	13	2	2
Cell5582	1	7	2	2
Cell5584	1	12	2	2
Cell5585	1	4	2	2
Cell5586	1	14	1	1
Cell5587	1	3	2	2
Cell5588	1	3	2	2
Cell5589	1	1	1	1
Cell5590	1	6	2	2
Cell5591	1	5	1	1
Cell5592	1	12	2	2
Cell5593	1	1	1	1
Cell5594	1	4	2	2
Cell5595	1	1	1	1
Cell5596	1	10	1	1
Cell5597	1	6	2	2
Cell5598	1	3	2	2
Cell5599	1	5	1	1
Cell5600	1	10	1	1
Cell5601	1	1	1	1
Cell5602	1	8	1	1
Cell5603	1	14	1	1
Cell5604	1	7	2	2
Cell5605	1	11	2	2
Cell5606	1	12	2	2
Cell5607	1	2	1	1
Cell5608	1	11	2	2
Cell5609	1	3	2	2
Cell5610	1	6	2	2
Cell5611	1	1	1	1
Cell5612	1	11	2	2
Cell5613	1	14	1	1
Cell5614	1	7	2	2
Cell5615	1	2	1	1
Cell5616	1	1	1	1
Cell5617	1	2	1	1
Cell5618	1	6	2	2
Cell5619	1	4	2	2
Cell5620	1	6	2	2
Cell5621	1	1	1	1
Cell5622	1	7	2	2
Cell5623	1	5	1	1
Cell5624	1	3	2	2
Cell5625	1	1	1	1
Cell5626	1	8	1	1
Cell5627	1	14	1	1
Cell5628	1	3	2	2
Cell5629	1	4	2	2
Cell5630	1	9	1	1
Cell5631	1	4	2	2
Cell5632	1	12	2	2
Cell5633	1	6	2	2
Cell5634	1	7	2	2
Cell5635	1	7	2	2
Cell5636	1	2	1	1
Cell5637	1	1	1	1
Cell5638	1	4	2	2
Cell5639	1	2	1	1
Cell5640	1	8	1	1
Cell5641	1	6	2	2
Cell5643	1	14	1	1
Cell5644	1	7	2	2
Cell5645	1	2	1	1
Cell5646	1	11	2	2
Cell5647	1	3	2	2
Cell5648	1	5	1	1
Cell5649	1	14	1	1
Cell5650	1	3	2	2
Cell5651	1	5	1	1
Cell5653	1	3	2	2
Cell5654	1	12	2	2
Cell5655	1	3	2	2
Cell5656	1	2	1	1
Cell5657	1	2	1	1
Cell5658	1	5	1	1
Cell5659	1	10	1	1
Cell5660	1	14	1	1
Cell5661	1	7	2	2
Cell5662	1	13	2	2
Cell5663	1	6	2	2
Cell5664	1	11	2	2
Cell5665	1	10	1	1
Cell5667	1	8	1	1
Cell5668	1	4	2	2
Cell5669	1	2	1	1
Cell5670	1	9	1	1
Cell5671	1	8	1	1
Cell5672	1	6	2	2
Cell5673	1	7	2	2
Cell5674	1	8	1	1
Cell5675	1	9	1	1
Cell5676	1	3	2	2
Cell5677	1	10	1	1
Cell5678	1	12	2	2
Cell5679	1	4	2	2
Cell5680	1	6	2	2
Cell5681	1	5	1	1
Cell5682	1	13	2	2
Cell5683	1	3	2	2
Cell5684	1	5	1	1
Cell5685	1	1	1	1
Cell5686	1	6	2	2
Cell5687	1	1	1	1
Cell5688	1	14	1	1
Cell5689	1	3	2	2
Cell5690	1	9	1	1
Cell5691	1	2	1	1
Cell5692	1	11	2	2
Cell5693	1	12	2	2
Cell5694	1	9	1	1
Cell5695	1	2	1	1
Cell5696	1	5	1	1
Cell5697	1	4	2	2
Cell5699	1	2	1	1
Cell5700	1	2	1	1
Cell5702	1	1	1	1
Cell5703	1	5	1	1
Cell5704	1	14	1	1
Cell5706	1	10	1	1
Cell5707	1	3	2	2
Cell5708	1	12	2	2
Cell5709	1	12	2	2
Cell5710	1	14	1	1
Cell5711	1	13	2	2
Cell5712	1	7	2	2
Cell5714	1	2	1	1
Cell5715	1	8	1	1
Cell5716	1	8	1	1
Cell5717	1	5	1	1
Cell5718	1	4	2	2
Cell5720	1	5	1	1
Cell5721	1	6	2	2
Cell5722	1	10	1	1
Cell5723	1	11	2	2
Cell5724	1	2	1	1
Cell5725	1	5	1	1
Cell5726	1	9	1	1
Cell5727	1	3	2	2
Cell5728	1	2	1	1
Cell5729	1	4	2	2
Cell5730	1	7	2	2
Cell5731	1	10	1	1
Cell5732	1	8	1	1
Cell5733	1	1	1	1
Cell5734	1	2	1	1
Cell5735	1	4	2	2
Cell5736	1	1	1	1
Cell5737	1	1	1	1
Cell5738	1	9	1	1
Cell5739	1	5	1	1
Cell5740	1	1	1	1
Cell5741	1	1	1	1
Cell5742	1	9	1	1
Cell5743	1	8	1	1
Cell5744	1	11	2	2
Cell5745	1	3	2	2
Cell5746	1	6	2	2
Cell5747	1	4	2	2
Cell5748	1	14	1	1
Cell5749	1	7	2	2
Cell5750	1	2	1	1
Cell5751	1	1	1	1
Cell5752	1	8	1	1
Cell5753	1	1	1	1
Cell5754	1	6	2	2
Cell5755	1	2	1	1
Cell5756	1	5	1	1
Cell5757	1	6	2	2
Cell5758	1	4	2	2
Cell5759	1	12	2	2
Cell5760	1	3	2	2
Cell5761	1	9	1	1
Cell5762	1	12	2	2
Cell5763	1	1	1	1
Cell5764	1	3	2	2
Cell5765	1	3	2	2
Cell5766	1	9	1	1
Cell5767	1	6	2	2
Cell5768	1	12	2	2
Cell5769	1	8	1	1
Cell5771	1	3	2	2
Cell5772	1	9	1	1
Cell5773	1	11	2	2
Cell5774	1	11	2	2
Cell5775	1	6	2	2
Cell5776	1	7	2	2
Cell5777	1	10	1	1
Cell5778	1	2	1	1
Cell5779	1	3	2	2
Cell5780	1	11	2	2
Cell5781	1	10	1	1
Cell5782	1	9	1	1
Cell5783	1	10	1	1
Cell5784	1	1	1	1
Cell5785	1	10	1	1
Cell5786	1	12	2	2
Cell5787	1	6	2	2
Cell5788	1	4	2	2
Cell5789	1	13	2	2
Cell5790	1	1	1	1
Cell5791	1	4	2	2
Cell5792	1	5	1	1
Cell5794	1	4	2	2
Cell5795	1	3	2	2
Cell5796	1	10	1	1
Cell5798	1	9	1	1
Cell5799	1	7	2	2
Cell5801	1	5	1	1
Cell5802	1	9	1	1
Cell5803	1	1	1	1
Cell5804	1	11	2	2
Cell5805	1	14	1	1
Cell5806	1	2	1	1
Cell5807	1	8	1	1
Cell5809	1	8	1	1
Cell5810	1	9	1	1
Cell5811	1	10	1	1
Cell5812	1	9	1	1
Cell5813	1	5	1	1
Cell5814	1	14	1	1
Cell5815	1	1	1	1
Cell5816	1	10	1	1
Cell5817	1	5	1	1
Cell5818	1	9	1	1
Cell5819	1	11	2	2
Cell5820	1	5	1	1
Cell5821	1	6	2	2
Cell5822	1	1	1	1
Cell5823	1	6	2	2
Cell5824	1	8	1	1
Cell5825	1	10	1	1
Cell5826	1	1	1	1
Cell5827	1	4	2	2
Cell5829	1	7	2	2
Cell5830	1	10	1	1
Cell5831	1	5	1	1
Cell5832	1	5	1	1
Cell5833	1	3	2	2
Cell5834	1	7	2	2
Cell5835	1	5	1	1
Cell5836	1	8	1	1
Cell5837	1	3	2	2
Cell5838	1	5	1	1
Cell5839	1	7	2	2
Cell5840	1	4	2	2
Cell5841	1	5	1	1
Cell5842	1	12	2	2
Cell5843	1	5	1	1
Cell5844	1	6	2	2
Cell5845	1	3	2	2
Cell5847	1	4	2	2
Cell5848	1	8	1	1
Cell5849	1	1	1	1
Cell5850	1	10	1	1
Cell5851	1	6	2	2
Cell5852	1	10	1	1
Cell5854	1	4	2	2
Cell5855	1	8	1	1
Cell5856	1	13	2	2
Cell5857	1	11	2	2
Cell5858	1	5	1	1
Cell5859	1	1	1	1
Cell5860	1	10	1	1
Cell5861	1	5	1	1
Cell5862	1	3	2	2
Cell5863	1	11	2	2
Cell5864	1	7	2	2
Cell5865	1	8	1	1
Cell5866	1	3	2	2
Cell5867	1	8	1	1
Cell5868	1	5	1	1
Cell5869	1	6	2	2
Cell5870	1	1	1	1
Cell5871	1	11	2	2
Cell5872	1	3	2	2
Cell5873	1	8	1	1
Cell5874	1	7	2	2
Cell5875	1	6	2	2
Cell5876	1	3	2	2
Cell5877	1	14	1	1
Cell5878	1	12	2	2
Cell5879	1	6	2	2
Cell5880	1	5	1	1
Cell5881	1	5	1	1
Cell5882	1	4	2	2
Cell5883	1	2	1	1
Cell5884	1	11	2	2
Cell5885	1	2	1	1
Cell5886	1	13	2	2
Cell5887	1	8	1	1
Cell5888	1	2	1	1
Cell5890	1	8	1	1
Cell5891	1	8	1	1
Cell5892	1	11	2	2
Cell5893	1	8	1	1
Cell5894	1	10	1	1
Cell5895	1	14	1	1
Cell5896	1	3	2	2
Cell5897	1	10	1	1
Cell5898	1	6	2	2
Cell5899	1	13	2	2
Cell5900	1	11	2	2
Cell5901	1	7	2	2
Cell5902	1	10	1	1
Cell5903	1	5	1	1
Cell5904	1	4	2	2
Cell5905	1	5	1	1
Cell5906	1	4	2	2
Cell5907	1	2	1	1
Cell5908	1	12	2	2
Cell5909	1	9	1	1
Cell5910	1	3	2	2
Cell5911	1	2	1	1
Cell5912	1	6	2	2
Cell5913	1	5	1	1
Cell5914	1	2	1	1
Cell5915	1	13	2	2
Cell5916	1	14	1	1
Cell5917	1	7	2	2
Cell5918	1	7	2	2
Cell5919	1	10	1	1
Cell5920	1	14	1	1
Cell5921	1	3	2	2
Cell5922	1	11	2	2
Cell5923	1	13	2	2
Cell5924	1	10	1	1
Cell5925	1	2	1	1
Cell5926	1	5	1	1
Cell5927	1	6	2	2
Cell5928	1	14	1	1
Cell5929	1	6	2	2
Cell5930	1	4	2	2
Cell5931	1	2	1	1
Cell5933	1	13	2	2
Cell5934	1	4	2	2
Cell5935	1	10	1	1
Cell5936	1	12	2	2
Cell5937	1	10	1	1
Cell5938	1	4	2	2
Cell5939	1	9	1	1
Cell5940	1	4	2	2
Cell5942	1	6	2	2
Cell5943	1	7	2	2
Cell5944	1	6	2	2
Cell5945	1	1	1	1
Cell5947	1	9	1	1
Cell5948	1	5	1	1
Cell5949	1	12	2	2
Cell5950	1	1	1	1
Cell5951	1	11	2	2
Cell5952	1	8	1	1
Cell5953	1	11	2	2
Cell5954	1	9	1	1
Cell5955	1	5	1	1
Cell5956	1	12	2	2
Cell5957	1	1	1	1
Cell5958	1	4	2	2
Cell5959	1	9	1	1
Cell5960	1	13	2	2
Cell5961	1	5	1	1
Cell5963	1	10	1	1
Cell5964	1	12	2	2
Cell5965	1	4	2	2
Cell5966	1	7	2	2
Cell5967	1	8	1	1
Cell5968	1	14	1	1
Cell5969	1	8	1	1
Cell5970	1	6	2	2
Cell5971	1	8	1	1
Cell5972	1	13	2	2
Cell5973	1	2	1	1
Cell5974	1	1	1	1
Cell5975	1	13	2	2
Cell5976	1	3	2	2
Cell5977	1	8	1	1
Cell5978	1	9	1	1
Cell5979	1	4	2	2
Cell5980	1	3	2	2
Cell5981	1	1	1	1
Cell5982	1	12	2	2
Cell5983	1	11	2	2
Cell5984	1	5	1	1
Cell5985	1	2	1	1
Cell5986	1	5	1	1
Cell5987	1	11	2	2
Cell5988	1	5	1	1
Cell5989	1	14	1	1
Cell5990	1	11	2	2
Cell5991	1	9	1	1
Cell5992	1	9	1	1
Cell5993	1	9	1	1
Cell5994	1	8	1	1
Cell5995	1	4	2	2
Cell5998	1	7	2	2
Cell5999	1	9	1	1
Cell6000	1	3	2	2
