ID	did	seurat_cluster	kmeans_cluster	labels
Cell1	1	7	32	32
Cell3	1	12	3	13
Cell4	1	2	6	16
Cell5	1	9	15	26
Cell6	1	12	3	13
Cell7	1	16	1	8
Cell8	1	8	20	25
Cell10	1	8	10	25
Cell11	1	16	1	8
Cell12	1	4	18	15
Cell13	1	12	3	13
Cell15	1	3	16	5
Cell16	1	21	23	29
Cell17	1	7	32	32
Cell18	1	4	18	15
Cell19	1	20	2	17
Cell20	1	25	27	11
Cell21	1	4	18	15
Cell22	1	14	5	9
Cell23	1	15	25	18
Cell24	1	11	17	5
Cell25	1	14	5	9
Cell26	1	20	2	17
Cell27	1	15	25	18
Cell28	1	19	8	23
Cell29	1	25	27	11
Cell30	1	21	23	29
Cell31	1	4	18	15
Cell32	1	16	1	8
Cell33	1	3	16	5
Cell34	1	13	28	4
Cell35	1	6	21	14
Cell36	1	5	14	2
Cell37	1	18	4	28
Cell38	1	2	6	4
Cell39	1	25	27	11
Cell40	1	6	21	14
Cell41	1	15	25	27
Cell42	1	2	6	16
Cell43	1	23	12	24
Cell44	1	17	9	31
Cell45	1	9	15	26
Cell46	1	21	23	16
Cell47	1	13	28	21
Cell48	1	10	31	1
Cell50	1	15	25	18
Cell52	1	15	25	20
Cell53	1	17	9	31
Cell54	1	3	4	28
Cell55	1	9	15	30
Cell56	1	14	5	9
Cell57	1	19	8	23
Cell59	1	1	11	4
Cell60	1	10	31	20
Cell61	1	8	20	25
Cell62	1	2	6	14
Cell63	1	9	15	26
Cell64	1	1	7	10
Cell66	1	11	17	6
Cell67	1	3	16	28
Cell68	1	4	18	15
Cell70	1	23	12	24
Cell71	1	2	6	16
Cell72	1	16	1	8
Cell73	1	18	4	28
Cell74	1	3	19	20
Cell75	1	12	3	13
Cell76	1	13	28	21
Cell77	1	22	5	30
Cell79	1	16	1	8
Cell80	1	14	5	9
Cell81	1	3	16	20
Cell82	1	6	26	27
Cell83	1	1	11	22
Cell84	1	1	7	10
Cell85	1	14	5	9
Cell86	1	22	30	30
Cell87	1	23	12	24
Cell88	1	6	26	27
Cell89	1	24	24	19
Cell90	1	22	5	14
Cell91	1	9	15	26
Cell92	1	10	31	1
Cell93	1	3	19	20
Cell94	1	17	9	31
Cell95	1	23	12	24
Cell96	1	6	21	14
Cell97	1	17	9	31
Cell99	1	11	17	6
Cell100	1	17	9	31
Cell101	1	17	9	31
Cell102	1	3	11	22
Cell103	1	11	17	5
Cell104	1	4	18	7
Cell105	1	18	4	28
Cell106	1	25	27	11
Cell107	1	11	17	6
Cell108	1	12	3	13
Cell109	1	25	27	11
Cell110	1	1	11	4
Cell111	1	19	8	12
Cell112	1	1	7	10
Cell113	1	2	6	16
Cell114	1	5	14	3
Cell115	1	17	9	31
Cell117	1	19	8	12
Cell118	1	19	8	12
Cell119	1	18	4	28
Cell120	1	18	4	28
Cell121	1	16	1	8
Cell122	1	18	4	28
Cell123	1	1	7	10
Cell124	1	15	25	18
Cell125	1	11	17	22
Cell126	1	10	31	1
Cell127	1	5	22	23
Cell128	1	4	18	7
Cell129	1	3	19	20
Cell130	1	10	31	1
Cell131	1	7	32	32
Cell132	1	22	30	30
Cell133	1	19	8	12
Cell134	1	10	31	1
Cell135	1	15	25	18
Cell136	1	16	1	30
Cell137	1	22	5	30
Cell138	1	5	14	2
Cell139	1	16	1	8
Cell140	1	12	3	13
Cell141	1	20	2	17
Cell142	1	4	18	7
Cell144	1	5	14	2
Cell145	1	1	7	10
Cell146	1	16	1	8
Cell147	1	25	27	11
Cell148	1	22	30	30
Cell149	1	7	32	32
Cell150	1	11	17	6
Cell151	1	8	20	25
Cell152	1	22	5	30
Cell153	1	13	28	21
Cell154	1	6	21	14
Cell155	1	5	14	2
Cell156	1	1	7	10
Cell157	1	12	3	13
Cell158	1	20	2	17
Cell159	1	1	7	4
Cell160	1	1	11	22
Cell161	1	20	2	22
Cell162	1	14	5	9
Cell163	1	19	8	12
Cell164	1	18	4	28
Cell165	1	4	18	15
Cell166	1	15	25	18
Cell167	1	16	1	8
Cell168	1	2	6	5
Cell169	1	24	24	19
Cell170	1	2	6	16
Cell171	1	5	14	23
Cell172	1	15	25	18
Cell173	1	14	5	9
Cell174	1	5	14	2
Cell175	1	6	21	14
Cell176	1	18	4	28
Cell177	1	1	29	10
Cell178	1	10	31	20
Cell179	1	1	7	10
Cell180	1	12	3	13
Cell181	1	18	4	28
Cell182	1	17	9	31
Cell183	1	18	4	28
Cell184	1	3	16	5
Cell185	1	8	20	25
Cell186	1	8	10	25
Cell187	1	3	16	5
Cell188	1	2	30	3
Cell189	1	14	5	30
Cell190	1	4	18	7
Cell191	1	2	6	16
Cell193	1	16	1	8
Cell194	1	18	4	28
Cell195	1	22	5	30
Cell196	1	7	32	32
Cell197	1	15	25	18
Cell198	1	21	23	22
Cell199	1	13	28	21
Cell200	1	11	17	6
Cell201	1	9	15	26
Cell202	1	19	8	12
Cell203	1	11	17	6
Cell204	1	16	1	8
Cell205	1	6	26	27
Cell206	1	1	29	14
Cell207	1	1	29	4
Cell208	1	14	5	9
Cell209	1	21	23	29
Cell210	1	23	12	24
Cell211	1	6	26	27
Cell212	1	6	21	14
Cell213	1	12	3	13
Cell214	1	6	26	27
Cell215	1	25	27	11
Cell216	1	10	19	20
Cell217	1	1	11	23
Cell218	1	21	23	29
Cell219	1	16	1	8
Cell220	1	7	32	32
Cell221	1	6	21	14
Cell222	1	25	27	11
Cell223	1	4	18	14
Cell224	1	22	5	30
Cell225	1	5	14	2
Cell226	1	15	25	18
Cell227	1	16	1	8
Cell228	1	1	29	23
Cell231	1	2	6	3
Cell232	1	8	10	25
Cell233	1	4	18	15
Cell234	1	3	16	5
Cell235	1	18	4	28
Cell236	1	3	16	5
Cell237	1	3	18	15
Cell238	1	21	23	29
Cell239	1	5	22	2
Cell240	1	21	23	29
Cell241	1	1	7	10
Cell242	1	19	8	12
Cell243	1	3	19	20
Cell244	1	12	3	13
Cell245	1	24	24	19
Cell246	1	2	6	3
Cell247	1	5	22	23
Cell248	1	3	16	5
Cell249	1	1	7	10
Cell250	1	18	4	28
Cell251	1	14	5	9
Cell252	1	18	4	28
Cell253	1	9	15	26
Cell254	1	13	28	21
Cell255	1	4	18	7
Cell256	1	4	18	15
Cell257	1	19	8	12
Cell258	1	12	3	13
Cell259	1	8	20	25
Cell260	1	14	5	9
Cell261	1	6	26	14
Cell262	1	8	20	25
Cell263	1	23	12	24
Cell265	1	23	12	24
Cell266	1	6	26	27
Cell267	1	4	18	15
Cell268	1	22	5	30
Cell269	1	6	21	14
Cell270	1	20	2	17
Cell271	1	2	6	16
Cell272	1	5	22	23
Cell273	1	16	1	8
Cell274	1	9	15	26
Cell275	1	20	2	17
Cell276	1	4	18	14
Cell277	1	2	30	30
Cell278	1	23	12	24
Cell279	1	8	10	25
Cell280	1	18	4	28
Cell281	1	13	28	21
Cell282	1	19	8	12
Cell283	1	15	25	18
Cell284	1	2	6	4
Cell285	1	1	7	23
Cell286	1	10	31	1
Cell287	1	9	15	26
Cell288	1	1	7	10
Cell289	1	3	19	22
Cell290	1	10	31	1
Cell291	1	3	19	22
Cell292	1	3	19	22
Cell293	1	9	15	26
Cell294	1	9	15	26
Cell295	1	20	2	22
Cell296	1	19	8	12
Cell297	1	4	18	7
Cell298	1	4	18	7
Cell299	1	11	17	6
Cell300	1	6	21	14
Cell301	1	7	32	32
Cell302	1	16	1	8
Cell303	1	1	7	10
Cell304	1	3	16	5
Cell305	1	14	5	9
Cell306	1	23	12	24
Cell307	1	1	29	27
Cell308	1	7	32	32
Cell309	1	5	22	23
Cell310	1	3	16	20
Cell311	1	2	30	3
Cell312	1	22	5	30
Cell313	1	23	12	24
Cell314	1	19	8	12
Cell315	1	8	20	25
Cell316	1	5	14	2
Cell317	1	23	12	24
Cell318	1	5	22	23
Cell319	1	2	6	16
Cell320	1	9	15	26
Cell321	1	14	5	9
Cell322	1	10	31	1
Cell323	1	7	32	32
Cell324	1	8	20	25
Cell325	1	18	4	28
Cell326	1	10	31	1
Cell327	1	17	9	31
Cell328	1	10	31	1
Cell329	1	14	5	9
Cell330	1	15	25	18
Cell331	1	10	31	1
Cell332	1	23	12	24
Cell333	1	17	9	31
Cell334	1	23	12	24
Cell336	1	9	15	26
Cell337	1	22	5	30
Cell338	1	21	23	29
Cell339	1	6	21	14
Cell340	1	10	31	1
Cell341	1	17	9	31
Cell342	1	4	18	15
Cell343	1	23	12	24
Cell344	1	22	30	14
Cell345	1	9	15	26
Cell346	1	5	22	23
Cell347	1	3	19	20
Cell348	1	9	15	26
Cell349	1	9	15	26
Cell350	1	21	23	29
Cell351	1	6	26	27
Cell352	1	5	14	2
Cell353	1	21	23	29
Cell354	1	19	8	12
Cell355	1	22	30	30
Cell356	1	6	26	27
Cell357	1	15	25	18
Cell358	1	19	8	12
Cell359	1	4	18	7
Cell360	1	5	22	23
Cell361	1	4	18	7
Cell362	1	2	30	12
Cell363	1	21	23	29
Cell364	1	8	20	25
Cell365	1	18	4	28
Cell366	1	17	9	31
Cell367	1	14	5	9
Cell368	1	1	7	10
Cell369	1	5	22	23
Cell370	1	12	3	13
Cell372	1	3	16	5
Cell373	1	19	8	12
Cell375	1	25	27	11
Cell376	1	8	20	25
Cell377	1	2	6	22
Cell378	1	25	27	11
Cell379	1	24	13	19
Cell380	1	3	16	15
Cell381	1	22	5	30
Cell382	1	25	27	11
Cell383	1	13	28	21
Cell384	1	9	15	26
Cell385	1	3	16	5
Cell386	1	16	1	8
Cell387	1	6	26	27
Cell388	1	12	3	13
Cell389	1	15	25	18
Cell390	1	13	28	21
Cell391	1	2	6	16
Cell392	1	11	17	6
Cell393	1	4	18	7
Cell394	1	2	30	3
Cell395	1	2	6	16
Cell396	1	17	9	31
Cell397	1	25	27	11
Cell398	1	21	23	29
Cell399	1	3	17	22
Cell400	1	12	3	13
Cell403	1	6	21	14
Cell404	1	1	7	10
Cell405	1	3	16	5
Cell406	1	1	7	10
Cell407	1	13	28	21
Cell409	1	2	30	4
Cell410	1	4	18	7
Cell411	1	3	17	22
Cell412	1	17	9	31
Cell413	1	16	1	8
Cell414	1	20	2	17
Cell415	1	4	18	7
Cell416	1	19	8	12
Cell417	1	23	12	24
Cell418	1	9	15	26
Cell419	1	17	9	31
Cell420	1	2	6	30
Cell421	1	8	20	25
Cell422	1	2	6	16
Cell423	1	4	18	7
Cell424	1	4	18	7
Cell425	1	17	9	31
Cell426	1	4	18	7
Cell427	1	6	26	27
Cell428	1	2	6	16
Cell429	1	5	22	4
Cell430	1	18	4	28
Cell431	1	1	29	4
Cell432	1	4	18	4
Cell433	1	19	8	12
Cell434	1	23	12	24
Cell435	1	15	25	18
Cell436	1	3	16	22
Cell437	1	25	27	11
Cell438	1	9	15	30
Cell439	1	15	25	18
Cell441	1	7	32	32
Cell442	1	11	17	6
Cell443	1	14	5	9
Cell444	1	16	1	8
Cell445	1	14	5	9
Cell446	1	10	31	1
Cell447	1	9	15	26
Cell448	1	6	26	27
Cell449	1	6	21	14
Cell450	1	18	4	28
Cell452	1	9	15	26
Cell453	1	10	31	1
Cell454	1	7	32	32
Cell455	1	9	15	26
Cell456	1	7	32	32
Cell457	1	12	3	13
Cell458	1	11	17	20
Cell459	1	1	11	4
Cell460	1	4	18	7
Cell461	1	8	10	25
Cell462	1	4	18	15
Cell463	1	10	31	1
Cell464	1	16	1	8
Cell465	1	14	5	9
Cell466	1	22	5	30
Cell468	1	17	9	31
Cell469	1	13	28	21
Cell470	1	22	30	30
Cell471	1	3	16	20
Cell472	1	13	28	4
Cell473	1	14	5	9
Cell474	1	14	5	9
Cell475	1	5	14	2
Cell476	1	19	8	12
Cell477	1	5	22	23
Cell478	1	20	2	17
Cell479	1	8	20	25
Cell480	1	3	16	22
Cell481	1	11	17	6
Cell482	1	2	6	16
Cell483	1	15	25	18
Cell484	1	3	19	22
Cell485	1	20	2	17
Cell486	1	17	9	31
Cell487	1	9	15	26
Cell488	1	18	4	28
Cell489	1	2	6	16
Cell490	1	6	26	27
Cell491	1	17	9	31
Cell492	1	3	19	20
Cell493	1	12	3	13
Cell496	1	11	17	6
Cell497	1	18	4	28
Cell498	1	11	17	6
Cell499	1	10	31	1
Cell500	1	1	29	10
Cell501	1	1	7	10
Cell502	1	15	25	18
Cell503	1	12	3	13
Cell504	1	2	6	16
Cell505	1	23	12	24
Cell506	1	22	5	30
Cell507	1	17	9	31
Cell508	1	1	29	23
Cell509	1	18	17	22
Cell510	1	18	4	28
Cell511	1	17	9	31
Cell512	1	7	32	32
Cell513	1	14	5	9
Cell514	1	6	21	14
Cell515	1	18	4	28
Cell516	1	22	5	30
Cell517	1	1	29	14
Cell518	1	22	5	30
Cell519	1	20	2	17
Cell520	1	24	13	19
Cell521	1	11	17	6
Cell522	1	5	14	2
Cell523	1	15	25	18
Cell524	1	3	16	5
Cell525	1	2	30	3
Cell526	1	15	25	18
Cell527	1	19	8	12
Cell528	1	4	18	15
Cell529	1	5	14	2
Cell530	1	18	4	28
Cell531	1	7	32	20
Cell532	1	23	12	24
Cell533	1	17	9	31
Cell534	1	6	26	27
Cell535	1	14	5	9
Cell536	1	11	17	6
Cell537	1	16	1	8
Cell538	1	3	19	20
Cell539	1	13	28	21
Cell540	1	17	9	28
Cell541	1	20	2	17
Cell542	1	22	30	3
Cell543	1	3	19	5
Cell544	1	11	17	6
Cell545	1	4	18	7
Cell546	1	1	29	14
Cell547	1	8	10	25
Cell548	1	5	14	2
Cell549	1	5	14	2
Cell550	1	23	12	24
Cell551	1	12	3	13
Cell552	1	12	3	13
Cell553	1	23	12	24
Cell554	1	4	18	4
Cell555	1	2	30	4
Cell556	1	9	15	26
Cell557	1	5	22	4
Cell558	1	23	12	24
Cell559	1	10	31	1
Cell560	1	17	9	31
Cell561	1	3	16	20
Cell562	1	4	18	7
Cell563	1	6	26	27
Cell564	1	15	25	18
Cell565	1	2	6	16
Cell566	1	5	22	23
Cell567	1	1	29	4
Cell568	1	8	20	25
Cell569	1	13	28	21
Cell570	1	21	23	29
Cell571	1	16	1	8
Cell572	1	19	8	12
Cell573	1	16	1	8
Cell574	1	6	21	14
Cell575	1	11	17	6
Cell576	1	19	8	12
Cell577	1	4	18	7
Cell578	1	4	18	20
Cell579	1	23	12	24
Cell580	1	6	21	4
Cell581	1	2	30	22
Cell582	1	7	32	32
Cell583	1	19	8	12
Cell584	1	1	7	10
Cell585	1	4	18	15
Cell586	1	14	5	9
Cell588	1	4	18	15
Cell589	1	21	23	29
Cell590	1	5	14	2
Cell592	1	1	7	10
Cell593	1	1	7	10
Cell594	1	6	21	14
Cell595	1	23	12	24
Cell596	1	21	23	29
Cell597	1	24	24	19
Cell598	1	12	3	13
Cell599	1	6	21	27
Cell600	1	7	32	32
Cell601	1	24	24	19
Cell602	1	4	18	7
Cell603	1	22	5	30
Cell604	1	17	9	31
Cell605	1	5	14	2
Cell606	1	19	8	3
Cell608	1	13	28	21
Cell609	1	23	12	24
Cell610	1	17	9	31
Cell611	1	11	17	6
Cell612	1	3	19	20
Cell613	1	4	18	7
Cell614	1	16	1	8
Cell615	1	21	23	20
Cell616	1	4	18	7
Cell617	1	11	17	6
Cell618	1	19	8	12
Cell619	1	22	5	30
Cell620	1	14	5	30
Cell621	1	5	14	2
Cell622	1	13	28	21
Cell623	1	15	25	18
Cell624	1	1	11	22
Cell625	1	15	25	20
Cell626	1	2	6	16
Cell627	1	15	25	18
Cell628	1	1	7	4
Cell629	1	7	32	32
Cell631	1	18	4	28
Cell632	1	25	27	11
Cell633	1	19	8	12
Cell634	1	20	2	17
Cell635	1	1	11	22
Cell637	1	3	16	20
Cell638	1	10	31	1
Cell639	1	15	25	18
Cell640	1	3	16	7
Cell641	1	16	1	8
Cell642	1	8	20	25
Cell643	1	25	27	11
Cell644	1	15	25	18
Cell645	1	25	27	11
Cell646	1	11	17	6
Cell647	1	13	28	21
Cell648	1	5	14	2
Cell649	1	22	5	14
Cell650	1	9	15	26
Cell651	1	5	14	2
Cell652	1	11	17	20
Cell653	1	4	18	15
Cell654	1	3	16	5
Cell655	1	22	30	9
Cell656	1	9	15	26
Cell657	1	1	11	22
Cell658	1	1	11	2
Cell659	1	12	3	13
Cell660	1	25	27	11
Cell661	1	11	17	6
Cell662	1	2	6	16
Cell663	1	12	3	22
Cell664	1	3	16	5
Cell665	1	10	31	1
Cell666	1	7	32	32
Cell667	1	1	11	20
Cell668	1	3	16	5
Cell669	1	24	24	19
Cell670	1	22	5	14
Cell672	1	21	23	29
Cell673	1	24	13	19
Cell674	1	12	3	13
Cell675	1	23	12	24
Cell676	1	2	6	16
Cell677	1	2	14	2
Cell678	1	6	21	4
Cell679	1	4	18	15
Cell680	1	19	8	12
Cell681	1	8	20	25
Cell682	1	13	28	21
Cell683	1	15	25	18
Cell684	1	1	29	14
Cell685	1	12	3	13
Cell686	1	16	1	8
Cell687	1	15	25	18
Cell688	1	4	18	27
Cell689	1	11	17	6
Cell690	1	6	26	27
Cell691	1	13	28	21
Cell692	1	3	16	5
Cell693	1	16	1	8
Cell694	1	23	12	24
Cell696	1	7	32	32
Cell697	1	3	19	22
Cell698	1	1	29	17
Cell699	1	5	14	2
Cell700	1	14	5	9
Cell701	1	1	29	4
Cell702	1	5	22	23
Cell703	1	13	28	21
Cell704	1	3	19	20
Cell705	1	25	27	11
Cell706	1	6	26	27
Cell707	1	6	26	27
Cell708	1	16	1	8
Cell709	1	2	30	3
Cell710	1	14	5	9
Cell711	1	2	30	3
Cell712	1	16	1	8
Cell714	1	8	10	25
Cell715	1	3	16	20
Cell716	1	2	30	3
Cell717	1	20	2	17
Cell718	1	8	20	25
Cell719	1	4	18	7
Cell720	1	1	7	10
Cell721	1	22	30	3
Cell722	1	15	25	18
Cell723	1	3	16	5
Cell725	1	9	15	26
Cell726	1	24	13	19
Cell727	1	21	23	29
Cell728	1	23	12	24
Cell729	1	20	2	17
Cell730	1	1	29	4
Cell731	1	6	21	14
Cell732	1	2	6	16
Cell733	1	2	6	16
Cell734	1	18	4	28
Cell735	1	16	1	8
Cell736	1	14	5	30
Cell737	1	10	31	1
Cell738	1	21	23	29
Cell739	1	21	23	5
Cell740	1	3	16	5
Cell741	1	15	25	18
Cell742	1	19	8	12
Cell743	1	13	28	21
Cell744	1	5	22	23
Cell745	1	23	12	24
Cell746	1	20	2	17
Cell747	1	21	23	29
Cell748	1	12	3	13
Cell749	1	19	8	12
Cell750	1	23	12	24
Cell751	1	4	18	7
Cell752	1	15	25	18
Cell753	1	4	18	15
Cell754	1	18	4	28
Cell755	1	8	20	25
Cell756	1	14	5	9
Cell757	1	4	18	7
Cell758	1	22	30	30
Cell759	1	5	22	22
Cell760	1	12	3	13
Cell761	1	19	8	12
Cell762	1	13	28	21
Cell763	1	6	26	27
Cell764	1	13	28	21
Cell765	1	15	25	18
Cell766	1	12	3	13
Cell767	1	5	22	23
Cell768	1	17	9	31
Cell769	1	22	30	30
Cell770	1	15	25	30
Cell771	1	7	32	32
Cell772	1	24	13	19
Cell773	1	1	29	4
Cell774	1	9	15	15
Cell775	1	21	23	29
Cell777	1	2	6	16
Cell778	1	4	18	20
Cell779	1	18	4	28
Cell780	1	13	28	21
Cell781	1	23	12	24
Cell782	1	1	7	10
Cell783	1	9	15	26
Cell784	1	24	13	19
Cell785	1	11	17	6
Cell786	1	6	26	27
Cell787	1	22	5	30
Cell789	1	17	9	31
Cell790	1	13	28	21
Cell792	1	20	2	17
Cell793	1	11	17	6
Cell794	1	5	14	2
Cell795	1	4	18	7
Cell796	1	1	29	4
Cell797	1	7	32	32
Cell798	1	9	15	26
Cell799	1	13	28	21
Cell800	1	23	12	24
Cell801	1	19	8	12
Cell802	1	14	5	9
Cell803	1	1	11	4
Cell804	1	21	23	29
Cell805	1	13	28	21
Cell806	1	13	28	21
Cell807	1	20	2	17
Cell808	1	14	5	9
Cell809	1	6	21	14
Cell810	1	21	23	29
Cell811	1	25	27	11
Cell812	1	2	6	16
Cell813	1	24	24	19
Cell814	1	13	28	21
Cell815	1	2	6	16
Cell816	1	8	20	25
Cell817	1	1	29	23
Cell818	1	19	8	12
Cell819	1	19	8	23
Cell820	1	10	31	1
Cell821	1	16	1	8
Cell822	1	4	18	7
Cell823	1	16	1	8
Cell824	1	13	28	21
Cell825	1	2	6	16
Cell826	1	1	29	4
Cell827	1	14	5	9
Cell828	1	4	18	15
Cell829	1	2	14	22
Cell830	1	7	32	32
Cell831	1	24	24	19
Cell832	1	1	11	22
Cell833	1	8	20	25
Cell834	1	18	4	5
Cell835	1	16	1	4
Cell836	1	2	6	16
Cell837	1	11	17	6
Cell838	1	14	5	9
Cell839	1	18	4	28
Cell840	1	2	30	3
Cell841	1	3	16	5
Cell843	1	5	14	2
Cell844	1	9	15	26
Cell845	1	18	4	28
Cell846	1	7	32	32
Cell847	1	18	4	28
Cell848	1	3	16	5
Cell850	1	4	18	15
Cell851	1	12	3	13
Cell852	1	17	9	31
Cell853	1	10	31	1
Cell855	1	10	31	1
Cell856	1	22	6	30
Cell857	1	11	17	6
Cell858	1	12	3	13
Cell859	1	4	18	15
Cell860	1	16	1	8
Cell861	1	1	7	10
Cell862	1	12	3	13
Cell864	1	7	32	30
Cell865	1	20	2	22
Cell866	1	6	21	23
Cell867	1	7	32	32
Cell868	1	5	22	23
Cell869	1	19	8	12
Cell870	1	22	30	30
Cell871	1	13	28	20
Cell872	1	10	31	1
Cell873	1	4	18	15
Cell874	1	24	13	19
Cell875	1	4	18	15
Cell876	1	8	10	25
Cell877	1	18	17	6
Cell878	1	2	14	3
Cell879	1	2	6	30
Cell880	1	19	8	12
Cell881	1	13	28	21
Cell883	1	6	26	27
Cell884	1	22	30	4
Cell885	1	23	12	24
Cell887	1	17	9	31
Cell888	1	2	30	3
Cell889	1	3	16	5
Cell890	1	5	22	2
Cell891	1	15	25	18
Cell892	1	25	27	11
Cell893	1	16	1	8
Cell894	1	10	31	1
Cell895	1	21	23	29
Cell896	1	19	8	12
Cell897	1	18	4	28
Cell898	1	17	9	31
Cell899	1	5	14	2
Cell900	1	8	10	25
Cell901	1	8	10	25
Cell902	1	19	8	12
Cell903	1	9	15	26
Cell904	1	14	5	9
Cell906	1	3	19	20
Cell907	1	3	16	5
Cell908	1	6	26	27
Cell911	1	19	8	12
Cell912	1	4	18	7
Cell913	1	2	6	27
Cell914	1	3	16	28
Cell915	1	6	21	14
Cell916	1	8	10	25
Cell917	1	10	31	1
Cell918	1	6	26	30
Cell919	1	2	30	3
Cell920	1	12	3	22
Cell921	1	16	1	8
Cell922	1	2	6	3
Cell923	1	17	9	31
Cell924	1	9	15	26
Cell925	1	3	16	5
Cell926	1	24	24	19
Cell927	1	10	31	1
Cell928	1	21	23	29
Cell929	1	24	24	19
Cell931	1	21	23	29
Cell932	1	19	8	12
Cell933	1	21	23	29
Cell934	1	2	30	3
Cell935	1	16	1	8
Cell936	1	12	3	13
Cell937	1	1	7	10
Cell938	1	18	4	28
Cell939	1	15	25	18
Cell940	1	7	32	32
Cell941	1	1	29	23
Cell942	1	25	27	11
Cell943	1	2	30	3
Cell944	1	3	16	5
Cell945	1	25	27	11
Cell946	1	1	29	4
Cell947	1	4	18	15
Cell948	1	1	29	4
Cell949	1	11	17	6
Cell950	1	4	18	7
Cell951	1	14	5	30
Cell952	1	21	23	7
Cell953	1	7	32	32
Cell954	1	6	26	27
Cell955	1	6	21	14
Cell956	1	12	3	13
Cell957	1	5	14	2
Cell958	1	2	6	16
Cell959	1	12	3	13
Cell960	1	25	27	11
Cell961	1	8	20	20
Cell962	1	1	29	4
Cell963	1	18	4	28
Cell966	1	10	31	1
Cell967	1	19	8	12
Cell968	1	22	5	30
Cell969	1	12	3	13
Cell970	1	2	30	3
Cell971	1	25	27	11
Cell973	1	4	18	7
Cell974	1	8	20	25
Cell975	1	18	4	28
Cell976	1	23	12	24
Cell977	1	16	1	8
Cell978	1	1	7	10
Cell979	1	23	12	24
Cell980	1	14	5	9
Cell981	1	12	3	13
Cell982	1	5	14	2
Cell983	1	14	5	30
Cell984	1	20	2	17
Cell985	1	15	25	18
Cell986	1	9	15	26
Cell987	1	6	26	27
Cell988	1	23	12	24
Cell989	1	23	12	24
Cell990	1	17	9	31
Cell991	1	24	24	19
Cell992	1	6	21	14
Cell993	1	6	21	14
Cell994	1	6	26	27
Cell995	1	3	16	5
Cell996	1	9	15	26
Cell997	1	4	18	7
Cell998	1	24	24	19
Cell999	1	20	2	17
Cell1000	1	16	1	8
Cell1001	1	3	16	5
Cell1002	1	22	5	30
Cell1003	1	18	4	28
Cell1004	1	12	3	13
Cell1005	1	20	2	17
Cell1006	1	2	30	30
Cell1007	1	4	18	15
Cell1008	1	1	29	4
Cell1009	1	11	17	6
Cell1010	1	9	15	26
Cell1011	1	17	9	31
Cell1012	1	11	17	6
Cell1013	1	8	10	25
Cell1014	1	16	1	8
Cell1015	1	4	18	15
Cell1016	1	1	7	10
Cell1018	1	24	24	19
Cell1019	1	15	25	18
Cell1020	1	7	32	32
Cell1021	1	17	9	31
Cell1022	1	8	20	25
Cell1023	1	2	30	3
Cell1024	1	3	19	20
Cell1025	1	18	4	28
Cell1026	1	21	23	29
Cell1027	1	21	23	29
Cell1028	1	2	6	16
Cell1029	1	20	2	15
Cell1030	1	1	11	4
Cell1031	1	10	31	1
Cell1032	1	6	26	27
Cell1033	1	15	25	18
Cell1034	1	6	26	27
Cell1035	1	2	6	16
Cell1036	1	5	22	23
Cell1037	1	22	5	30
Cell1038	1	22	6	30
Cell1039	1	8	10	25
Cell1040	1	6	21	14
Cell1041	1	2	6	16
Cell1042	1	3	16	5
Cell1043	1	4	18	7
Cell1044	1	19	8	12
Cell1045	1	5	14	2
Cell1047	1	1	29	4
Cell1048	1	2	6	16
Cell1049	1	1	29	22
Cell1051	1	2	6	14
Cell1052	1	1	7	23
Cell1053	1	9	15	26
Cell1054	1	4	18	7
Cell1055	1	6	21	14
Cell1056	1	6	26	27
Cell1057	1	21	23	29
Cell1058	1	7	32	32
Cell1059	1	6	26	27
Cell1060	1	6	26	27
Cell1061	1	16	1	8
Cell1064	1	7	32	32
Cell1065	1	15	25	18
Cell1066	1	6	21	14
Cell1067	1	4	18	15
Cell1068	1	13	28	21
Cell1069	1	14	5	9
Cell1070	1	4	18	7
Cell1071	1	23	12	24
Cell1072	1	6	26	27
Cell1073	1	4	18	15
Cell1074	1	2	6	16
Cell1075	1	18	4	28
Cell1076	1	21	23	29
Cell1077	1	9	15	26
Cell1078	1	18	4	28
Cell1079	1	4	18	15
Cell1080	1	4	18	7
Cell1081	1	18	4	28
Cell1082	1	18	4	28
Cell1083	1	6	21	4
Cell1084	1	19	8	12
Cell1085	1	1	7	10
Cell1086	1	11	17	6
Cell1087	1	25	27	11
Cell1089	1	1	7	10
Cell1090	1	16	1	14
Cell1091	1	20	2	17
Cell1092	1	11	17	6
Cell1093	1	22	30	30
Cell1094	1	9	15	26
Cell1095	1	4	18	7
Cell1097	1	17	9	31
Cell1098	1	4	18	7
Cell1099	1	20	2	17
Cell1100	1	1	29	4
Cell1101	1	5	22	23
Cell1102	1	5	14	2
Cell1103	1	6	21	14
Cell1104	1	1	29	22
Cell1105	1	14	5	9
Cell1106	1	23	12	24
Cell1107	1	14	5	9
Cell1108	1	12	3	13
Cell1109	1	13	28	21
Cell1110	1	20	2	17
Cell1111	1	17	9	31
Cell1112	1	19	8	12
Cell1113	1	22	5	3
Cell1114	1	16	1	8
Cell1115	1	12	3	13
Cell1116	1	8	10	25
Cell1117	1	25	27	20
Cell1118	1	1	11	22
Cell1119	1	2	6	16
Cell1120	1	8	20	25
Cell1122	1	3	16	5
Cell1123	1	2	30	3
Cell1124	1	4	18	7
Cell1126	1	2	30	3
Cell1127	1	24	24	5
Cell1128	1	22	5	9
Cell1129	1	9	15	26
Cell1130	1	5	22	23
Cell1131	1	14	5	9
Cell1132	1	14	5	9
Cell1133	1	4	18	7
Cell1134	1	11	17	6
Cell1135	1	2	6	16
Cell1136	1	4	18	7
Cell1139	1	2	30	3
Cell1140	1	10	31	4
Cell1141	1	24	24	19
Cell1142	1	24	24	19
Cell1143	1	24	24	19
Cell1144	1	11	17	6
Cell1145	1	15	25	18
Cell1146	1	6	21	27
Cell1147	1	20	2	17
Cell1148	1	10	31	1
Cell1149	1	6	21	30
Cell1150	1	23	12	24
Cell1151	1	1	7	10
Cell1152	1	13	28	21
Cell1153	1	18	4	28
Cell1154	1	21	23	29
Cell1155	1	10	31	1
Cell1156	1	21	23	20
Cell1157	1	11	17	6
Cell1158	1	9	15	26
Cell1159	1	17	9	31
Cell1160	1	17	9	31
Cell1161	1	13	28	21
Cell1162	1	18	4	28
Cell1163	1	8	10	25
Cell1164	1	13	28	21
Cell1165	1	1	11	22
Cell1166	1	23	12	24
Cell1167	1	13	28	28
Cell1168	1	16	1	8
Cell1169	1	3	18	15
Cell1170	1	23	12	24
Cell1171	1	15	25	18
Cell1173	1	10	31	1
Cell1174	1	10	31	1
Cell1175	1	9	15	26
Cell1176	1	5	14	2
Cell1177	1	13	28	21
Cell1178	1	3	16	5
Cell1179	1	3	16	20
Cell1180	1	1	7	10
Cell1181	1	19	8	12
Cell1182	1	16	1	8
Cell1184	1	1	11	22
Cell1185	1	8	10	25
Cell1186	1	15	25	18
Cell1187	1	1	7	10
Cell1188	1	13	28	21
Cell1189	1	7	32	32
Cell1190	1	4	18	15
Cell1191	1	6	21	14
Cell1192	1	22	5	3
Cell1194	1	10	31	1
Cell1195	1	24	24	19
Cell1196	1	11	17	6
Cell1197	1	3	19	20
Cell1198	1	24	13	19
Cell1199	1	8	20	25
Cell1200	1	17	9	5
Cell1201	1	18	4	28
Cell1202	1	4	18	15
Cell1203	1	23	12	24
Cell1204	1	5	14	2
Cell1205	1	21	23	29
Cell1206	1	10	31	1
Cell1207	1	10	31	1
Cell1208	1	16	1	8
Cell1209	1	11	17	6
Cell1210	1	12	3	13
Cell1211	1	3	19	5
Cell1212	1	12	3	13
Cell1213	1	22	5	30
Cell1214	1	5	14	2
Cell1215	1	19	8	12
Cell1216	1	12	3	13
Cell1217	1	16	1	4
Cell1218	1	19	8	12
Cell1219	1	18	4	20
Cell1220	1	13	28	21
Cell1221	1	1	11	20
Cell1222	1	7	32	32
Cell1223	1	13	28	21
Cell1224	1	13	28	4
Cell1225	1	3	18	22
Cell1226	1	13	28	21
Cell1227	1	24	13	19
Cell1228	1	1	11	22
Cell1229	1	2	6	16
Cell1230	1	11	17	22
Cell1231	1	18	4	28
Cell1232	1	4	18	15
Cell1233	1	15	25	18
Cell1234	1	12	3	13
Cell1235	1	7	32	32
Cell1238	1	4	18	7
Cell1239	1	15	25	27
Cell1240	1	24	24	19
Cell1241	1	9	15	26
Cell1242	1	17	9	31
Cell1243	1	15	25	18
Cell1244	1	20	2	17
Cell1245	1	6	26	27
Cell1246	1	14	5	9
Cell1247	1	9	15	26
Cell1248	1	20	2	17
Cell1249	1	17	9	31
Cell1250	1	14	5	9
Cell1251	1	13	28	21
Cell1252	1	1	29	4
Cell1254	1	15	25	18
Cell1256	1	23	12	24
Cell1257	1	9	15	26
Cell1258	1	5	14	2
Cell1259	1	6	21	14
Cell1260	1	21	23	20
Cell1261	1	2	30	30
Cell1262	1	3	17	5
Cell1263	1	14	5	30
Cell1264	1	3	16	5
Cell1265	1	5	14	2
Cell1266	1	4	18	7
Cell1267	1	18	4	28
Cell1268	1	18	4	28
Cell1269	1	15	25	18
Cell1270	1	9	15	26
Cell1271	1	3	16	5
Cell1272	1	20	2	17
Cell1273	1	25	27	11
Cell1274	1	8	10	25
Cell1275	1	1	29	4
Cell1276	1	4	18	7
Cell1277	1	5	14	2
Cell1278	1	2	6	30
Cell1279	1	22	5	3
Cell1280	1	5	14	2
Cell1281	1	14	5	9
Cell1282	1	1	29	4
Cell1283	1	2	6	16
Cell1284	1	17	9	31
Cell1285	1	17	9	31
Cell1286	1	5	14	2
Cell1287	1	17	9	31
Cell1288	1	8	10	25
Cell1289	1	5	14	2
Cell1290	1	9	15	26
Cell1292	1	3	16	5
Cell1293	1	7	32	32
Cell1294	1	24	13	19
Cell1295	1	6	26	27
Cell1296	1	15	25	18
Cell1297	1	22	6	30
Cell1298	1	12	3	13
Cell1299	1	1	7	10
Cell1301	1	11	17	6
Cell1302	1	4	16	20
Cell1303	1	25	27	11
Cell1304	1	2	6	14
Cell1305	1	25	27	11
Cell1306	1	19	8	12
Cell1307	1	13	28	21
Cell1308	1	20	2	17
Cell1309	1	9	15	26
Cell1310	1	7	32	30
Cell1311	1	10	31	1
Cell1312	1	1	11	22
Cell1314	1	5	22	23
Cell1315	1	6	21	14
Cell1316	1	17	9	31
Cell1317	1	16	1	8
Cell1318	1	24	24	19
Cell1319	1	9	15	26
Cell1320	1	1	11	22
Cell1321	1	11	17	6
Cell1322	1	1	29	4
Cell1323	1	5	22	23
Cell1324	1	23	12	24
Cell1326	1	13	28	21
Cell1327	1	5	22	23
Cell1329	1	5	14	5
Cell1330	1	11	17	6
Cell1331	1	5	22	23
Cell1332	1	9	15	26
Cell1333	1	11	17	6
Cell1334	1	22	30	30
Cell1336	1	11	17	6
Cell1337	1	7	32	32
Cell1338	1	18	4	28
Cell1339	1	1	7	10
Cell1340	1	12	3	13
Cell1341	1	11	17	6
Cell1342	1	24	24	19
Cell1343	1	2	6	16
Cell1344	1	6	26	14
Cell1345	1	23	12	24
Cell1346	1	22	5	30
Cell1348	1	20	2	17
Cell1350	1	7	32	32
Cell1351	1	12	3	13
Cell1352	1	4	18	7
Cell1353	1	8	20	25
Cell1354	1	4	18	15
Cell1355	1	17	9	31
Cell1356	1	4	18	15
Cell1357	1	12	3	13
Cell1358	1	15	25	18
Cell1359	1	6	26	27
Cell1360	1	22	5	30
Cell1361	1	16	1	8
Cell1362	1	2	6	16
Cell1363	1	11	17	6
Cell1364	1	25	27	11
Cell1365	1	4	18	7
Cell1366	1	5	22	22
Cell1368	1	3	16	5
Cell1369	1	4	18	15
Cell1370	1	16	1	8
Cell1371	1	21	23	29
Cell1372	1	4	27	7
Cell1373	1	4	18	15
Cell1374	1	13	28	21
Cell1375	1	22	30	14
Cell1376	1	5	14	2
Cell1377	1	20	2	17
Cell1379	1	10	31	1
Cell1380	1	10	31	1
Cell1381	1	20	2	17
Cell1382	1	9	15	26
Cell1383	1	3	16	5
Cell1384	1	7	32	32
Cell1385	1	9	15	26
Cell1386	1	6	21	14
Cell1387	1	11	17	6
Cell1388	1	7	32	32
Cell1389	1	3	4	5
Cell1390	1	6	21	14
Cell1391	1	13	28	21
Cell1392	1	18	4	28
Cell1393	1	8	10	25
Cell1394	1	24	24	19
Cell1395	1	17	9	31
Cell1396	1	17	9	31
Cell1397	1	1	29	4
Cell1398	1	2	8	3
Cell1399	1	1	11	23
Cell1400	1	9	15	26
Cell1401	1	17	9	31
Cell1402	1	4	18	15
Cell1403	1	2	30	3
Cell1404	1	1	7	14
Cell1405	1	21	23	29
Cell1406	1	4	18	15
Cell1407	1	23	12	24
Cell1408	1	9	15	26
Cell1409	1	25	27	11
Cell1410	1	2	30	23
Cell1411	1	7	32	32
Cell1412	1	13	28	21
Cell1413	1	22	30	3
Cell1414	1	20	2	17
Cell1415	1	20	2	17
Cell1416	1	18	4	28
Cell1417	1	9	15	26
Cell1418	1	1	7	10
Cell1419	1	6	26	27
Cell1420	1	23	12	24
Cell1421	1	1	7	10
Cell1422	1	19	8	12
Cell1423	1	3	16	28
Cell1424	1	2	30	3
Cell1425	1	4	18	7
Cell1426	1	20	2	17
Cell1427	1	3	16	5
Cell1428	1	20	2	17
Cell1429	1	7	32	32
Cell1430	1	5	14	2
Cell1431	1	8	10	25
Cell1432	1	2	30	4
Cell1433	1	2	30	30
Cell1434	1	12	3	13
Cell1435	1	3	19	22
Cell1436	1	6	26	27
Cell1437	1	2	30	3
Cell1438	1	19	8	12
Cell1439	1	23	12	24
Cell1440	1	6	26	27
Cell1442	1	7	32	32
Cell1443	1	3	16	5
Cell1444	1	18	4	28
Cell1445	1	2	6	16
Cell1447	1	16	1	8
Cell1448	1	7	32	32
Cell1449	1	17	9	31
Cell1450	1	13	28	21
Cell1452	1	1	7	10
Cell1453	1	23	12	24
Cell1454	1	15	25	18
Cell1455	1	7	32	32
Cell1456	1	24	13	19
Cell1457	1	8	20	25
Cell1458	1	3	11	22
Cell1459	1	6	21	3
Cell1460	1	6	21	14
Cell1461	1	15	25	18
Cell1462	1	1	11	20
Cell1463	1	24	24	19
Cell1464	1	8	10	25
Cell1465	1	21	23	29
Cell1466	1	5	22	23
Cell1468	1	8	20	25
Cell1469	1	24	24	19
Cell1470	1	6	21	23
Cell1472	1	21	23	29
Cell1473	1	7	32	32
Cell1474	1	11	17	6
Cell1475	1	2	30	3
Cell1476	1	8	20	25
Cell1477	1	24	24	19
Cell1478	1	7	32	32
Cell1479	1	15	25	18
Cell1480	1	25	27	11
Cell1481	1	2	30	3
Cell1482	1	22	5	30
Cell1483	1	18	4	5
Cell1484	1	11	17	5
Cell1485	1	1	11	22
Cell1486	1	24	24	19
Cell1487	1	9	15	26
Cell1488	1	8	10	25
Cell1489	1	1	7	10
Cell1490	1	9	15	26
Cell1491	1	19	8	5
Cell1492	1	21	23	29
Cell1493	1	3	16	5
Cell1494	1	12	3	13
Cell1495	1	10	31	1
Cell1496	1	15	25	18
Cell1497	1	10	31	1
Cell1498	1	25	27	11
Cell1499	1	13	28	21
Cell1500	1	4	18	15
Cell1501	1	18	4	28
Cell1502	1	4	18	15
Cell1503	1	4	18	7
Cell1504	1	4	18	15
Cell1505	1	5	14	2
Cell1506	1	20	2	22
Cell1507	1	2	6	16
Cell1508	1	10	31	1
Cell1509	1	16	1	8
Cell1510	1	4	18	7
Cell1512	1	6	21	14
Cell1513	1	22	5	30
Cell1514	1	3	16	5
Cell1515	1	10	31	1
Cell1516	1	2	30	30
Cell1517	1	1	11	2
Cell1518	1	23	12	24
Cell1519	1	1	7	10
Cell1520	1	9	15	26
Cell1521	1	16	1	8
Cell1522	1	1	7	10
Cell1523	1	7	32	32
Cell1524	1	10	31	20
Cell1525	1	3	19	20
Cell1526	1	1	7	10
Cell1527	1	11	17	6
Cell1528	1	8	20	25
Cell1529	1	25	27	11
Cell1530	1	3	16	20
Cell1531	1	24	24	19
Cell1532	1	6	26	27
Cell1533	1	1	11	22
Cell1534	1	24	13	19
Cell1535	1	9	15	26
Cell1536	1	23	12	24
Cell1537	1	12	3	13
Cell1538	1	8	20	25
Cell1539	1	4	18	7
Cell1540	1	17	9	31
Cell1541	1	21	23	29
Cell1543	1	10	31	4
Cell1544	1	16	1	8
Cell1545	1	8	20	25
Cell1546	1	5	14	2
Cell1547	1	24	13	19
Cell1548	1	11	17	6
Cell1549	1	1	7	10
Cell1550	1	2	6	16
Cell1551	1	19	8	12
Cell1552	1	12	3	13
Cell1553	1	4	18	15
Cell1554	1	15	25	18
Cell1555	1	14	5	9
Cell1556	1	5	14	2
Cell1557	1	24	24	19
Cell1558	1	16	1	8
Cell1559	1	1	29	4
Cell1560	1	6	21	14
Cell1561	1	19	8	12
Cell1562	1	11	17	6
Cell1563	1	14	5	9
Cell1564	1	12	3	13
Cell1565	1	10	31	1
Cell1566	1	15	25	18
Cell1567	1	16	1	8
Cell1568	1	10	31	1
Cell1569	1	14	5	9
Cell1570	1	22	5	30
Cell1571	1	3	19	20
Cell1572	1	1	29	22
Cell1573	1	7	32	32
Cell1574	1	3	19	20
Cell1575	1	24	24	19
Cell1576	1	9	15	26
Cell1577	1	8	10	25
Cell1578	1	6	21	14
Cell1580	1	1	29	4
Cell1582	1	6	21	14
Cell1583	1	5	22	4
Cell1584	1	8	10	25
Cell1585	1	14	5	9
Cell1586	1	1	7	10
Cell1587	1	7	32	32
Cell1588	1	11	17	6
Cell1589	1	12	3	13
Cell1590	1	24	24	19
Cell1591	1	2	6	30
Cell1592	1	24	24	19
Cell1593	1	3	19	20
Cell1595	1	2	6	16
Cell1596	1	3	16	5
Cell1597	1	2	6	3
Cell1598	1	6	21	14
Cell1599	1	14	5	9
Cell1600	1	18	4	28
Cell1601	1	5	22	23
Cell1602	1	1	7	14
Cell1603	1	23	12	24
Cell1604	1	25	27	11
Cell1605	1	23	12	24
Cell1606	1	14	5	30
Cell1607	1	4	18	7
Cell1608	1	9	15	26
Cell1609	1	7	32	32
Cell1610	1	17	9	31
Cell1611	1	24	24	19
Cell1612	1	23	12	24
Cell1613	1	3	19	20
Cell1614	1	7	32	32
Cell1615	1	22	5	30
Cell1616	1	4	18	7
Cell1618	1	24	13	19
Cell1619	1	12	3	13
Cell1620	1	14	5	9
Cell1621	1	9	15	26
Cell1622	1	6	21	14
Cell1623	1	3	16	5
Cell1624	1	21	23	29
Cell1626	1	3	16	15
Cell1627	1	9	15	26
Cell1628	1	22	30	4
Cell1629	1	18	4	28
Cell1630	1	15	25	18
Cell1631	1	3	11	20
Cell1632	1	10	31	1
Cell1633	1	2	30	3
Cell1635	1	6	21	14
Cell1636	1	10	31	1
Cell1637	1	12	3	13
Cell1638	1	13	28	21
Cell1639	1	21	23	29
Cell1640	1	5	22	23
Cell1641	1	12	3	13
Cell1642	1	18	17	28
Cell1643	1	1	11	22
Cell1644	1	22	6	20
Cell1645	1	25	27	11
Cell1646	1	11	17	6
Cell1647	1	1	7	23
Cell1648	1	6	21	14
Cell1649	1	4	18	7
Cell1650	1	9	15	26
Cell1651	1	12	3	13
Cell1652	1	7	32	32
Cell1653	1	16	1	8
Cell1654	1	5	14	2
Cell1655	1	7	32	32
Cell1656	1	1	11	22
Cell1657	1	6	26	27
Cell1658	1	23	12	24
Cell1659	1	5	22	23
Cell1661	1	23	12	24
Cell1662	1	3	19	16
Cell1663	1	3	19	5
Cell1664	1	12	3	13
Cell1665	1	8	10	25
Cell1666	1	4	18	15
Cell1667	1	7	32	32
Cell1668	1	25	27	11
Cell1669	1	6	26	27
Cell1670	1	4	18	7
Cell1671	1	25	27	11
Cell1672	1	3	16	5
Cell1673	1	4	18	15
Cell1674	1	23	12	24
Cell1675	1	6	26	27
Cell1676	1	5	11	23
Cell1677	1	5	22	23
Cell1678	1	3	4	5
Cell1679	1	13	28	21
Cell1680	1	17	9	31
Cell1681	1	10	31	1
Cell1682	1	4	18	7
Cell1683	1	10	31	1
Cell1684	1	6	21	4
Cell1685	1	11	17	6
Cell1686	1	7	32	32
Cell1687	1	23	12	15
Cell1688	1	2	30	3
Cell1689	1	5	22	23
Cell1690	1	8	10	25
Cell1691	1	15	25	18
Cell1692	1	7	32	32
Cell1693	1	8	10	25
Cell1694	1	14	5	9
Cell1695	1	25	27	11
Cell1696	1	1	7	10
Cell1697	1	10	31	4
Cell1698	1	5	14	2
Cell1699	1	6	21	14
Cell1700	1	13	28	21
Cell1701	1	5	14	2
Cell1702	1	1	11	23
Cell1703	1	25	27	11
Cell1704	1	5	14	2
Cell1705	1	4	18	7
Cell1706	1	2	6	22
Cell1707	1	1	29	23
Cell1708	1	1	7	10
Cell1709	1	11	17	6
Cell1710	1	18	4	28
Cell1711	1	9	15	26
Cell1712	1	10	31	4
Cell1713	1	13	28	21
Cell1714	1	18	4	28
Cell1715	1	4	18	15
Cell1716	1	1	11	23
Cell1717	1	3	16	28
Cell1718	1	4	18	7
Cell1719	1	1	29	10
Cell1720	1	3	19	5
Cell1721	1	11	17	6
Cell1722	1	20	2	17
Cell1723	1	5	14	2
Cell1724	1	18	4	28
Cell1725	1	24	24	19
Cell1726	1	23	12	24
Cell1727	1	21	23	29
Cell1728	1	25	27	11
Cell1729	1	7	32	32
Cell1730	1	10	31	1
Cell1731	1	6	21	14
Cell1732	1	3	19	20
Cell1735	1	8	10	25
Cell1736	1	14	5	9
Cell1737	1	2	6	16
Cell1738	1	19	8	12
Cell1739	1	16	1	8
Cell1740	1	6	21	14
Cell1741	1	3	16	20
Cell1742	1	19	8	12
Cell1743	1	22	5	30
Cell1744	1	25	27	11
Cell1745	1	23	12	24
Cell1746	1	6	26	27
Cell1747	1	8	10	25
Cell1748	1	11	17	6
Cell1749	1	17	9	31
Cell1750	1	21	23	29
Cell1751	1	12	3	13
Cell1752	1	3	19	20
Cell1753	1	12	3	13
Cell1754	1	21	23	29
Cell1755	1	20	2	4
Cell1756	1	1	7	10
Cell1757	1	14	5	9
Cell1758	1	21	23	29
Cell1759	1	16	1	8
Cell1760	1	9	15	26
Cell1761	1	14	5	9
Cell1762	1	5	22	2
Cell1763	1	5	14	2
Cell1764	1	24	24	19
Cell1765	1	18	4	20
Cell1766	1	12	3	13
Cell1767	1	9	15	26
Cell1768	1	19	8	12
Cell1769	1	17	9	31
Cell1770	1	4	18	15
Cell1771	1	19	8	12
Cell1772	1	5	22	23
Cell1773	1	7	32	32
Cell1774	1	20	2	17
Cell1775	1	20	2	17
Cell1776	1	1	7	10
Cell1777	1	24	24	19
Cell1778	1	13	28	21
Cell1779	1	16	1	8
Cell1780	1	18	4	28
Cell1781	1	23	12	24
Cell1782	1	17	9	31
Cell1783	1	19	8	12
Cell1784	1	9	15	26
Cell1785	1	3	19	20
Cell1787	1	3	16	5
Cell1788	1	5	22	23
Cell1789	1	23	12	24
Cell1790	1	18	4	28
Cell1791	1	22	5	23
Cell1792	1	6	21	4
Cell1793	1	18	4	28
Cell1794	1	10	31	1
Cell1795	1	3	16	20
Cell1797	1	5	14	2
Cell1798	1	1	29	4
Cell1799	1	1	7	10
Cell1800	1	17	9	31
Cell1801	1	22	30	3
Cell1802	1	13	28	21
Cell1803	1	19	8	12
Cell1804	1	18	4	28
Cell1805	1	23	12	24
Cell1806	1	25	27	11
Cell1807	1	9	15	26
Cell1808	1	7	32	32
Cell1810	1	20	2	17
Cell1811	1	13	28	21
Cell1812	1	1	7	10
Cell1813	1	17	9	31
Cell1814	1	1	29	4
Cell1815	1	21	23	29
Cell1816	1	19	8	12
Cell1817	1	12	3	13
Cell1818	1	18	4	28
Cell1819	1	12	3	13
Cell1820	1	25	27	11
Cell1821	1	10	31	1
Cell1822	1	20	2	17
Cell1823	1	4	18	15
Cell1824	1	5	14	2
Cell1825	1	23	12	24
Cell1826	1	4	18	7
Cell1827	1	7	32	32
Cell1828	1	2	6	16
Cell1829	1	4	18	5
Cell1830	1	19	8	12
Cell1831	1	16	1	8
Cell1832	1	2	30	3
Cell1833	1	5	22	23
Cell1835	1	11	17	6
Cell1837	1	9	15	26
Cell1838	1	5	22	22
Cell1839	1	8	20	25
Cell1840	1	6	26	27
Cell1841	1	2	6	16
Cell1842	1	2	30	3
Cell1843	1	12	3	13
Cell1844	1	3	16	20
Cell1845	1	3	16	7
Cell1846	1	1	7	10
Cell1847	1	3	16	5
Cell1848	1	19	8	12
Cell1849	1	8	20	25
Cell1850	1	18	4	28
Cell1851	1	14	5	9
Cell1852	1	3	19	20
Cell1853	1	2	6	16
Cell1854	1	6	21	3
Cell1855	1	8	10	25
Cell1856	1	4	18	7
Cell1857	1	14	5	9
Cell1858	1	16	1	8
Cell1859	1	20	2	17
Cell1860	1	4	18	7
Cell1861	1	4	18	7
Cell1862	1	3	19	20
Cell1863	1	13	28	21
Cell1864	1	2	30	3
Cell1865	1	17	9	31
Cell1866	1	18	4	28
Cell1867	1	9	15	26
Cell1868	1	7	32	32
Cell1869	1	24	13	19
Cell1870	1	1	7	10
Cell1871	1	20	2	17
Cell1872	1	8	10	25
Cell1873	1	14	5	9
Cell1874	1	25	27	11
Cell1875	1	5	22	23
Cell1876	1	7	32	32
Cell1877	1	23	12	24
Cell1878	1	18	4	28
Cell1879	1	14	5	9
Cell1880	1	6	26	27
Cell1881	1	17	9	31
Cell1883	1	21	23	29
Cell1884	1	11	17	6
Cell1885	1	21	23	29
Cell1886	1	6	26	27
Cell1887	1	4	18	7
Cell1888	1	5	14	2
Cell1889	1	9	15	26
Cell1890	1	3	19	20
Cell1891	1	16	1	8
Cell1892	1	19	8	12
Cell1893	1	14	5	9
Cell1894	1	19	8	23
Cell1895	1	1	29	23
Cell1896	1	22	5	30
Cell1897	1	3	16	22
Cell1898	1	4	18	15
Cell1899	1	18	4	28
Cell1900	1	1	29	4
Cell1901	1	21	23	29
Cell1902	1	11	17	6
Cell1903	1	4	18	7
Cell1904	1	1	11	22
Cell1905	1	8	10	25
Cell1906	1	4	18	15
Cell1907	1	11	17	6
Cell1908	1	1	7	10
Cell1909	1	1	11	22
Cell1912	1	11	17	6
Cell1913	1	21	23	5
Cell1914	1	9	15	26
Cell1915	1	9	15	26
Cell1916	1	1	11	22
Cell1917	1	3	19	20
Cell1918	1	16	1	8
Cell1919	1	7	32	32
Cell1921	1	7	32	32
Cell1922	1	1	29	4
Cell1923	1	5	14	2
Cell1924	1	9	15	26
Cell1925	1	3	11	22
Cell1926	1	14	5	9
Cell1927	1	9	15	26
Cell1928	1	7	32	32
Cell1929	1	14	5	9
Cell1930	1	1	11	2
Cell1931	1	16	1	8
Cell1932	1	4	18	7
Cell1933	1	12	3	13
Cell1934	1	6	21	27
Cell1936	1	14	5	4
Cell1937	1	9	15	26
Cell1938	1	7	32	32
Cell1939	1	11	17	6
Cell1940	1	1	7	10
Cell1941	1	2	8	3
Cell1942	1	22	5	30
Cell1943	1	11	17	6
Cell1944	1	7	32	5
Cell1945	1	5	22	23
Cell1946	1	6	21	14
Cell1947	1	3	16	5
Cell1948	1	9	15	26
Cell1949	1	12	3	22
Cell1950	1	20	2	17
Cell1951	1	4	18	15
Cell1952	1	5	22	23
Cell1953	1	20	2	17
Cell1955	1	8	10	25
Cell1956	1	6	26	27
Cell1958	1	2	6	16
Cell1959	1	25	27	11
Cell1960	1	2	6	16
Cell1961	1	3	16	5
Cell1962	1	7	32	32
Cell1964	1	14	5	9
Cell1965	1	10	31	1
Cell1966	1	24	13	19
Cell1968	1	23	12	24
Cell1969	1	10	31	1
Cell1970	1	17	9	31
Cell1971	1	5	22	22
Cell1972	1	11	17	6
Cell1973	1	22	30	4
Cell1974	1	11	17	6
Cell1975	1	9	15	14
Cell1976	1	4	18	7
Cell1977	1	14	5	9
Cell1978	1	8	20	25
Cell1979	1	13	28	21
Cell1980	1	12	3	13
Cell1981	1	17	9	31
Cell1982	1	12	3	13
Cell1983	1	10	31	20
Cell1984	1	10	31	1
Cell1985	1	5	22	23
Cell1986	1	1	29	23
Cell1987	1	9	15	26
Cell1988	1	5	14	2
Cell1989	1	6	26	27
Cell1990	1	19	8	12
Cell1991	1	18	4	2
Cell1992	1	25	27	11
Cell1993	1	5	14	2
Cell1994	1	11	17	6
Cell1995	1	13	28	21
Cell1996	1	21	23	29
Cell1997	1	1	7	10
Cell1998	1	18	4	28
Cell1999	1	15	25	18
Cell2000	1	19	8	12
Cell2001	1	2	30	3
Cell2002	1	2	6	16
Cell2003	1	8	20	25
Cell2004	1	11	17	6
Cell2005	1	17	9	31
Cell2006	1	3	16	5
Cell2007	1	22	5	30
Cell2008	1	18	4	28
Cell2009	1	11	17	6
Cell2010	1	6	21	14
Cell2011	1	12	3	13
Cell2012	1	1	7	10
Cell2013	1	4	18	7
Cell2014	1	10	31	1
Cell2015	1	7	32	32
Cell2016	1	14	5	14
Cell2017	1	4	18	7
Cell2018	1	5	14	22
Cell2019	1	8	20	25
Cell2020	1	12	3	13
Cell2021	1	5	14	2
Cell2022	1	15	25	18
Cell2023	1	8	20	25
Cell2024	1	4	18	7
Cell2025	1	21	23	29
Cell2026	1	8	20	25
Cell2027	1	6	26	27
Cell2028	1	17	9	31
Cell2029	1	3	16	5
Cell2030	1	5	14	2
Cell2031	1	3	19	22
Cell2032	1	5	22	23
Cell2033	1	11	17	6
Cell2034	1	19	8	12
Cell2035	1	19	8	12
Cell2036	1	8	10	25
Cell2037	1	24	24	19
Cell2038	1	7	32	32
Cell2039	1	5	14	2
Cell2040	1	4	18	15
Cell2041	1	3	16	15
Cell2042	1	19	8	23
Cell2043	1	21	23	29
Cell2044	1	9	15	26
Cell2045	1	20	2	17
Cell2046	1	21	23	29
Cell2047	1	2	6	16
Cell2048	1	22	5	30
Cell2049	1	17	9	31
Cell2050	1	25	27	11
Cell2051	1	9	15	26
Cell2053	1	5	14	23
Cell2054	1	11	17	6
Cell2055	1	1	29	4
Cell2056	1	22	5	30
Cell2057	1	4	18	7
Cell2058	1	12	3	22
Cell2059	1	16	1	8
Cell2060	1	25	27	11
Cell2061	1	22	30	30
Cell2062	1	9	15	26
Cell2063	1	18	4	28
Cell2064	1	8	10	25
Cell2065	1	20	2	17
Cell2066	1	1	7	10
Cell2067	1	6	26	27
Cell2068	1	5	14	2
Cell2069	1	15	25	18
Cell2070	1	23	12	24
Cell2071	1	19	8	12
Cell2072	1	1	7	10
Cell2073	1	14	5	9
Cell2074	1	15	25	18
Cell2075	1	3	19	20
Cell2076	1	2	30	3
Cell2077	1	2	6	16
Cell2079	1	13	28	21
Cell2080	1	14	5	9
Cell2081	1	8	10	25
Cell2082	1	19	8	12
Cell2083	1	10	31	1
Cell2084	1	22	5	30
Cell2085	1	2	6	16
Cell2086	1	9	15	26
Cell2087	1	7	32	32
Cell2088	1	19	8	12
Cell2089	1	7	32	32
Cell2090	1	22	30	4
Cell2091	1	2	30	3
Cell2092	1	15	25	18
Cell2093	1	3	16	20
Cell2094	1	1	29	23
Cell2095	1	15	25	18
Cell2097	1	2	30	3
Cell2098	1	5	22	23
Cell2099	1	25	27	11
Cell2100	1	10	31	1
Cell2101	1	10	31	1
Cell2102	1	19	8	12
Cell2103	1	5	14	2
Cell2104	1	5	22	23
Cell2105	1	23	12	24
Cell2106	1	15	25	18
Cell2107	1	16	1	8
Cell2108	1	5	22	2
Cell2109	1	22	5	30
Cell2110	1	6	21	14
Cell2111	1	18	4	28
Cell2112	1	4	18	7
Cell2113	1	1	11	22
Cell2114	1	9	15	26
Cell2115	1	14	5	9
Cell2116	1	6	21	14
Cell2119	1	2	30	3
Cell2120	1	6	26	27
Cell2121	1	6	21	14
Cell2122	1	4	18	7
Cell2123	1	2	6	20
Cell2124	1	21	23	29
Cell2125	1	4	27	7
Cell2126	1	11	17	6
Cell2127	1	5	14	2
Cell2128	1	9	15	26
Cell2129	1	7	32	32
Cell2130	1	20	2	17
Cell2131	1	7	32	32
Cell2132	1	8	10	25
Cell2133	1	1	7	10
Cell2134	1	6	26	27
Cell2135	1	25	27	11
Cell2136	1	9	15	26
Cell2137	1	9	15	26
Cell2138	1	5	22	23
Cell2139	1	15	25	18
Cell2140	1	3	19	20
Cell2141	1	16	1	8
Cell2142	1	21	23	29
Cell2143	1	5	14	2
Cell2144	1	12	3	13
Cell2145	1	12	3	13
Cell2146	1	2	30	22
Cell2147	1	17	9	31
Cell2148	1	11	17	6
Cell2150	1	21	23	29
Cell2151	1	11	17	6
Cell2152	1	16	1	8
Cell2153	1	10	31	22
Cell2154	1	19	8	12
Cell2156	1	13	28	21
Cell2157	1	15	25	18
Cell2158	1	13	28	21
Cell2160	1	17	9	31
Cell2161	1	20	2	17
Cell2162	1	2	6	4
Cell2163	1	10	31	4
Cell2164	1	19	8	12
Cell2165	1	9	15	26
Cell2166	1	24	24	19
Cell2167	1	3	16	5
Cell2168	1	1	7	10
Cell2169	1	5	22	23
Cell2170	1	16	1	8
Cell2171	1	5	14	2
Cell2172	1	13	28	20
Cell2173	1	19	8	12
Cell2174	1	3	19	20
Cell2175	1	6	21	14
Cell2176	1	13	28	21
Cell2177	1	15	25	18
Cell2178	1	3	19	5
Cell2179	1	13	28	21
Cell2180	1	10	31	1
Cell2181	1	18	4	28
Cell2183	1	24	24	19
Cell2184	1	3	19	20
Cell2185	1	9	15	22
Cell2186	1	21	23	29
Cell2187	1	1	29	4
Cell2188	1	2	30	3
Cell2189	1	10	31	20
Cell2190	1	22	30	30
Cell2191	1	19	8	12
Cell2192	1	17	9	31
Cell2193	1	7	32	32
Cell2194	1	3	16	5
Cell2195	1	2	30	3
Cell2196	1	13	28	21
Cell2197	1	4	18	15
Cell2198	1	21	23	29
Cell2199	1	8	20	25
Cell2200	1	1	29	22
Cell2201	1	2	6	16
Cell2202	1	4	18	7
Cell2203	1	2	30	3
Cell2204	1	4	18	7
Cell2205	1	18	4	28
Cell2206	1	19	8	12
Cell2207	1	2	30	3
Cell2208	1	6	26	27
Cell2209	1	19	8	12
Cell2210	1	2	6	16
Cell2211	1	17	9	31
Cell2212	1	2	30	3
Cell2213	1	12	3	13
Cell2215	1	1	7	10
Cell2216	1	15	25	18
Cell2217	1	21	23	29
Cell2218	1	22	5	30
Cell2219	1	19	8	12
Cell2220	1	10	31	1
Cell2221	1	4	18	7
Cell2222	1	13	28	21
Cell2223	1	19	8	12
Cell2224	1	10	31	1
Cell2225	1	5	14	2
Cell2226	1	18	4	28
Cell2227	1	5	14	23
Cell2228	1	1	7	10
Cell2229	1	4	18	15
Cell2230	1	2	30	3
Cell2231	1	5	14	2
Cell2232	1	22	30	30
Cell2233	1	1	29	23
Cell2234	1	13	28	21
Cell2235	1	8	10	25
Cell2236	1	13	28	21
Cell2237	1	15	25	18
Cell2238	1	23	12	24
Cell2239	1	16	1	8
Cell2240	1	7	32	32
Cell2241	1	17	9	31
Cell2242	1	2	30	14
Cell2243	1	2	6	16
Cell2244	1	7	32	32
Cell2245	1	15	25	18
Cell2247	1	24	24	19
Cell2248	1	5	14	2
Cell2249	1	5	22	23
Cell2250	1	4	18	15
Cell2251	1	12	3	13
Cell2252	1	3	19	22
Cell2253	1	2	30	3
Cell2254	1	12	3	13
Cell2255	1	13	28	21
Cell2256	1	5	22	23
Cell2257	1	8	20	25
Cell2258	1	8	10	25
Cell2259	1	9	15	26
Cell2260	1	5	14	2
Cell2261	1	4	18	7
Cell2262	1	1	7	10
Cell2263	1	18	4	28
Cell2264	1	9	15	26
Cell2265	1	4	18	7
Cell2266	1	12	3	13
Cell2267	1	10	31	1
Cell2268	1	8	20	25
Cell2269	1	1	7	10
Cell2270	1	6	26	27
Cell2271	1	7	32	32
Cell2272	1	6	21	14
Cell2273	1	9	15	26
Cell2274	1	1	7	10
Cell2275	1	11	17	6
Cell2276	1	14	5	9
Cell2277	1	20	2	17
Cell2278	1	8	10	25
Cell2279	1	16	1	8
Cell2280	1	1	7	10
Cell2281	1	8	20	25
Cell2282	1	20	2	17
Cell2283	1	15	25	18
Cell2284	1	23	12	24
Cell2285	1	5	22	23
Cell2286	1	6	21	27
Cell2287	1	2	6	16
Cell2288	1	23	12	24
Cell2289	1	2	6	3
Cell2290	1	11	17	6
Cell2291	1	13	28	21
Cell2292	1	11	17	6
Cell2293	1	17	9	31
Cell2294	1	13	28	23
Cell2295	1	4	18	15
Cell2296	1	15	25	18
Cell2297	1	23	12	24
Cell2298	1	14	5	9
Cell2299	1	5	22	23
Cell2300	1	7	32	32
Cell2301	1	9	15	26
Cell2302	1	2	30	3
Cell2303	1	19	8	12
Cell2304	1	11	17	6
Cell2305	1	3	16	5
Cell2306	1	20	2	17
Cell2307	1	24	24	19
Cell2308	1	19	8	12
Cell2309	1	23	12	24
Cell2310	1	22	5	30
Cell2311	1	7	32	32
Cell2312	1	1	7	10
Cell2313	1	12	3	13
Cell2314	1	23	12	24
Cell2315	1	24	24	19
Cell2316	1	23	12	24
Cell2317	1	3	11	23
Cell2318	1	2	6	4
Cell2319	1	1	11	22
Cell2320	1	8	10	25
Cell2321	1	11	17	28
Cell2322	1	21	23	29
Cell2323	1	5	14	2
Cell2324	1	6	26	27
Cell2325	1	10	19	22
Cell2326	1	2	6	16
Cell2327	1	13	28	21
Cell2328	1	21	23	29
Cell2329	1	20	2	17
Cell2330	1	10	31	1
Cell2331	1	6	21	27
Cell2332	1	13	28	21
Cell2333	1	7	32	32
Cell2334	1	20	2	22
Cell2335	1	14	5	9
Cell2336	1	23	12	24
Cell2337	1	6	26	27
Cell2338	1	21	23	29
Cell2339	1	7	32	32
Cell2340	1	20	2	17
Cell2341	1	21	23	29
Cell2342	1	25	27	11
Cell2343	1	24	24	19
Cell2345	1	1	29	23
Cell2346	1	8	20	25
Cell2347	1	18	4	28
Cell2348	1	3	19	20
Cell2349	1	5	14	2
Cell2350	1	1	7	10
Cell2351	1	19	8	12
Cell2353	1	4	18	15
Cell2354	1	11	17	5
Cell2355	1	15	25	18
Cell2356	1	5	22	23
Cell2357	1	4	18	7
Cell2358	1	12	3	13
Cell2359	1	5	22	23
Cell2360	1	8	20	25
Cell2361	1	1	11	22
Cell2362	1	5	14	2
Cell2363	1	1	29	14
Cell2364	1	14	5	9
Cell2365	1	1	11	22
Cell2366	1	3	16	5
Cell2367	1	3	16	5
Cell2368	1	14	5	9
Cell2369	1	3	19	4
Cell2370	1	6	26	27
Cell2371	1	14	5	9
Cell2372	1	11	17	6
Cell2373	1	2	6	3
Cell2374	1	3	16	5
Cell2375	1	19	8	12
Cell2377	1	4	18	7
Cell2378	1	19	8	12
Cell2379	1	5	29	23
Cell2380	1	17	9	31
Cell2381	1	8	10	25
Cell2382	1	1	11	22
Cell2383	1	16	1	8
Cell2384	1	3	19	4
Cell2385	1	25	27	11
Cell2386	1	13	28	21
Cell2387	1	3	16	20
Cell2388	1	22	30	30
Cell2389	1	5	14	2
Cell2390	1	4	18	15
Cell2391	1	8	10	25
Cell2392	1	13	28	21
Cell2393	1	7	32	32
Cell2394	1	7	32	16
Cell2395	1	1	11	22
Cell2396	1	12	3	13
Cell2397	1	13	28	21
Cell2398	1	25	27	11
Cell2399	1	20	2	17
Cell2400	1	7	32	30
Cell2401	1	2	30	3
Cell2402	1	24	13	19
Cell2403	1	11	17	6
Cell2404	1	9	15	26
Cell2406	1	8	20	25
Cell2407	1	9	15	26
Cell2408	1	18	4	28
Cell2409	1	21	23	29
Cell2410	1	6	21	3
Cell2411	1	12	3	13
Cell2412	1	8	10	20
Cell2413	1	25	27	11
Cell2414	1	4	18	15
Cell2415	1	15	25	18
Cell2416	1	11	17	6
Cell2417	1	21	23	29
Cell2418	1	24	24	19
Cell2419	1	7	32	32
Cell2420	1	2	6	16
Cell2421	1	1	7	23
Cell2422	1	12	3	13
Cell2423	1	1	7	4
Cell2424	1	14	5	9
Cell2425	1	22	5	30
Cell2426	1	20	2	17
Cell2427	1	3	19	22
Cell2428	1	14	5	9
Cell2429	1	7	32	32
Cell2430	1	2	6	16
Cell2431	1	20	2	17
Cell2432	1	12	3	13
Cell2433	1	11	17	6
Cell2434	1	19	8	12
Cell2435	1	9	15	4
Cell2436	1	24	13	19
Cell2437	1	1	7	10
Cell2438	1	21	23	29
Cell2439	1	8	20	25
Cell2440	1	16	1	8
Cell2441	1	19	8	12
Cell2442	1	2	30	3
Cell2443	1	7	32	32
Cell2444	1	16	1	8
Cell2445	1	8	10	25
Cell2446	1	17	9	31
Cell2447	1	9	15	26
Cell2448	1	6	21	27
Cell2449	1	11	17	6
Cell2450	1	2	30	3
Cell2451	1	16	1	8
Cell2452	1	13	28	21
Cell2453	1	1	7	10
Cell2454	1	16	1	8
Cell2455	1	20	2	17
Cell2456	1	3	16	5
Cell2457	1	25	27	11
Cell2458	1	3	19	22
Cell2459	1	8	10	25
Cell2460	1	7	32	32
Cell2461	1	11	17	22
Cell2462	1	1	7	4
Cell2463	1	10	31	22
Cell2465	1	11	17	5
Cell2466	1	11	17	6
Cell2467	1	14	5	30
Cell2468	1	23	12	24
Cell2469	1	20	2	17
Cell2470	1	17	9	31
Cell2471	1	10	31	1
Cell2472	1	7	32	32
Cell2473	1	14	5	9
Cell2474	1	21	23	29
Cell2475	1	22	5	14
Cell2476	1	1	7	10
Cell2477	1	4	18	7
Cell2478	1	18	4	5
Cell2479	1	15	25	18
Cell2480	1	7	32	32
Cell2481	1	4	18	15
Cell2482	1	8	10	25
Cell2483	1	3	16	5
Cell2484	1	3	19	20
Cell2485	1	7	32	32
Cell2486	1	22	5	30
Cell2487	1	16	1	8
Cell2488	1	24	24	19
Cell2489	1	2	30	30
Cell2490	1	8	20	25
Cell2491	1	16	1	8
Cell2492	1	7	32	32
Cell2493	1	18	4	28
Cell2494	1	13	28	21
Cell2495	1	17	9	31
Cell2496	1	2	30	3
Cell2497	1	17	9	31
Cell2498	1	1	7	10
Cell2499	1	1	7	22
Cell2500	1	25	27	11
Cell2501	1	1	7	10
Cell2502	1	20	2	17
Cell2503	1	15	25	18
Cell2504	1	3	19	7
Cell2505	1	12	3	13
Cell2506	1	6	21	14
Cell2507	1	7	32	32
Cell2508	1	12	3	13
Cell2509	1	1	11	4
Cell2510	1	1	7	10
Cell2511	1	20	2	17
Cell2512	1	1	29	4
Cell2513	1	22	5	30
Cell2514	1	2	6	16
Cell2515	1	2	6	16
Cell2516	1	10	31	1
Cell2517	1	7	32	32
Cell2518	1	15	25	18
Cell2519	1	5	14	30
Cell2520	1	20	2	17
Cell2521	1	2	30	3
Cell2522	1	12	3	13
Cell2523	1	24	24	19
Cell2524	1	1	29	22
Cell2525	1	25	27	11
Cell2526	1	17	9	31
Cell2527	1	24	13	19
Cell2528	1	16	1	8
Cell2529	1	11	17	6
Cell2530	1	7	32	32
Cell2531	1	10	31	1
Cell2532	1	25	27	11
Cell2533	1	17	9	31
Cell2534	1	7	32	32
Cell2535	1	2	6	16
Cell2537	1	19	8	12
Cell2538	1	5	14	3
Cell2539	1	3	16	20
Cell2540	1	3	19	22
Cell2541	1	13	28	21
Cell2542	1	3	19	20
Cell2543	1	4	18	15
Cell2544	1	21	23	29
Cell2545	1	18	4	28
Cell2546	1	2	30	3
Cell2547	1	2	6	16
Cell2548	1	22	30	4
Cell2549	1	1	7	10
Cell2550	1	23	12	24
Cell2551	1	24	24	19
Cell2552	1	9	15	26
Cell2553	1	9	15	26
Cell2554	1	13	28	15
Cell2555	1	6	21	4
Cell2556	1	25	27	11
Cell2557	1	16	1	8
Cell2558	1	12	3	13
Cell2559	1	16	1	8
Cell2560	1	6	21	4
Cell2561	1	24	13	19
Cell2562	1	23	12	24
Cell2563	1	10	31	1
Cell2564	1	5	14	2
Cell2565	1	12	3	13
Cell2566	1	4	18	15
Cell2567	1	18	4	28
Cell2568	1	3	16	5
Cell2569	1	4	18	7
Cell2570	1	18	4	28
Cell2571	1	3	16	22
Cell2572	1	3	16	20
Cell2573	1	3	19	28
Cell2574	1	22	5	30
Cell2575	1	6	21	30
Cell2576	1	15	25	18
Cell2577	1	22	5	30
Cell2578	1	24	13	19
Cell2579	1	21	23	29
Cell2580	1	9	15	26
Cell2581	1	5	14	2
Cell2582	1	7	32	32
Cell2583	1	15	25	18
Cell2584	1	24	24	19
Cell2585	1	1	7	10
Cell2586	1	2	30	3
Cell2587	1	2	6	20
Cell2588	1	6	26	27
Cell2589	1	6	26	27
Cell2590	1	3	19	22
Cell2591	1	5	14	2
Cell2592	1	24	24	19
Cell2593	1	11	17	6
Cell2594	1	5	14	2
Cell2595	1	9	15	26
Cell2596	1	1	11	22
Cell2597	1	7	32	32
Cell2598	1	5	22	23
Cell2599	1	18	4	5
Cell2600	1	22	5	30
Cell2601	1	8	10	25
Cell2602	1	8	10	25
Cell2603	1	6	26	27
Cell2604	1	19	8	12
Cell2605	1	20	2	17
Cell2606	1	5	22	2
Cell2607	1	6	26	27
Cell2609	1	24	24	19
Cell2610	1	2	6	16
Cell2611	1	8	20	25
Cell2612	1	2	6	3
Cell2613	1	3	19	28
Cell2614	1	7	32	32
Cell2615	1	15	25	18
Cell2616	1	10	31	1
Cell2617	1	23	12	24
Cell2619	1	15	25	18
Cell2620	1	14	5	30
Cell2621	1	3	16	5
Cell2622	1	12	3	22
Cell2623	1	2	14	30
Cell2624	1	24	24	19
Cell2625	1	8	10	25
Cell2626	1	1	11	22
Cell2627	1	2	30	3
Cell2628	1	4	18	15
Cell2629	1	19	8	12
Cell2630	1	18	4	28
Cell2631	1	22	30	30
Cell2632	1	4	18	7
Cell2633	1	5	11	23
Cell2634	1	3	16	5
Cell2635	1	17	9	31
Cell2636	1	25	27	11
Cell2637	1	22	5	30
Cell2638	1	19	8	12
Cell2639	1	18	4	28
Cell2641	1	14	5	9
Cell2642	1	2	22	23
Cell2643	1	20	2	17
Cell2645	1	19	8	12
Cell2646	1	18	4	28
Cell2647	1	17	9	31
Cell2648	1	23	12	9
Cell2649	1	17	9	31
Cell2650	1	14	5	9
Cell2651	1	20	2	17
Cell2652	1	22	30	3
Cell2654	1	17	9	28
Cell2655	1	2	30	3
Cell2656	1	1	7	10
Cell2657	1	8	20	25
Cell2658	1	23	12	24
Cell2659	1	20	2	22
Cell2660	1	24	13	19
Cell2661	1	1	11	23
Cell2662	1	1	29	22
Cell2663	1	25	27	11
Cell2664	1	18	4	28
Cell2665	1	2	14	3
Cell2666	1	7	32	32
Cell2667	1	2	8	3
Cell2668	1	19	8	12
Cell2669	1	14	5	9
Cell2670	1	3	19	17
Cell2671	1	16	1	8
Cell2672	1	1	7	10
Cell2673	1	5	14	2
Cell2674	1	7	32	32
Cell2675	1	3	16	5
Cell2676	1	13	28	21
Cell2677	1	24	24	19
Cell2678	1	6	21	3
Cell2679	1	23	12	24
Cell2680	1	1	7	10
Cell2681	1	18	4	28
Cell2682	1	10	31	1
Cell2683	1	14	5	9
Cell2684	1	13	28	21
Cell2685	1	3	19	22
Cell2686	1	25	27	11
Cell2687	1	16	1	8
Cell2688	1	1	7	23
Cell2689	1	18	4	28
Cell2690	1	5	14	2
Cell2691	1	23	12	24
Cell2692	1	1	7	10
Cell2693	1	1	7	10
Cell2694	1	13	28	21
Cell2695	1	4	18	7
Cell2696	1	6	21	14
Cell2697	1	4	18	15
Cell2698	1	1	7	10
Cell2699	1	3	16	20
Cell2700	1	9	15	4
Cell2701	1	1	11	22
Cell2702	1	7	32	22
Cell2703	1	11	17	20
Cell2704	1	15	25	18
Cell2706	1	13	28	21
Cell2707	1	1	29	23
Cell2708	1	6	21	14
Cell2709	1	4	18	20
Cell2710	1	24	24	19
Cell2711	1	16	1	8
Cell2712	1	2	30	3
Cell2713	1	9	15	26
Cell2714	1	7	32	32
Cell2715	1	2	30	3
Cell2716	1	3	16	5
Cell2717	1	18	4	28
Cell2718	1	15	25	18
Cell2719	1	6	26	27
Cell2720	1	15	25	18
Cell2721	1	21	23	29
Cell2722	1	2	6	16
Cell2724	1	2	22	3
Cell2725	1	7	32	32
Cell2726	1	17	9	31
Cell2727	1	23	12	24
Cell2729	1	7	32	32
Cell2730	1	2	30	3
Cell2731	1	25	27	11
Cell2732	1	11	17	6
Cell2734	1	2	30	3
Cell2735	1	1	7	10
Cell2736	1	3	4	5
Cell2737	1	8	20	25
Cell2738	1	18	4	20
Cell2739	1	2	30	3
Cell2740	1	18	4	28
Cell2743	1	1	29	4
Cell2744	1	5	14	2
Cell2745	1	6	26	27
Cell2746	1	11	17	6
Cell2747	1	22	5	30
Cell2748	1	17	9	31
Cell2749	1	2	6	16
Cell2750	1	4	18	7
Cell2751	1	24	24	19
Cell2752	1	21	23	29
Cell2753	1	12	3	13
Cell2754	1	8	10	25
Cell2755	1	15	25	18
Cell2756	1	18	4	30
Cell2757	1	10	31	1
Cell2758	1	13	28	21
Cell2759	1	17	9	31
Cell2760	1	3	16	5
Cell2761	1	5	14	2
Cell2762	1	16	1	8
Cell2763	1	10	31	1
Cell2764	1	1	11	23
Cell2765	1	18	4	28
Cell2766	1	8	20	25
Cell2767	1	3	16	20
Cell2768	1	6	21	27
Cell2769	1	19	8	12
Cell2770	1	20	2	17
Cell2771	1	22	5	30
Cell2772	1	6	21	14
Cell2773	1	4	18	15
Cell2774	1	21	23	29
Cell2776	1	17	9	31
Cell2777	1	11	17	6
Cell2778	1	9	15	26
Cell2780	1	3	19	5
Cell2781	1	20	2	17
Cell2782	1	1	11	4
Cell2783	1	17	9	31
Cell2784	1	1	11	4
Cell2785	1	21	23	29
Cell2787	1	7	32	32
Cell2788	1	3	16	20
Cell2789	1	10	31	20
Cell2790	1	12	3	13
Cell2791	1	8	20	25
Cell2792	1	15	25	18
Cell2793	1	3	16	5
Cell2794	1	4	18	7
Cell2795	1	1	7	10
Cell2796	1	20	2	17
Cell2797	1	13	28	21
Cell2798	1	1	11	4
Cell2799	1	20	2	17
Cell2800	1	12	3	13
Cell2801	1	13	28	21
Cell2802	1	3	16	20
Cell2803	1	25	27	11
Cell2804	1	3	19	20
Cell2805	1	19	8	12
Cell2807	1	8	10	25
Cell2808	1	7	32	32
Cell2809	1	1	7	10
Cell2810	1	3	16	5
Cell2811	1	8	10	25
Cell2812	1	21	23	29
Cell2813	1	20	2	17
Cell2814	1	4	18	5
Cell2815	1	24	24	19
Cell2816	1	21	23	29
Cell2817	1	11	17	6
Cell2818	1	5	22	23
Cell2819	1	12	3	13
Cell2820	1	16	1	8
Cell2821	1	15	25	18
Cell2822	1	20	2	17
Cell2823	1	11	17	6
Cell2824	1	5	14	23
Cell2825	1	25	27	11
Cell2826	1	5	14	2
Cell2827	1	10	31	1
Cell2828	1	17	9	31
Cell2829	1	15	25	18
Cell2830	1	15	25	18
Cell2831	1	10	31	1
Cell2832	1	20	2	17
Cell2833	1	5	22	23
Cell2834	1	17	9	31
Cell2835	1	23	12	24
Cell2836	1	2	30	30
Cell2837	1	14	5	9
Cell2839	1	17	9	31
Cell2840	1	24	24	19
Cell2841	1	17	9	31
Cell2842	1	21	23	29
Cell2844	1	10	31	1
Cell2846	1	10	31	1
Cell2847	1	12	3	22
Cell2848	1	1	7	10
Cell2849	1	20	2	17
Cell2850	1	13	28	21
Cell2852	1	4	23	15
Cell2853	1	5	22	23
Cell2854	1	4	18	15
Cell2855	1	23	12	24
Cell2856	1	6	26	27
Cell2857	1	15	25	18
Cell2858	1	10	31	1
Cell2859	1	10	31	1
Cell2860	1	4	18	7
Cell2861	1	23	12	24
Cell2862	1	14	5	9
Cell2863	1	15	25	18
Cell2864	1	8	20	25
Cell2865	1	4	18	15
Cell2866	1	19	8	12
Cell2867	1	15	25	18
Cell2868	1	4	18	15
Cell2870	1	20	2	22
Cell2871	1	14	5	9
Cell2872	1	6	30	4
Cell2873	1	24	13	19
Cell2875	1	5	22	23
Cell2876	1	1	7	10
Cell2877	1	25	27	11
Cell2878	1	4	18	15
Cell2879	1	8	10	25
Cell2880	1	11	17	6
Cell2881	1	24	13	5
Cell2882	1	5	14	23
Cell2883	1	5	22	23
Cell2884	1	10	31	1
Cell2885	1	15	25	18
Cell2886	1	6	21	14
Cell2887	1	21	23	29
Cell2888	1	20	2	17
Cell2889	1	20	2	17
Cell2890	1	9	15	26
Cell2891	1	1	11	22
Cell2892	1	18	4	28
Cell2893	1	11	17	6
Cell2894	1	13	28	21
Cell2895	1	20	2	17
Cell2896	1	8	10	25
Cell2897	1	7	32	32
Cell2898	1	3	19	20
Cell2899	1	5	14	2
Cell2900	1	14	5	9
Cell2901	1	21	23	29
Cell2902	1	20	2	17
Cell2903	1	10	31	1
Cell2904	1	23	12	24
Cell2905	1	1	29	4
Cell2906	1	24	13	19
Cell2907	1	6	26	27
Cell2908	1	20	2	17
Cell2909	1	10	31	1
Cell2910	1	23	12	24
Cell2911	1	15	25	18
Cell2912	1	3	16	5
Cell2913	1	18	4	28
Cell2915	1	21	23	29
Cell2916	1	2	30	3
Cell2917	1	1	7	10
Cell2918	1	6	21	27
Cell2919	1	10	31	1
Cell2921	1	3	16	5
Cell2922	1	25	27	11
Cell2924	1	11	17	6
Cell2925	1	4	18	7
Cell2927	1	3	19	20
Cell2928	1	23	12	24
Cell2929	1	5	22	23
Cell2930	1	16	1	8
Cell2931	1	19	8	12
Cell2932	1	18	4	28
Cell2933	1	22	5	14
Cell2934	1	10	31	1
Cell2935	1	4	18	7
Cell2936	1	9	15	26
Cell2937	1	18	4	28
Cell2938	1	14	5	9
Cell2939	1	13	28	21
Cell2940	1	11	17	6
Cell2941	1	11	17	22
Cell2942	1	13	28	21
Cell2943	1	23	12	24
Cell2944	1	18	4	28
Cell2945	1	1	29	14
Cell2946	1	19	8	12
Cell2947	1	7	32	32
Cell2948	1	25	27	11
Cell2949	1	21	23	29
Cell2950	1	24	13	19
Cell2951	1	1	29	4
Cell2952	1	2	6	3
Cell2953	1	15	25	18
Cell2954	1	25	27	11
Cell2956	1	3	19	22
Cell2957	1	25	27	11
Cell2958	1	14	5	9
Cell2959	1	2	6	16
Cell2960	1	5	14	2
Cell2961	1	13	28	21
Cell2962	1	1	11	22
Cell2963	1	13	28	21
Cell2964	1	25	27	11
Cell2965	1	1	7	10
Cell2966	1	23	12	24
Cell2967	1	9	15	26
Cell2969	1	8	10	25
Cell2970	1	12	3	13
Cell2971	1	17	9	31
Cell2972	1	16	1	8
Cell2973	1	11	17	5
Cell2974	1	21	23	29
Cell2975	1	3	16	20
Cell2976	1	7	32	32
Cell2977	1	19	8	12
Cell2979	1	20	2	17
Cell2980	1	5	14	22
Cell2981	1	22	5	30
Cell2982	1	14	5	30
Cell2983	1	20	2	22
Cell2984	1	16	1	8
Cell2985	1	14	5	9
Cell2986	1	22	5	14
Cell2987	1	4	18	15
Cell2988	1	21	23	29
Cell2989	1	8	10	25
Cell2990	1	18	4	28
Cell2991	1	9	15	26
Cell2992	1	12	3	22
Cell2993	1	22	5	9
Cell2994	1	24	13	5
Cell2995	1	20	2	4
Cell2996	1	11	17	6
Cell2997	1	12	3	13
Cell2998	1	24	13	19
Cell2999	1	19	8	12
Cell3000	1	3	19	20
Cell3002	1	14	5	9
Cell3003	1	17	9	31
Cell3004	1	2	30	3
Cell3005	1	11	17	6
Cell3006	1	23	12	24
Cell3007	1	17	9	31
Cell3008	1	5	22	23
Cell3009	1	9	15	26
Cell3010	1	3	16	5
Cell3011	1	20	2	17
Cell3012	1	20	2	17
Cell3013	1	23	12	24
Cell3014	1	19	8	12
Cell3015	1	4	18	15
Cell3016	1	15	25	18
Cell3017	1	4	18	15
Cell3018	1	21	23	29
Cell3019	1	14	5	9
Cell3020	1	20	2	1
Cell3021	1	3	19	22
Cell3022	1	9	15	26
Cell3023	1	2	30	3
Cell3024	1	18	4	28
Cell3025	1	15	25	18
Cell3026	1	5	22	23
Cell3027	1	5	14	2
Cell3028	1	2	30	3
Cell3030	1	12	3	13
Cell3031	1	8	20	25
Cell3032	1	7	32	32
Cell3034	1	11	17	6
Cell3035	1	1	7	10
Cell3036	1	3	19	20
Cell3037	1	11	17	6
Cell3038	1	5	22	23
Cell3039	1	11	17	6
Cell3040	1	9	15	26
Cell3041	1	19	8	12
Cell3042	1	23	12	24
Cell3043	1	21	23	29
Cell3044	1	2	6	22
Cell3045	1	6	21	4
Cell3046	1	19	8	12
Cell3047	1	4	18	15
Cell3048	1	5	14	2
Cell3049	1	17	9	31
Cell3050	1	6	26	27
Cell3051	1	19	8	12
Cell3053	1	16	1	8
Cell3054	1	17	9	31
Cell3055	1	6	21	14
Cell3056	1	21	23	29
Cell3057	1	16	1	8
Cell3059	1	2	6	16
Cell3060	1	16	1	8
Cell3061	1	21	23	20
Cell3062	1	7	32	32
Cell3063	1	13	28	21
Cell3064	1	16	1	8
Cell3065	1	25	27	11
Cell3066	1	24	24	19
Cell3069	1	1	11	22
Cell3070	1	18	4	28
Cell3071	1	7	32	32
Cell3072	1	14	5	9
Cell3073	1	3	19	28
Cell3074	1	4	18	5
Cell3075	1	13	28	21
Cell3076	1	9	15	26
Cell3077	1	3	19	20
Cell3078	1	15	25	18
Cell3079	1	15	25	18
Cell3080	1	8	10	25
Cell3081	1	1	29	4
Cell3082	1	20	2	17
Cell3083	1	25	27	11
Cell3084	1	22	5	30
Cell3085	1	22	15	30
Cell3086	1	16	1	8
Cell3087	1	25	27	11
Cell3088	1	25	27	11
Cell3089	1	12	3	13
Cell3090	1	4	18	15
Cell3091	1	20	2	17
Cell3092	1	6	26	27
Cell3093	1	23	12	24
Cell3094	1	8	10	25
Cell3095	1	1	7	10
Cell3096	1	16	1	8
Cell3098	1	22	5	30
Cell3099	1	8	20	25
Cell3101	1	8	10	25
Cell3102	1	4	18	15
Cell3103	1	5	22	23
Cell3104	1	21	23	29
Cell3105	1	6	26	22
Cell3106	1	5	14	2
Cell3107	1	14	5	9
Cell3108	1	17	9	31
Cell3109	1	24	24	19
Cell3110	1	20	2	17
Cell3111	1	14	5	9
Cell3113	1	17	9	31
Cell3114	1	16	1	8
Cell3116	1	24	13	19
Cell3117	1	7	32	30
Cell3118	1	3	16	15
Cell3119	1	3	4	5
Cell3120	1	3	19	20
Cell3121	1	3	19	20
Cell3122	1	3	16	5
Cell3123	1	6	26	27
Cell3125	1	10	31	15
Cell3126	1	11	17	6
Cell3127	1	5	22	23
Cell3128	1	1	7	10
Cell3129	1	12	3	13
Cell3130	1	15	25	18
Cell3131	1	12	3	13
Cell3132	1	10	31	4
Cell3133	1	2	30	14
Cell3134	1	21	23	28
Cell3135	1	15	25	18
Cell3136	1	23	12	24
Cell3137	1	4	18	7
Cell3138	1	3	16	5
Cell3139	1	8	20	25
Cell3140	1	17	9	28
Cell3141	1	6	26	27
Cell3142	1	17	9	31
Cell3143	1	4	18	7
Cell3144	1	15	25	18
Cell3145	1	25	27	11
Cell3146	1	15	25	18
Cell3147	1	5	14	2
Cell3149	1	7	32	32
Cell3150	1	21	23	29
Cell3151	1	1	7	10
Cell3152	1	14	5	9
Cell3153	1	18	4	28
Cell3154	1	3	16	5
Cell3156	1	13	28	21
Cell3157	1	18	4	28
Cell3158	1	11	17	5
Cell3159	1	9	15	26
Cell3161	1	1	7	10
Cell3162	1	9	15	26
Cell3163	1	5	22	10
Cell3164	1	24	13	19
Cell3165	1	2	6	16
Cell3166	1	8	20	25
Cell3167	1	2	6	2
Cell3168	1	11	17	20
Cell3169	1	14	5	9
Cell3170	1	6	26	27
Cell3171	1	5	22	23
Cell3172	1	20	2	17
Cell3173	1	23	12	24
Cell3174	1	2	30	3
Cell3175	1	10	31	1
Cell3176	1	13	28	21
Cell3177	1	22	5	4
Cell3178	1	8	10	25
Cell3180	1	5	22	23
Cell3181	1	5	22	23
Cell3182	1	3	16	20
Cell3183	1	1	29	4
Cell3184	1	25	27	11
Cell3185	1	6	21	14
Cell3187	1	23	12	24
Cell3188	1	21	23	29
Cell3189	1	19	8	12
Cell3190	1	22	5	30
Cell3191	1	6	26	20
Cell3192	1	18	4	5
Cell3193	1	1	7	10
Cell3194	1	9	15	26
Cell3195	1	15	25	18
Cell3196	1	24	24	19
Cell3197	1	21	23	29
Cell3198	1	9	15	26
Cell3199	1	17	9	31
Cell3200	1	6	26	27
Cell3201	1	9	15	26
Cell3202	1	11	17	6
Cell3203	1	22	5	30
Cell3204	1	10	31	1
Cell3205	1	4	18	15
Cell3206	1	20	2	17
Cell3207	1	4	18	7
Cell3208	1	16	1	8
Cell3209	1	7	32	32
Cell3210	1	12	3	13
Cell3212	1	24	13	19
Cell3213	1	6	26	27
Cell3214	1	3	16	7
Cell3215	1	13	28	21
Cell3216	1	5	14	2
Cell3217	1	4	18	15
Cell3218	1	13	28	21
Cell3219	1	4	18	7
Cell3220	1	17	9	28
Cell3221	1	6	26	27
Cell3222	1	2	6	16
Cell3223	1	2	6	16
Cell3224	1	1	7	10
Cell3225	1	5	22	23
Cell3226	1	11	17	5
Cell3227	1	1	29	27
Cell3228	1	8	10	25
Cell3229	1	14	5	30
Cell3230	1	6	21	14
Cell3231	1	8	20	25
Cell3232	1	17	9	31
Cell3233	1	5	14	2
Cell3235	1	12	3	13
Cell3236	1	21	23	29
Cell3237	1	8	10	25
Cell3238	1	15	25	18
Cell3239	1	1	29	4
Cell3240	1	4	18	15
Cell3241	1	7	32	32
Cell3242	1	5	22	23
Cell3243	1	22	5	30
Cell3244	1	15	25	18
Cell3246	1	12	3	13
Cell3247	1	6	26	27
Cell3248	1	17	9	31
Cell3249	1	15	25	18
Cell3250	1	5	14	2
Cell3251	1	15	25	18
Cell3252	1	19	8	12
Cell3253	1	6	26	27
Cell3254	1	16	1	8
Cell3255	1	8	10	25
Cell3256	1	9	15	26
Cell3257	1	10	31	1
Cell3258	1	4	18	15
Cell3259	1	10	31	1
Cell3260	1	2	14	3
Cell3261	1	24	24	19
Cell3262	1	14	5	9
Cell3263	1	4	18	7
Cell3264	1	6	21	26
Cell3266	1	5	14	2
Cell3267	1	10	31	1
Cell3268	1	4	18	7
Cell3269	1	18	4	5
Cell3270	1	8	10	25
Cell3271	1	3	16	5
Cell3272	1	19	8	12
Cell3273	1	24	24	19
Cell3274	1	5	22	23
Cell3275	1	4	18	15
Cell3276	1	23	12	24
Cell3277	1	20	2	23
Cell3278	1	2	6	14
Cell3279	1	2	30	5
Cell3280	1	15	25	18
Cell3281	1	5	22	23
Cell3282	1	4	18	15
Cell3283	1	4	18	15
Cell3285	1	5	14	2
Cell3286	1	1	11	22
Cell3287	1	6	26	27
Cell3288	1	2	6	16
Cell3289	1	21	23	29
Cell3291	1	2	30	3
Cell3292	1	7	32	32
Cell3294	1	5	22	23
Cell3295	1	14	5	9
Cell3297	1	10	31	20
Cell3299	1	14	5	9
Cell3300	1	10	31	1
Cell3301	1	17	9	31
Cell3302	1	5	22	23
Cell3303	1	7	32	32
Cell3304	1	4	18	15
Cell3305	1	6	21	14
Cell3306	1	4	18	7
Cell3307	1	20	2	17
Cell3308	1	6	26	27
Cell3309	1	16	1	8
Cell3310	1	7	32	32
Cell3311	1	2	6	16
Cell3312	1	16	1	8
Cell3313	1	6	21	14
Cell3314	1	1	7	10
Cell3315	1	1	11	20
Cell3316	1	16	1	8
Cell3317	1	8	20	25
Cell3318	1	5	22	23
Cell3319	1	2	6	16
Cell3320	1	8	20	25
Cell3321	1	5	14	2
Cell3322	1	1	11	4
Cell3323	1	6	26	27
Cell3324	1	1	7	10
Cell3325	1	10	31	23
Cell3326	1	25	27	27
Cell3327	1	1	7	10
Cell3328	1	24	24	19
Cell3329	1	7	32	32
Cell3330	1	1	7	10
Cell3331	1	24	24	19
Cell3332	1	2	30	3
Cell3333	1	3	16	5
Cell3334	1	9	15	26
Cell3335	1	8	20	25
Cell3336	1	12	3	13
Cell3337	1	4	18	5
Cell3338	1	6	21	14
Cell3339	1	11	17	6
Cell3340	1	5	22	23
Cell3341	1	7	32	32
Cell3342	1	2	6	16
Cell3343	1	1	7	23
Cell3344	1	1	11	4
Cell3345	1	8	20	25
Cell3346	1	4	18	15
Cell3347	1	20	2	17
Cell3348	1	1	11	22
Cell3349	1	21	23	29
Cell3350	1	2	6	3
Cell3351	1	17	9	31
Cell3353	1	21	23	29
Cell3354	1	2	8	3
Cell3355	1	3	16	5
Cell3356	1	2	30	4
Cell3357	1	23	12	24
Cell3358	1	3	19	22
Cell3359	1	11	17	6
Cell3360	1	15	25	18
Cell3361	1	4	18	7
Cell3362	1	8	10	25
Cell3363	1	14	5	9
Cell3364	1	18	4	28
Cell3365	1	4	18	7
Cell3366	1	1	29	4
Cell3367	1	3	16	5
Cell3368	1	2	6	3
Cell3369	1	10	31	1
Cell3370	1	6	26	27
Cell3371	1	11	17	6
Cell3372	1	24	13	19
Cell3373	1	13	28	21
Cell3374	1	25	27	11
Cell3375	1	11	17	6
Cell3376	1	6	21	14
Cell3377	1	12	3	13
Cell3378	1	22	5	30
Cell3379	1	4	18	15
Cell3380	1	2	6	16
Cell3381	1	3	16	20
Cell3382	1	2	6	3
Cell3383	1	1	7	10
Cell3384	1	21	23	29
Cell3385	1	14	5	9
Cell3386	1	3	16	5
Cell3387	1	18	4	5
Cell3388	1	23	12	24
Cell3389	1	1	7	10
Cell3391	1	3	16	20
Cell3392	1	17	9	31
Cell3393	1	24	24	19
Cell3394	1	11	17	6
Cell3395	1	12	3	13
Cell3396	1	5	14	23
Cell3397	1	1	29	10
Cell3398	1	15	25	18
Cell3399	1	1	7	10
Cell3400	1	7	32	32
Cell3401	1	7	32	32
Cell3402	1	11	17	6
Cell3403	1	11	17	3
Cell3404	1	2	6	16
Cell3405	1	12	3	13
Cell3406	1	11	17	6
Cell3407	1	15	25	18
Cell3408	1	22	5	30
Cell3409	1	25	27	11
Cell3410	1	3	17	28
Cell3411	1	4	18	7
Cell3412	1	18	4	28
Cell3413	1	21	23	29
Cell3414	1	10	31	1
Cell3415	1	3	16	5
Cell3416	1	6	21	3
Cell3417	1	10	31	1
Cell3418	1	18	4	28
Cell3419	1	15	25	18
Cell3420	1	20	2	17
Cell3421	1	21	23	29
Cell3422	1	8	10	25
Cell3423	1	2	30	3
Cell3424	1	8	10	25
Cell3425	1	8	10	25
Cell3426	1	2	30	3
Cell3427	1	10	31	1
Cell3428	1	4	18	7
Cell3429	1	11	17	6
Cell3430	1	15	25	18
Cell3431	1	25	27	11
Cell3432	1	11	17	6
Cell3433	1	17	9	31
Cell3434	1	24	24	19
Cell3436	1	18	4	5
Cell3437	1	22	5	30
Cell3438	1	16	1	8
Cell3439	1	21	23	29
Cell3440	1	21	23	29
Cell3441	1	2	30	3
Cell3442	1	21	23	29
Cell3443	1	7	32	32
Cell3444	1	19	8	12
Cell3445	1	10	31	1
Cell3446	1	3	17	20
Cell3447	1	10	31	1
Cell3448	1	21	23	29
Cell3449	1	23	12	24
Cell3450	1	16	1	8
Cell3451	1	5	22	23
Cell3452	1	6	26	27
Cell3453	1	15	25	18
Cell3454	1	2	6	3
Cell3455	1	12	3	13
Cell3456	1	21	23	29
Cell3457	1	11	17	6
Cell3458	1	12	3	13
Cell3459	1	23	12	24
Cell3460	1	8	10	25
Cell3461	1	4	18	7
Cell3462	1	17	9	31
Cell3463	1	9	15	26
Cell3464	1	8	10	25
Cell3465	1	12	3	22
Cell3466	1	7	32	32
Cell3467	1	14	5	14
Cell3468	1	5	22	23
Cell3469	1	16	1	8
Cell3470	1	3	16	5
Cell3471	1	12	3	13
Cell3472	1	2	30	3
Cell3473	1	8	20	25
Cell3474	1	16	1	8
Cell3475	1	22	30	14
Cell3476	1	1	29	4
Cell3477	1	14	5	9
Cell3478	1	16	1	8
Cell3479	1	8	20	25
Cell3480	1	23	12	24
Cell3481	1	5	22	23
Cell3482	1	13	28	21
Cell3483	1	4	18	7
Cell3484	1	4	18	7
Cell3485	1	4	18	7
Cell3486	1	16	1	8
Cell3487	1	13	28	21
Cell3488	1	2	6	16
Cell3489	1	17	9	31
Cell3490	1	3	16	20
Cell3491	1	7	32	32
Cell3492	1	14	5	9
Cell3493	1	13	28	21
Cell3494	1	22	5	4
Cell3495	1	20	2	17
Cell3496	1	13	28	4
Cell3497	1	2	6	16
Cell3498	1	22	30	14
Cell3499	1	25	27	11
Cell3500	1	4	18	7
Cell3501	1	20	2	17
Cell3502	1	23	12	24
Cell3503	1	20	2	17
Cell3504	1	16	1	8
Cell3505	1	21	23	29
Cell3506	1	2	6	16
Cell3507	1	9	15	26
Cell3508	1	20	2	17
Cell3509	1	10	31	1
Cell3510	1	7	32	32
Cell3511	1	4	18	15
Cell3512	1	21	23	29
Cell3513	1	10	31	1
Cell3514	1	22	30	30
Cell3515	1	22	5	30
Cell3516	1	6	21	14
Cell3517	1	21	23	29
Cell3518	1	4	18	7
Cell3519	1	20	2	17
Cell3520	1	6	21	14
Cell3521	1	19	8	3
Cell3522	1	13	28	21
Cell3523	1	18	4	28
Cell3524	1	22	5	3
Cell3525	1	23	12	24
Cell3526	1	11	17	6
Cell3527	1	19	8	12
Cell3528	1	12	3	13
Cell3529	1	23	12	24
Cell3530	1	2	30	3
Cell3531	1	15	25	18
Cell3532	1	5	22	23
Cell3533	1	9	15	26
Cell3534	1	8	10	25
Cell3535	1	25	27	11
Cell3536	1	3	16	5
Cell3537	1	19	8	12
Cell3538	1	21	23	29
Cell3539	1	3	18	15
Cell3540	1	3	16	15
Cell3541	1	6	21	14
Cell3542	1	21	23	29
Cell3543	1	6	26	27
Cell3544	1	13	28	4
Cell3545	1	8	20	25
Cell3546	1	4	18	15
Cell3547	1	7	32	32
Cell3548	1	4	18	7
Cell3549	1	16	1	14
Cell3550	1	16	1	8
Cell3551	1	1	29	4
Cell3552	1	15	25	18
Cell3553	1	13	28	21
Cell3555	1	20	2	17
Cell3556	1	1	29	4
Cell3557	1	23	12	24
Cell3558	1	8	20	25
Cell3559	1	9	15	26
Cell3560	1	20	2	17
Cell3561	1	6	21	14
Cell3562	1	2	6	3
Cell3563	1	19	8	22
Cell3564	1	4	18	15
Cell3565	1	17	9	31
Cell3566	1	1	7	10
Cell3567	1	13	28	21
Cell3568	1	22	5	30
Cell3569	1	4	18	15
Cell3570	1	11	17	6
Cell3571	1	6	26	27
Cell3572	1	20	2	17
Cell3573	1	3	16	5
Cell3574	1	3	16	5
Cell3575	1	12	3	22
Cell3576	1	6	26	27
Cell3577	1	23	12	24
Cell3578	1	10	31	1
Cell3579	1	14	5	9
Cell3580	1	3	16	7
Cell3581	1	3	16	5
Cell3582	1	13	28	21
Cell3583	1	10	31	1
Cell3584	1	14	5	9
Cell3585	1	5	14	2
Cell3586	1	9	15	26
Cell3587	1	1	7	10
Cell3588	1	25	27	11
Cell3589	1	2	30	3
Cell3590	1	6	21	14
Cell3591	1	2	30	3
Cell3592	1	22	5	30
Cell3593	1	3	16	19
Cell3594	1	2	6	16
Cell3595	1	7	32	32
Cell3596	1	22	5	30
Cell3597	1	14	5	9
Cell3598	1	3	16	5
Cell3599	1	22	5	30
Cell3601	1	24	24	19
Cell3603	1	23	12	24
Cell3604	1	16	1	8
Cell3605	1	4	18	15
Cell3606	1	17	9	31
Cell3607	1	17	9	31
Cell3608	1	25	27	11
Cell3609	1	1	29	4
Cell3610	1	1	7	10
Cell3611	1	7	32	32
Cell3612	1	25	27	11
Cell3613	1	13	28	21
Cell3614	1	11	17	6
Cell3615	1	14	5	14
Cell3616	1	2	6	16
Cell3617	1	4	18	7
Cell3618	1	8	20	25
Cell3619	1	6	26	27
Cell3620	1	19	8	12
Cell3621	1	1	7	10
Cell3622	1	1	7	10
Cell3623	1	23	12	24
Cell3624	1	12	3	13
Cell3626	1	15	25	18
Cell3627	1	24	13	5
Cell3628	1	25	27	11
Cell3629	1	11	17	6
Cell3630	1	3	16	20
Cell3631	1	10	31	1
Cell3632	1	25	27	11
Cell3633	1	19	8	2
Cell3634	1	14	5	9
Cell3635	1	1	7	10
Cell3636	1	16	1	8
Cell3638	1	2	8	3
Cell3639	1	15	25	18
Cell3640	1	6	21	27
Cell3641	1	9	15	30
Cell3642	1	10	31	1
Cell3643	1	1	11	23
Cell3644	1	22	5	30
Cell3645	1	7	32	32
Cell3647	1	24	24	19
Cell3648	1	20	2	17
Cell3649	1	15	25	18
Cell3650	1	25	27	11
Cell3651	1	16	1	8
Cell3652	1	12	3	13
Cell3653	1	2	30	3
Cell3654	1	10	31	1
Cell3655	1	5	14	2
Cell3656	1	13	28	21
Cell3657	1	13	28	21
Cell3658	1	14	5	9
Cell3659	1	20	2	17
Cell3660	1	17	9	31
Cell3661	1	10	31	1
Cell3662	1	20	2	17
Cell3663	1	14	5	30
Cell3664	1	13	28	21
Cell3665	1	15	25	18
Cell3666	1	1	7	10
Cell3667	1	3	19	20
Cell3668	1	8	20	25
Cell3669	1	25	27	11
Cell3670	1	1	7	10
Cell3671	1	21	23	29
Cell3672	1	5	14	2
Cell3673	1	21	23	29
Cell3674	1	1	7	10
Cell3675	1	12	3	13
Cell3676	1	1	7	10
Cell3677	1	7	32	32
Cell3679	1	12	3	13
Cell3680	1	7	32	32
Cell3681	1	5	14	2
Cell3682	1	10	31	20
Cell3683	1	7	32	32
Cell3684	1	1	7	10
Cell3685	1	5	22	23
Cell3686	1	2	6	16
Cell3687	1	19	8	12
Cell3688	1	7	32	30
Cell3689	1	23	12	24
Cell3690	1	22	5	4
Cell3691	1	17	9	31
Cell3692	1	19	8	12
Cell3693	1	12	3	13
Cell3694	1	2	30	3
Cell3695	1	21	23	29
Cell3696	1	2	6	16
Cell3697	1	5	22	23
Cell3698	1	14	5	9
Cell3699	1	6	26	27
Cell3701	1	9	15	26
Cell3702	1	25	27	11
Cell3703	1	1	11	20
Cell3704	1	2	6	3
Cell3705	1	9	15	26
Cell3706	1	1	7	10
Cell3707	1	13	28	21
Cell3710	1	20	2	17
Cell3711	1	7	32	32
Cell3712	1	13	28	21
Cell3714	1	10	31	1
Cell3715	1	20	2	17
Cell3716	1	1	29	14
Cell3717	1	1	11	22
Cell3718	1	14	5	9
Cell3719	1	3	16	5
Cell3720	1	9	15	26
Cell3721	1	19	8	12
Cell3722	1	6	21	4
Cell3723	1	2	6	16
Cell3724	1	6	21	14
Cell3725	1	13	28	21
Cell3726	1	12	3	13
Cell3727	1	25	27	11
Cell3728	1	25	27	11
Cell3729	1	10	31	1
Cell3731	1	7	32	32
Cell3732	1	18	4	28
Cell3733	1	3	16	5
Cell3734	1	17	9	31
Cell3735	1	1	7	10
Cell3736	1	25	27	11
Cell3737	1	16	1	8
Cell3738	1	1	29	10
Cell3739	1	21	23	29
Cell3740	1	16	1	8
Cell3741	1	18	4	28
Cell3742	1	10	19	20
Cell3743	1	7	32	32
Cell3744	1	2	30	4
Cell3745	1	16	1	8
Cell3746	1	19	8	12
Cell3748	1	6	21	27
Cell3749	1	9	15	26
Cell3750	1	18	4	28
Cell3751	1	11	17	6
Cell3752	1	8	20	25
Cell3753	1	17	9	31
Cell3754	1	2	30	3
Cell3755	1	15	25	18
Cell3756	1	23	12	24
Cell3757	1	10	31	1
Cell3758	1	10	31	1
Cell3759	1	20	2	17
Cell3760	1	6	26	27
Cell3761	1	12	3	13
Cell3762	1	2	30	4
Cell3763	1	20	2	17
Cell3764	1	8	10	25
Cell3765	1	16	1	8
Cell3766	1	2	30	3
Cell3767	1	10	31	1
Cell3768	1	16	1	8
Cell3769	1	15	25	18
Cell3770	1	12	3	13
Cell3771	1	16	1	8
Cell3772	1	19	8	12
Cell3773	1	8	10	25
Cell3774	1	2	30	3
Cell3775	1	14	5	9
Cell3776	1	20	2	17
Cell3777	1	7	32	32
Cell3778	1	6	26	27
Cell3779	1	6	26	27
Cell3780	1	13	28	21
Cell3781	1	24	24	19
Cell3782	1	2	30	23
Cell3783	1	16	1	8
Cell3784	1	8	20	25
Cell3785	1	2	6	16
Cell3786	1	1	29	4
Cell3787	1	10	31	22
Cell3788	1	15	25	18
Cell3789	1	7	32	16
Cell3790	1	6	26	27
Cell3791	1	6	21	14
Cell3792	1	7	32	32
Cell3793	1	20	2	17
Cell3794	1	19	8	12
Cell3795	1	13	28	21
Cell3796	1	16	1	8
Cell3797	1	25	27	11
Cell3798	1	7	32	32
Cell3799	1	14	5	9
Cell3800	1	10	31	1
Cell3801	1	13	28	21
Cell3802	1	4	18	15
Cell3803	1	17	9	31
Cell3804	1	6	21	4
Cell3806	1	7	32	32
Cell3807	1	25	27	11
Cell3808	1	22	30	30
Cell3809	1	14	5	9
Cell3810	1	9	15	26
Cell3811	1	1	7	4
Cell3812	1	13	28	21
Cell3813	1	22	5	30
Cell3814	1	6	21	16
Cell3815	1	14	5	9
Cell3816	1	5	14	2
Cell3817	1	22	5	30
Cell3819	1	4	18	7
Cell3820	1	20	2	17
Cell3821	1	22	6	30
Cell3822	1	19	8	2
Cell3823	1	21	23	29
Cell3824	1	14	5	9
Cell3825	1	5	14	2
Cell3826	1	13	28	21
Cell3827	1	5	22	23
Cell3828	1	16	1	8
Cell3829	1	4	18	15
Cell3830	1	21	23	29
Cell3831	1	12	3	13
Cell3832	1	5	14	2
Cell3833	1	3	19	20
Cell3834	1	9	15	26
Cell3835	1	3	19	20
Cell3837	1	8	10	25
Cell3838	1	7	32	32
Cell3839	1	6	26	27
Cell3840	1	17	9	31
Cell3841	1	10	31	22
Cell3842	1	17	9	31
Cell3843	1	2	6	16
Cell3844	1	3	16	20
Cell3845	1	18	4	28
Cell3846	1	4	18	14
Cell3847	1	6	26	22
Cell3848	1	9	15	26
Cell3849	1	18	4	28
Cell3851	1	1	7	10
Cell3852	1	1	7	10
Cell3853	1	15	25	18
Cell3854	1	17	9	31
Cell3855	1	9	15	26
Cell3856	1	18	4	28
Cell3857	1	3	19	22
Cell3858	1	15	25	18
Cell3859	1	6	21	4
Cell3860	1	17	9	31
Cell3861	1	5	14	2
Cell3862	1	5	14	23
Cell3864	1	10	31	1
Cell3865	1	6	26	27
Cell3866	1	12	3	13
Cell3867	1	1	7	10
Cell3868	1	22	5	30
Cell3869	1	12	3	13
Cell3870	1	4	18	15
Cell3871	1	9	15	26
Cell3872	1	14	5	9
Cell3873	1	6	26	14
Cell3874	1	22	5	4
Cell3875	1	14	5	9
Cell3876	1	1	29	4
Cell3877	1	15	25	18
Cell3878	1	24	13	19
Cell3879	1	1	11	4
Cell3881	1	6	26	27
Cell3882	1	20	2	17
Cell3883	1	17	9	31
Cell3884	1	6	26	27
Cell3885	1	2	30	3
Cell3886	1	2	6	16
Cell3887	1	7	32	32
Cell3888	1	1	11	22
Cell3889	1	20	2	17
Cell3890	1	22	5	30
Cell3891	1	24	24	19
Cell3892	1	16	1	8
Cell3893	1	19	8	12
Cell3894	1	17	9	31
Cell3895	1	18	4	20
Cell3896	1	20	2	17
Cell3897	1	23	12	24
Cell3898	1	7	32	32
Cell3899	1	1	29	4
Cell3900	1	12	3	13
Cell3901	1	23	12	24
Cell3902	1	3	19	20
Cell3903	1	22	6	30
Cell3904	1	5	22	23
Cell3905	1	3	19	22
Cell3906	1	7	32	32
Cell3908	1	2	6	16
Cell3909	1	14	5	9
Cell3910	1	21	23	29
Cell3912	1	12	3	13
Cell3913	1	21	23	29
Cell3914	1	1	29	4
Cell3915	1	1	7	10
Cell3916	1	1	29	22
Cell3917	1	19	8	20
Cell3918	1	9	15	26
Cell3919	1	6	26	27
Cell3920	1	23	12	24
Cell3921	1	1	11	14
Cell3922	1	25	27	11
Cell3923	1	8	20	25
Cell3924	1	10	31	1
Cell3925	1	17	9	31
Cell3926	1	3	16	5
Cell3927	1	24	24	19
Cell3928	1	1	7	10
Cell3929	1	25	27	7
Cell3930	1	17	9	31
Cell3931	1	9	15	26
Cell3932	1	10	31	1
Cell3933	1	7	32	32
Cell3934	1	25	27	11
Cell3935	1	9	15	30
Cell3936	1	13	28	21
Cell3937	1	16	1	8
Cell3938	1	2	6	16
Cell3939	1	8	10	25
Cell3940	1	13	28	21
Cell3941	1	2	30	3
Cell3942	1	13	28	21
Cell3943	1	20	2	17
Cell3944	1	7	32	32
Cell3945	1	5	14	2
Cell3946	1	5	14	3
Cell3947	1	1	11	22
Cell3948	1	16	1	8
Cell3949	1	19	8	12
Cell3950	1	14	5	9
Cell3951	1	25	27	11
Cell3952	1	3	16	5
Cell3953	1	5	14	2
Cell3954	1	20	2	17
Cell3955	1	22	5	30
Cell3956	1	20	2	17
Cell3957	1	19	8	12
Cell3958	1	6	26	27
Cell3959	1	4	18	15
Cell3960	1	14	5	9
Cell3961	1	16	1	8
Cell3962	1	5	14	2
Cell3963	1	19	8	12
Cell3964	1	8	20	25
Cell3965	1	12	3	13
Cell3966	1	3	19	4
Cell3967	1	3	16	5
Cell3968	1	19	8	22
Cell3969	1	5	14	2
Cell3971	1	23	12	24
Cell3972	1	14	5	9
Cell3973	1	7	32	32
Cell3974	1	12	3	13
Cell3975	1	8	10	25
Cell3976	1	10	31	20
Cell3977	1	5	22	4
Cell3978	1	8	20	25
Cell3979	1	24	13	19
Cell3982	1	3	16	5
Cell3983	1	7	32	32
Cell3984	1	16	1	8
Cell3985	1	1	29	4
Cell3986	1	18	4	28
Cell3987	1	10	31	1
Cell3988	1	8	20	25
Cell3989	1	11	17	6
Cell3990	1	11	17	6
Cell3991	1	5	14	2
Cell3992	1	4	18	15
Cell3993	1	4	18	7
Cell3995	1	3	19	22
Cell3996	1	2	30	3
Cell3997	1	8	10	25
Cell3998	1	12	3	13
Cell3999	1	4	18	7
Cell4000	1	13	28	21
