ID	did	seurat_cluster	kmeans_cluster	labels
Cell1	1	11	4	1
Cell2	1	11	4	1
Cell3	1	3	1	3
Cell4	1	3	1	3
Cell5	1	8	4	1
Cell6	1	2	1	3
Cell7	1	5	3	2
Cell8	1	1	2	4
Cell9	1	8	4	1
Cell10	1	10	2	4
Cell11	1	9	3	2
Cell12	1	3	1	3
Cell13	1	3	1	3
Cell14	1	13	1	3
Cell15	1	9	3	2
Cell16	1	8	4	1
Cell18	1	3	1	3
Cell19	1	2	1	3
Cell20	1	13	1	3
Cell21	1	2	1	3
Cell22	1	5	3	2
Cell23	1	1	2	4
Cell24	1	5	3	2
Cell25	1	5	3	2
Cell26	1	13	1	3
Cell27	1	10	2	4
Cell28	1	6	2	4
Cell29	1	2	1	3
Cell30	1	8	4	1
Cell31	1	3	1	3
Cell32	1	5	3	2
Cell33	1	14	3	2
Cell34	1	5	3	2
Cell35	1	3	1	3
Cell36	1	14	3	2
Cell37	1	8	4	1
Cell38	1	9	3	2
Cell39	1	13	1	3
Cell40	1	3	1	3
Cell41	1	8	4	1
Cell42	1	3	1	3
Cell43	1	10	2	4
Cell44	1	12	4	1
Cell45	1	4	4	1
Cell47	1	6	2	4
Cell48	1	8	4	1
Cell49	1	11	4	1
Cell51	1	10	2	4
Cell52	1	6	2	4
Cell53	1	11	4	1
Cell54	1	11	4	1
Cell55	1	4	4	1
Cell56	1	7	3	2
Cell57	1	1	2	4
Cell58	1	6	2	4
Cell59	1	14	3	2
Cell60	1	10	2	4
Cell61	1	6	2	4
Cell64	1	3	1	3
Cell65	1	7	3	2
Cell66	1	5	3	2
Cell67	1	4	4	1
Cell68	1	2	1	3
Cell69	1	9	3	2
Cell70	1	10	2	4
Cell71	1	3	1	3
Cell72	1	7	3	2
Cell73	1	4	4	1
Cell74	1	1	2	4
Cell75	1	3	1	3
Cell76	1	1	2	4
Cell77	1	11	4	1
Cell78	1	1	2	4
Cell79	1	7	3	2
Cell80	1	7	3	2
Cell81	1	6	2	4
Cell82	1	8	4	1
Cell83	1	10	2	4
Cell84	1	2	1	3
Cell85	1	14	3	2
Cell86	1	4	4	1
Cell87	1	10	2	4
Cell89	1	10	2	4
Cell90	1	2	1	3
Cell91	1	8	4	1
Cell92	1	11	4	1
Cell93	1	1	2	4
Cell94	1	12	4	1
Cell95	1	6	2	4
Cell97	1	12	4	1
Cell98	1	10	2	4
Cell99	1	7	3	2
Cell100	1	4	4	1
Cell101	1	12	4	1
Cell102	1	10	2	4
Cell103	1	9	3	2
Cell104	1	5	3	2
Cell105	1	8	4	1
Cell106	1	2	1	3
Cell107	1	7	3	2
Cell108	1	3	1	3
Cell109	1	2	1	3
Cell110	1	9	3	2
Cell111	1	2	1	3
Cell112	1	2	1	3
Cell113	1	13	1	3
Cell114	1	7	3	2
Cell115	1	4	4	1
Cell116	1	10	2	4
Cell117	1	2	1	3
Cell118	1	3	1	3
Cell119	1	12	4	1
Cell120	1	12	4	1
Cell122	1	4	4	1
Cell123	1	3	1	3
Cell124	1	1	2	4
Cell126	1	8	4	1
Cell127	1	6	2	4
Cell128	1	9	3	2
Cell129	1	10	2	4
Cell130	1	8	4	1
Cell131	1	4	4	1
Cell132	1	4	4	1
Cell133	1	3	1	3
Cell134	1	12	4	1
Cell135	1	6	2	4
Cell136	1	8	4	1
Cell139	1	5	3	2
Cell140	1	3	1	3
Cell141	1	2	1	3
Cell142	1	9	3	2
Cell143	1	7	3	2
Cell144	1	7	3	2
Cell145	1	3	1	3
Cell146	1	7	3	2
Cell147	1	2	1	3
Cell148	1	8	4	1
Cell149	1	11	4	1
Cell150	1	5	3	2
Cell151	1	1	2	4
Cell152	1	11	4	1
Cell153	1	1	2	4
Cell154	1	3	1	3
Cell155	1	7	3	2
Cell156	1	13	1	3
Cell157	1	13	1	3
Cell158	1	3	1	3
Cell159	1	7	3	2
Cell160	1	10	2	4
Cell161	1	1	2	4
Cell162	1	5	3	2
Cell163	1	13	1	3
Cell164	1	8	4	1
Cell165	1	3	1	3
Cell166	1	6	2	4
Cell167	1	9	3	2
Cell168	1	9	3	2
Cell169	1	6	2	4
Cell170	1	3	1	3
Cell171	1	1	2	4
Cell173	1	5	3	2
Cell174	1	5	3	2
Cell175	1	13	1	3
Cell176	1	4	4	1
Cell177	1	3	1	3
Cell178	1	6	2	4
Cell179	1	3	1	3
Cell180	1	2	1	3
Cell181	1	11	4	1
Cell182	1	8	4	1
Cell184	1	9	3	2
Cell185	1	1	2	4
Cell186	1	6	2	4
Cell187	1	9	3	2
Cell188	1	7	3	2
Cell189	1	12	4	1
Cell190	1	14	3	2
Cell191	1	2	1	3
Cell192	1	4	4	1
Cell194	1	8	4	1
Cell195	1	12	4	1
Cell196	1	4	4	1
Cell197	1	1	2	4
Cell198	1	10	2	4
Cell199	1	1	2	4
Cell200	1	5	3	2
Cell201	1	8	4	1
Cell202	1	3	1	3
Cell203	1	14	3	2
Cell204	1	5	3	2
Cell205	1	8	4	1
Cell206	1	2	1	3
Cell207	1	7	3	2
Cell208	1	14	3	2
Cell209	1	12	4	1
Cell210	1	6	2	4
Cell211	1	4	4	1
Cell212	1	2	1	3
Cell213	1	3	1	3
Cell214	1	8	4	1
Cell215	1	3	1	3
Cell216	1	1	2	4
Cell217	1	10	2	4
Cell218	1	11	4	1
Cell219	1	7	3	2
Cell220	1	4	4	1
Cell221	1	2	1	3
Cell222	1	3	1	3
Cell223	1	2	1	3
Cell224	1	11	4	1
Cell225	1	9	3	2
Cell226	1	6	2	4
Cell227	1	9	3	2
Cell228	1	10	2	4
Cell229	1	9	3	2
Cell230	1	7	3	2
Cell231	1	9	3	2
Cell232	1	1	2	4
Cell233	1	13	1	3
Cell234	1	9	3	2
Cell235	1	8	4	1
Cell238	1	4	4	1
Cell239	1	14	3	2
Cell240	1	11	4	1
Cell241	1	2	1	3
Cell242	1	3	1	3
Cell243	1	10	2	4
Cell244	1	2	1	3
Cell245	1	10	2	4
Cell246	1	7	3	2
Cell247	1	1	2	4
Cell248	1	7	3	2
Cell249	1	2	1	3
Cell250	1	4	4	1
Cell251	1	9	3	2
Cell252	1	11	4	1
Cell254	1	6	2	4
Cell256	1	2	1	3
Cell257	1	2	1	3
Cell258	1	2	1	3
Cell259	1	1	2	4
Cell260	1	7	3	2
Cell261	1	3	1	3
Cell262	1	1	2	4
Cell263	1	6	2	4
Cell264	1	4	4	1
Cell265	1	6	2	4
Cell266	1	8	4	1
Cell267	1	13	1	3
Cell268	1	11	4	1
Cell269	1	3	1	3
Cell270	1	3	1	3
Cell271	1	2	1	3
Cell272	1	1	2	4
Cell273	1	9	3	2
Cell274	1	8	4	1
Cell275	1	3	1	3
Cell276	1	2	1	3
Cell277	1	11	4	1
Cell278	1	1	2	4
Cell279	1	1	2	4
Cell280	1	12	4	1
Cell281	1	10	2	4
Cell282	1	3	1	3
Cell283	1	1	2	4
Cell284	1	7	3	2
Cell285	1	1	2	4
Cell286	1	4	4	1
Cell287	1	11	4	1
Cell288	1	13	1	3
Cell289	1	6	2	4
Cell290	1	8	4	1
Cell291	1	6	2	4
Cell292	1	6	2	4
Cell293	1	11	4	1
Cell294	1	12	4	1
Cell295	1	1	2	4
Cell296	1	2	1	3
Cell297	1	7	3	2
Cell298	1	5	3	2
Cell299	1	14	3	2
Cell300	1	2	1	3
Cell301	1	4	4	1
Cell302	1	9	3	2
Cell303	1	3	1	3
Cell304	1	7	3	2
Cell305	1	14	3	2
Cell306	1	10	2	4
Cell307	1	4	4	1
Cell308	1	11	4	1
Cell309	1	10	2	4
Cell310	1	1	2	4
Cell311	1	5	3	2
Cell312	1	8	4	1
Cell314	1	3	1	3
Cell315	1	1	2	4
Cell316	1	14	3	2
Cell317	1	10	2	4
Cell318	1	1	2	4
Cell319	1	2	1	3
Cell320	1	11	4	1
Cell321	1	9	3	2
Cell322	1	4	4	1
Cell323	1	11	4	1
Cell324	1	6	2	4
Cell326	1	8	4	1
Cell327	1	4	4	1
Cell329	1	7	3	2
Cell330	1	1	2	4
Cell331	1	4	4	1
Cell332	1	10	2	4
Cell333	1	8	4	1
Cell334	1	10	2	4
Cell335	1	1	2	4
Cell336	1	4	4	1
Cell337	1	4	4	1
Cell338	1	12	4	1
Cell339	1	3	1	3
Cell340	1	12	4	1
Cell341	1	11	4	1
Cell342	1	3	1	3
Cell343	1	10	2	4
Cell344	1	2	1	3
Cell345	1	4	4	1
Cell346	1	6	2	4
Cell348	1	12	4	1
Cell350	1	12	4	1
Cell351	1	11	4	1
Cell352	1	14	3	2
Cell353	1	11	4	1
Cell354	1	13	1	3
Cell355	1	8	4	1
Cell356	1	4	4	1
Cell357	1	6	2	4
Cell358	1	2	1	3
Cell359	1	5	3	2
Cell360	1	10	2	4
Cell361	1	5	3	2
Cell362	1	2	1	3
Cell363	1	4	4	1
Cell364	1	6	2	4
Cell365	1	12	4	1
Cell366	1	4	4	1
Cell367	1	5	3	2
Cell368	1	3	1	3
Cell369	1	1	2	4
Cell370	1	2	1	3
Cell371	1	9	3	2
Cell372	1	7	3	2
Cell373	1	3	1	3
Cell374	1	9	3	2
Cell375	1	13	1	3
Cell376	1	10	2	4
Cell377	1	1	2	4
Cell379	1	6	2	4
Cell380	1	13	1	3
Cell381	1	12	4	1
Cell382	1	2	1	3
Cell383	1	6	2	4
Cell384	1	4	4	1
Cell385	1	9	3	2
Cell386	1	9	3	2
Cell388	1	2	1	3
Cell389	1	10	2	4
Cell390	1	1	2	4
Cell391	1	2	1	3
Cell392	1	9	3	2
Cell393	1	5	3	2
Cell394	1	9	3	2
Cell395	1	2	1	3
Cell396	1	8	4	1
Cell397	1	13	1	3
Cell398	1	11	4	1
Cell399	1	10	2	4
Cell400	1	13	1	3
Cell401	1	11	4	1
Cell402	1	2	1	3
Cell403	1	13	1	3
Cell404	1	2	1	3
Cell405	1	7	3	2
Cell406	1	2	1	3
Cell407	1	10	2	4
Cell408	1	8	4	1
Cell409	1	7	3	2
Cell410	1	9	3	2
Cell411	1	1	2	4
Cell412	1	12	4	1
Cell413	1	9	3	2
Cell414	1	3	1	3
Cell415	1	9	3	2
Cell416	1	2	1	3
Cell417	1	1	2	4
Cell418	1	11	4	1
Cell419	1	12	4	1
Cell420	1	11	4	1
Cell421	1	6	2	4
Cell422	1	2	1	3
Cell423	1	5	3	2
Cell424	1	5	3	2
Cell425	1	11	4	1
Cell426	1	9	3	2
Cell427	1	4	4	1
Cell428	1	2	1	3
Cell429	1	14	3	2
Cell430	1	4	4	1
Cell431	1	7	3	2
Cell432	1	9	3	2
Cell433	1	2	1	3
Cell434	1	1	2	4
Cell435	1	1	2	4
Cell436	1	10	2	4
Cell437	1	3	1	3
Cell438	1	4	4	1
Cell439	1	1	2	4
Cell440	1	1	2	4
Cell442	1	7	3	2
Cell443	1	5	3	2
Cell444	1	7	3	2
Cell445	1	5	3	2
Cell447	1	8	4	1
Cell448	1	4	4	1
Cell449	1	2	1	3
Cell450	1	12	4	1
Cell452	1	8	4	1
Cell453	1	12	4	1
Cell454	1	4	4	1
Cell455	1	8	4	1
Cell456	1	4	4	1
Cell457	1	2	1	3
Cell458	1	1	2	4
Cell459	1	5	3	2
Cell460	1	9	3	2
Cell461	1	1	2	4
Cell462	1	3	1	3
Cell463	1	8	4	1
Cell464	1	5	3	2
Cell465	1	5	3	2
Cell466	1	12	4	1
Cell468	1	11	4	1
Cell469	1	1	2	4
Cell470	1	4	4	1
Cell472	1	9	3	2
Cell473	1	5	3	2
Cell474	1	5	3	2
Cell475	1	14	3	2
Cell476	1	2	1	3
Cell477	1	6	2	4
Cell478	1	3	1	3
Cell479	1	10	2	4
Cell480	1	1	2	4
Cell481	1	5	3	2
Cell482	1	13	1	3
Cell483	1	1	2	4
Cell484	1	1	2	4
Cell485	1	3	1	3
Cell486	1	4	4	1
Cell487	1	12	4	1
Cell488	1	8	4	1
Cell489	1	3	1	3
Cell490	1	4	4	1
Cell491	1	12	4	1
Cell492	1	10	2	4
Cell493	1	2	1	3
Cell494	1	6	2	4
Cell495	1	10	2	4
Cell496	1	5	3	2
Cell497	1	12	4	1
Cell498	1	14	3	2
Cell499	1	4	4	1
Cell500	1	3	1	3
Cell501	1	2	1	3
Cell502	1	6	2	4
Cell503	1	3	1	3
Cell504	1	3	1	3
Cell505	1	6	2	4
Cell506	1	11	4	1
Cell507	1	12	4	1
Cell508	1	10	2	4
Cell509	1	1	2	4
Cell510	1	4	4	1
Cell512	1	12	4	1
Cell513	1	7	3	2
Cell514	1	2	1	3
Cell515	1	8	4	1
Cell516	1	8	4	1
Cell517	1	2	1	3
Cell518	1	12	4	1
Cell519	1	2	1	3
Cell520	1	1	2	4
Cell521	1	7	3	2
Cell522	1	5	3	2
Cell523	1	6	2	4
Cell524	1	14	3	2
Cell525	1	7	3	2
Cell526	1	1	2	4
Cell528	1	3	1	3
Cell529	1	5	3	2
Cell530	1	12	4	1
Cell531	1	1	2	4
Cell532	1	6	2	4
Cell533	1	8	4	1
Cell534	1	11	4	1
Cell535	1	14	3	2
Cell537	1	14	3	2
Cell538	1	10	2	4
Cell539	1	1	2	4
Cell540	1	12	4	1
Cell541	1	2	1	3
Cell543	1	14	3	2
Cell544	1	7	3	2
Cell545	1	5	3	2
Cell546	1	2	1	3
Cell547	1	6	2	4
Cell548	1	5	3	2
Cell549	1	5	3	2
Cell550	1	10	2	4
Cell551	1	3	1	3
Cell552	1	2	1	3
Cell553	1	1	2	4
Cell554	1	5	3	2
Cell555	1	14	3	2
Cell556	1	4	4	1
Cell557	1	9	3	2
Cell558	1	6	2	4
Cell559	1	11	4	1
Cell560	1	4	4	1
Cell561	1	6	2	4
Cell562	1	9	3	2
Cell563	1	11	4	1
Cell564	1	6	2	4
Cell565	1	2	1	3
Cell566	1	6	2	4
Cell567	1	9	3	2
Cell568	1	10	2	4
Cell569	1	1	2	4
Cell570	1	12	4	1
Cell571	1	7	3	2
Cell572	1	3	1	3
Cell573	1	7	3	2
Cell574	1	2	1	3
Cell575	1	7	3	2
Cell576	1	13	1	3
Cell577	1	9	3	2
Cell578	1	1	2	4
Cell580	1	7	3	2
Cell582	1	11	4	1
Cell583	1	3	1	3
Cell584	1	3	1	3
Cell585	1	2	1	3
Cell586	1	9	3	2
Cell587	1	10	2	4
Cell588	1	3	1	3
Cell589	1	11	4	1
Cell590	1	5	3	2
Cell591	1	10	2	4
Cell592	1	2	1	3
Cell593	1	2	1	3
Cell595	1	1	2	4
Cell596	1	8	4	1
Cell597	1	1	2	4
Cell598	1	2	1	3
Cell599	1	11	4	1
Cell600	1	4	4	1
Cell601	1	6	2	4
Cell602	1	9	3	2
Cell603	1	4	4	1
Cell604	1	11	4	1
Cell606	1	9	3	2
Cell607	1	4	4	1
Cell608	1	1	2	4
Cell609	1	10	2	4
Cell610	1	12	4	1
Cell611	1	7	3	2
Cell612	1	1	2	4
Cell613	1	7	3	2
Cell614	1	7	3	2
Cell615	1	6	2	4
Cell616	1	7	3	2
Cell618	1	2	1	3
Cell619	1	4	4	1
Cell620	1	12	4	1
Cell621	1	5	3	2
Cell622	1	6	2	4
Cell623	1	6	2	4
Cell624	1	6	2	4
Cell626	1	13	1	3
Cell627	1	6	2	4
Cell628	1	9	3	2
Cell629	1	4	4	1
Cell630	1	6	2	4
Cell631	1	4	4	1
Cell633	1	3	1	3
Cell635	1	10	2	4
Cell636	1	2	1	3
Cell637	1	10	2	4
Cell638	1	11	4	1
Cell639	1	1	2	4
Cell640	1	7	3	2
Cell641	1	5	3	2
Cell642	1	1	2	4
Cell643	1	3	1	3
Cell644	1	10	2	4
Cell645	1	2	1	3
Cell646	1	5	3	2
Cell647	1	6	2	4
Cell648	1	5	3	2
Cell649	1	3	1	3
Cell650	1	8	4	1
Cell651	1	9	3	2
Cell652	1	1	2	4
Cell653	1	2	1	3
Cell654	1	7	3	2
Cell655	1	9	3	2
Cell656	1	12	4	1
Cell657	1	1	2	4
Cell658	1	5	3	2
Cell659	1	2	1	3
Cell661	1	7	3	2
Cell662	1	2	1	3
Cell663	1	1	2	4
Cell664	1	7	3	2
Cell665	1	11	4	1
Cell666	1	4	4	1
Cell667	1	6	2	4
Cell668	1	9	3	2
Cell669	1	10	2	4
Cell670	1	3	1	3
Cell671	1	1	2	4
Cell672	1	8	4	1
Cell673	1	6	2	4
Cell674	1	3	1	3
Cell675	1	6	2	4
Cell676	1	2	1	3
Cell677	1	7	3	2
Cell678	1	5	3	2
Cell679	1	13	1	3
Cell680	1	2	1	3
Cell681	1	1	2	4
Cell682	1	1	2	4
Cell683	1	10	2	4
Cell684	1	3	1	3
Cell685	1	3	1	3
Cell686	1	5	3	2
Cell687	1	10	2	4
Cell688	1	4	4	1
Cell689	1	9	3	2
Cell690	1	4	4	1
Cell691	1	1	2	4
Cell692	1	7	3	2
Cell693	1	5	3	2
Cell694	1	1	2	4
Cell695	1	1	2	4
Cell696	1	12	4	1
Cell697	1	1	2	4
Cell698	1	2	1	3
Cell699	1	5	3	2
Cell700	1	7	3	2
Cell701	1	9	3	2
Cell702	1	1	2	4
Cell703	1	6	2	4
Cell704	1	10	2	4
Cell705	1	13	1	3
Cell706	1	8	4	1
Cell707	1	4	4	1
Cell708	1	7	3	2
Cell709	1	7	3	2
Cell710	1	9	3	2
Cell711	1	7	3	2
Cell712	1	7	3	2
Cell713	1	11	4	1
Cell714	1	1	2	4
Cell715	1	6	2	4
Cell716	1	7	3	2
Cell717	1	3	1	3
Cell718	1	6	2	4
Cell719	1	5	3	2
Cell720	1	3	1	3
Cell721	1	7	3	2
Cell722	1	6	2	4
Cell723	1	7	3	2
Cell724	1	1	2	4
Cell725	1	4	4	1
Cell726	1	1	2	4
Cell727	1	4	4	1
Cell728	1	1	2	4
Cell729	1	3	1	3
Cell730	1	5	3	2
Cell731	1	3	1	3
Cell732	1	2	1	3
Cell735	1	9	3	2
Cell736	1	8	4	1
Cell737	1	4	4	1
Cell738	1	4	4	1
Cell739	1	7	3	2
Cell740	1	5	3	2
Cell741	1	1	2	4
Cell742	1	2	1	3
Cell743	1	6	2	4
Cell744	1	1	2	4
Cell745	1	6	2	4
Cell746	1	3	1	3
Cell747	1	4	4	1
Cell748	1	2	1	3
Cell749	1	2	1	3
Cell750	1	6	2	4
Cell751	1	5	3	2
Cell752	1	1	2	4
Cell753	1	2	1	3
Cell754	1	4	4	1
Cell755	1	1	2	4
Cell756	1	5	3	2
Cell757	1	5	3	2
Cell758	1	12	4	1
Cell759	1	1	2	4
Cell760	1	3	1	3
Cell761	1	2	1	3
Cell762	1	10	2	4
Cell763	1	11	4	1
Cell764	1	10	2	4
Cell765	1	10	2	4
Cell766	1	2	1	3
Cell767	1	10	2	4
Cell768	1	4	4	1
Cell769	1	4	4	1
Cell770	1	8	4	1
Cell771	1	12	4	1
Cell772	1	6	2	4
Cell773	1	9	3	2
Cell774	1	2	1	3
Cell775	1	8	4	1
Cell776	1	2	1	3
Cell777	1	2	1	3
Cell778	1	10	2	4
Cell779	1	11	4	1
Cell780	1	6	2	4
Cell781	1	1	2	4
Cell782	1	2	1	3
Cell783	1	11	4	1
Cell784	1	1	2	4
Cell785	1	7	3	2
Cell787	1	8	4	1
Cell788	1	3	1	3
Cell789	1	12	4	1
Cell790	1	1	2	4
Cell791	1	1	2	4
Cell792	1	3	1	3
Cell793	1	5	3	2
Cell794	1	9	3	2
Cell795	1	9	3	2
Cell797	1	8	4	1
Cell798	1	4	4	1
Cell799	1	1	2	4
Cell800	1	6	2	4
Cell801	1	2	1	3
Cell802	1	9	3	2
Cell803	1	7	3	2
Cell804	1	12	4	1
Cell805	1	1	2	4
Cell806	1	1	2	4
Cell807	1	2	1	3
Cell808	1	9	3	2
Cell810	1	4	4	1
Cell811	1	13	1	3
Cell812	1	13	1	3
Cell813	1	6	2	4
Cell814	1	1	2	4
Cell815	1	2	1	3
Cell816	1	10	2	4
Cell817	1	10	2	4
Cell818	1	2	1	3
Cell819	1	6	2	4
Cell820	1	11	4	1
Cell821	1	14	3	2
Cell822	1	14	3	2
Cell823	1	7	3	2
Cell824	1	10	2	4
Cell825	1	3	1	3
Cell826	1	9	3	2
Cell827	1	5	3	2
Cell828	1	3	1	3
Cell829	1	10	2	4
Cell830	1	12	4	1
Cell831	1	6	2	4
Cell832	1	10	2	4
Cell833	1	10	2	4
Cell835	1	7	3	2
Cell836	1	13	1	3
Cell838	1	9	3	2
Cell839	1	12	4	1
Cell840	1	5	3	2
Cell841	1	9	3	2
Cell842	1	1	2	4
Cell843	1	14	3	2
Cell844	1	8	4	1
Cell845	1	8	4	1
Cell846	1	11	4	1
Cell847	1	12	4	1
Cell848	1	5	3	2
Cell849	1	6	2	4
Cell850	1	3	1	3
Cell851	1	2	1	3
Cell852	1	8	4	1
Cell853	1	8	4	1
Cell854	1	6	2	4
Cell855	1	12	4	1
Cell856	1	8	4	1
Cell857	1	9	3	2
Cell858	1	3	1	3
Cell859	1	3	1	3
Cell860	1	5	3	2
Cell861	1	3	1	3
Cell862	1	3	1	3
Cell863	1	4	4	1
Cell864	1	4	4	1
Cell865	1	10	2	4
Cell866	1	10	2	4
Cell867	1	8	4	1
Cell868	1	1	2	4
Cell869	1	3	1	3
Cell870	1	4	4	1
Cell871	1	1	2	4
Cell872	1	8	4	1
Cell873	1	2	1	3
Cell874	1	10	2	4
Cell875	1	13	1	3
Cell876	1	6	2	4
Cell877	1	5	3	2
Cell878	1	7	3	2
Cell879	1	8	4	1
Cell880	1	2	1	3
Cell881	1	10	2	4
Cell883	1	11	4	1
Cell884	1	9	3	2
Cell885	1	1	2	4
Cell886	1	3	1	3
Cell887	1	8	4	1
Cell888	1	14	3	2
Cell889	1	9	3	2
Cell890	1	14	3	2
Cell891	1	6	2	4
Cell892	1	13	1	3
Cell893	1	7	3	2
Cell894	1	8	4	1
Cell895	1	11	4	1
Cell896	1	2	1	3
Cell897	1	12	4	1
Cell898	1	4	4	1
Cell899	1	9	3	2
Cell900	1	10	2	4
Cell901	1	1	2	4
Cell902	1	3	1	3
Cell903	1	12	4	1
Cell904	1	7	3	2
Cell905	1	6	2	4
Cell906	1	1	2	4
Cell907	1	7	3	2
Cell908	1	4	4	1
Cell909	1	7	3	2
Cell912	1	7	3	2
Cell913	1	11	4	1
Cell914	1	8	4	1
Cell915	1	3	1	3
Cell916	1	10	2	4
Cell917	1	4	4	1
Cell918	1	11	4	1
Cell919	1	14	3	2
Cell921	1	7	3	2
Cell922	1	14	3	2
Cell923	1	4	4	1
Cell924	1	12	4	1
Cell925	1	5	3	2
Cell926	1	10	2	4
Cell927	1	8	4	1
Cell928	1	8	4	1
Cell929	1	10	2	4
Cell930	1	13	1	3
Cell931	1	4	4	1
Cell932	1	3	1	3
Cell933	1	12	4	1
Cell934	1	9	3	2
Cell936	1	2	1	3
Cell937	1	13	1	3
Cell938	1	11	4	1
Cell939	1	1	2	4
Cell940	1	12	4	1
Cell941	1	1	2	4
Cell942	1	13	1	3
Cell943	1	5	3	2
Cell944	1	9	3	2
Cell945	1	2	1	3
Cell946	1	14	3	2
Cell947	1	2	1	3
Cell948	1	9	3	2
Cell949	1	7	3	2
Cell950	1	5	3	2
Cell951	1	8	4	1
Cell952	1	7	3	2
Cell953	1	8	4	1
Cell955	1	2	1	3
Cell956	1	13	1	3
Cell958	1	2	1	3
Cell959	1	2	1	3
Cell960	1	3	1	3
Cell961	1	1	2	4
Cell962	1	5	3	2
Cell964	1	2	1	3
Cell965	1	11	4	1
Cell966	1	8	4	1
Cell968	1	4	4	1
Cell969	1	3	1	3
Cell970	1	7	3	2
Cell971	1	2	1	3
Cell972	1	2	1	3
Cell973	1	7	3	2
Cell974	1	1	2	4
Cell975	1	8	4	1
Cell976	1	6	2	4
Cell977	1	5	3	2
Cell978	1	2	1	3
Cell979	1	10	2	4
Cell980	1	9	3	2
Cell981	1	13	1	3
Cell982	1	5	3	2
Cell983	1	12	4	1
Cell984	1	13	1	3
Cell985	1	1	2	4
Cell986	1	4	4	1
Cell987	1	4	4	1
Cell988	1	6	2	4
Cell989	1	1	2	4
Cell990	1	8	4	1
Cell991	1	1	2	4
Cell992	1	2	1	3
Cell993	1	2	1	3
Cell994	1	12	4	1
Cell995	1	9	3	2
Cell996	1	11	4	1
Cell997	1	14	3	2
Cell998	1	1	2	4
Cell999	1	3	1	3
Cell1000	1	7	3	2
Cell1001	1	5	3	2
Cell1002	1	8	4	1
Cell1003	1	11	4	1
Cell1004	1	3	1	3
Cell1005	1	2	1	3
Cell1006	1	12	4	1
Cell1007	1	2	1	3
Cell1008	1	9	3	2
Cell1009	1	7	3	2
Cell1010	1	4	4	1
Cell1011	1	11	4	1
Cell1012	1	5	3	2
Cell1013	1	10	2	4
Cell1014	1	5	3	2
Cell1015	1	2	1	3
Cell1016	1	2	1	3
Cell1017	1	3	1	3
Cell1018	1	1	2	4
Cell1019	1	1	2	4
Cell1020	1	4	4	1
Cell1021	1	11	4	1
Cell1022	1	6	2	4
Cell1023	1	7	3	2
Cell1024	1	10	2	4
Cell1025	1	4	4	1
Cell1026	1	11	4	1
Cell1027	1	12	4	1
Cell1028	1	2	1	3
Cell1029	1	3	1	3
Cell1030	1	14	3	2
Cell1031	1	4	4	1
Cell1032	1	11	4	1
Cell1033	1	10	2	4
Cell1034	1	12	4	1
Cell1035	1	3	1	3
Cell1036	1	1	2	4
Cell1037	1	11	4	1
Cell1038	1	4	4	1
Cell1039	1	10	2	4
Cell1040	1	2	1	3
Cell1041	1	3	1	3
Cell1042	1	5	3	2
Cell1043	1	7	3	2
Cell1044	1	3	1	3
Cell1045	1	7	3	2
Cell1046	1	2	1	3
Cell1047	1	7	3	2
Cell1048	1	2	1	3
Cell1049	1	6	2	4
Cell1050	1	8	4	1
Cell1051	1	3	1	3
Cell1053	1	4	4	1
Cell1054	1	5	3	2
Cell1055	1	3	1	3
Cell1056	1	8	4	1
Cell1057	1	12	4	1
Cell1058	1	12	4	1
Cell1059	1	12	4	1
Cell1060	1	11	4	1
Cell1061	1	9	3	2
Cell1062	1	6	2	4
Cell1063	1	7	3	2
Cell1064	1	8	4	1
Cell1065	1	10	2	4
Cell1066	1	2	1	3
Cell1067	1	13	1	3
Cell1068	1	6	2	4
Cell1069	1	7	3	2
Cell1070	1	9	3	2
Cell1071	1	10	2	4
Cell1072	1	11	4	1
Cell1073	1	2	1	3
Cell1074	1	3	1	3
Cell1075	1	8	4	1
Cell1076	1	8	4	1
Cell1077	1	8	4	1
Cell1078	1	11	4	1
Cell1079	1	3	1	3
Cell1080	1	9	3	2
Cell1081	1	4	4	1
Cell1082	1	4	4	1
Cell1083	1	7	3	2
Cell1084	1	3	1	3
Cell1085	1	13	1	3
Cell1086	1	5	3	2
Cell1087	1	2	1	3
Cell1088	1	5	3	2
Cell1089	1	3	1	3
Cell1090	1	2	1	3
Cell1091	1	3	1	3
Cell1092	1	5	3	2
Cell1093	1	11	4	1
Cell1094	1	11	4	1
Cell1095	1	5	3	2
Cell1097	1	11	4	1
Cell1098	1	9	3	2
Cell1099	1	2	1	3
Cell1100	1	9	3	2
Cell1101	1	6	2	4
Cell1102	1	7	3	2
Cell1103	1	3	1	3
Cell1104	1	10	2	4
Cell1105	1	7	3	2
Cell1106	1	6	2	4
Cell1107	1	5	3	2
Cell1108	1	13	1	3
Cell1109	1	10	2	4
Cell1110	1	13	1	3
Cell1111	1	11	4	1
Cell1112	1	2	1	3
Cell1113	1	7	3	2
Cell1114	1	5	3	2
Cell1115	1	3	1	3
Cell1116	1	1	2	4
Cell1119	1	2	1	3
Cell1120	1	6	2	4
Cell1121	1	2	1	3
Cell1122	1	7	3	2
Cell1123	1	7	3	2
Cell1124	1	5	3	2
Cell1125	1	2	1	3
Cell1126	1	5	3	2
Cell1127	1	5	3	2
Cell1128	1	7	3	2
Cell1129	1	11	4	1
Cell1130	1	10	2	4
Cell1131	1	9	3	2
Cell1132	1	7	3	2
Cell1133	1	7	3	2
Cell1134	1	5	3	2
Cell1135	1	2	1	3
Cell1136	1	14	3	2
Cell1137	1	5	3	2
Cell1138	1	2	1	3
Cell1139	1	7	3	2
Cell1140	1	7	3	2
Cell1141	1	6	2	4
Cell1142	1	1	2	4
Cell1143	1	1	2	4
Cell1144	1	5	3	2
Cell1145	1	1	2	4
Cell1146	1	4	4	1
Cell1147	1	2	1	3
Cell1148	1	8	4	1
Cell1150	1	6	2	4
Cell1151	1	13	1	3
Cell1152	1	6	2	4
Cell1153	1	12	4	1
Cell1154	1	8	4	1
Cell1156	1	1	2	4
Cell1157	1	9	3	2
Cell1160	1	8	4	1
Cell1161	1	10	2	4
Cell1162	1	11	4	1
Cell1163	1	6	2	4
Cell1164	1	1	2	4
Cell1165	1	6	2	4
Cell1166	1	10	2	4
Cell1167	1	11	4	1
Cell1168	1	7	3	2
Cell1169	1	2	1	3
Cell1170	1	1	2	4
Cell1171	1	1	2	4
Cell1172	1	5	3	2
Cell1173	1	4	4	1
Cell1174	1	8	4	1
Cell1175	1	12	4	1
Cell1176	1	7	3	2
Cell1177	1	1	2	4
Cell1178	1	9	3	2
Cell1179	1	6	2	4
Cell1180	1	2	1	3
Cell1181	1	2	1	3
Cell1183	1	9	3	2
Cell1184	1	10	2	4
Cell1185	1	6	2	4
Cell1186	1	10	2	4
Cell1187	1	3	1	3
Cell1188	1	1	2	4
Cell1189	1	12	4	1
Cell1190	1	3	1	3
Cell1191	1	2	1	3
Cell1192	1	9	3	2
Cell1193	1	7	3	2
Cell1194	1	11	4	1
Cell1195	1	10	2	4
Cell1196	1	5	3	2
Cell1197	1	6	2	4
Cell1198	1	1	2	4
Cell1199	1	1	2	4
Cell1200	1	5	3	2
Cell1201	1	8	4	1
Cell1202	1	3	1	3
Cell1203	1	1	2	4
Cell1204	1	7	3	2
Cell1205	1	4	4	1
Cell1206	1	8	4	1
Cell1207	1	11	4	1
Cell1208	1	9	3	2
Cell1209	1	9	3	2
Cell1210	1	2	1	3
Cell1211	1	5	3	2
Cell1212	1	3	1	3
Cell1213	1	11	4	1
Cell1215	1	2	1	3
Cell1216	1	2	1	3
Cell1217	1	7	3	2
Cell1218	1	13	1	3
Cell1219	1	10	2	4
Cell1220	1	1	2	4
Cell1221	1	6	2	4
Cell1222	1	12	4	1
Cell1223	1	6	2	4
Cell1224	1	5	3	2
Cell1225	1	6	2	4
Cell1226	1	1	2	4
Cell1227	1	1	2	4
Cell1228	1	10	2	4
Cell1229	1	3	1	3
Cell1230	1	6	2	4
Cell1231	1	8	4	1
Cell1232	1	2	1	3
Cell1233	1	6	2	4
Cell1234	1	2	1	3
Cell1235	1	4	4	1
Cell1236	1	6	2	4
Cell1237	1	5	3	2
Cell1239	1	8	4	1
Cell1240	1	1	2	4
Cell1241	1	4	4	1
Cell1242	1	11	4	1
Cell1243	1	1	2	4
Cell1244	1	2	1	3
Cell1245	1	8	4	1
Cell1247	1	4	4	1
Cell1248	1	2	1	3
Cell1249	1	12	4	1
Cell1250	1	7	3	2
Cell1251	1	10	2	4
Cell1252	1	9	3	2
Cell1253	1	3	1	3
Cell1254	1	6	2	4
Cell1255	1	10	2	4
Cell1256	1	6	2	4
Cell1257	1	11	4	1
Cell1258	1	5	3	2
Cell1259	1	3	1	3
Cell1260	1	6	2	4
Cell1261	1	8	4	1
Cell1262	1	7	3	2
Cell1263	1	12	4	1
Cell1264	1	5	3	2
Cell1265	1	5	3	2
Cell1266	1	5	3	2
Cell1267	1	11	4	1
Cell1268	1	4	4	1
Cell1269	1	10	2	4
Cell1270	1	8	4	1
Cell1271	1	9	3	2
Cell1272	1	3	1	3
Cell1273	1	3	1	3
Cell1274	1	10	2	4
Cell1275	1	5	3	2
Cell1276	1	9	3	2
Cell1277	1	5	3	2
Cell1278	1	11	4	1
Cell1279	1	7	3	2
Cell1280	1	5	3	2
Cell1281	1	7	3	2
Cell1282	1	14	3	2
Cell1283	1	3	1	3
Cell1284	1	8	4	1
Cell1285	1	12	4	1
Cell1286	1	14	3	2
Cell1287	1	11	4	1
Cell1288	1	1	2	4
Cell1289	1	5	3	2
Cell1290	1	8	4	1
Cell1291	1	3	1	3
Cell1292	1	14	3	2
Cell1293	1	11	4	1
Cell1294	1	6	2	4
Cell1295	1	12	4	1
Cell1296	1	1	2	4
Cell1297	1	8	4	1
Cell1298	1	2	1	3
Cell1299	1	2	1	3
Cell1300	1	1	2	4
Cell1301	1	9	3	2
Cell1302	1	1	2	4
Cell1303	1	13	1	3
Cell1304	1	2	1	3
Cell1305	1	2	1	3
Cell1306	1	2	1	3
Cell1307	1	10	2	4
Cell1308	1	13	1	3
Cell1309	1	8	4	1
Cell1310	1	11	4	1
Cell1311	1	12	4	1
Cell1312	1	1	2	4
Cell1313	1	14	3	2
Cell1314	1	1	2	4
Cell1315	1	3	1	3
Cell1316	1	12	4	1
Cell1317	1	9	3	2
Cell1318	1	6	2	4
Cell1319	1	8	4	1
Cell1320	1	6	2	4
Cell1321	1	9	3	2
Cell1322	1	7	3	2
Cell1323	1	1	2	4
Cell1324	1	10	2	4
Cell1325	1	7	3	2
Cell1326	1	6	2	4
Cell1327	1	1	2	4
Cell1328	1	3	1	3
Cell1329	1	5	3	2
Cell1330	1	9	3	2
Cell1331	1	10	2	4
Cell1332	1	8	4	1
Cell1333	1	5	3	2
Cell1334	1	12	4	1
Cell1335	1	2	1	3
Cell1336	1	5	3	2
Cell1337	1	4	4	1
Cell1338	1	8	4	1
Cell1339	1	2	1	3
Cell1340	1	3	1	3
Cell1341	1	14	3	2
Cell1342	1	10	2	4
Cell1343	1	2	1	3
Cell1344	1	2	1	3
Cell1345	1	10	2	4
Cell1346	1	11	4	1
Cell1347	1	11	4	1
Cell1348	1	2	1	3
Cell1349	1	2	1	3
Cell1350	1	11	4	1
Cell1351	1	3	1	3
Cell1353	1	6	2	4
Cell1354	1	3	1	3
Cell1355	1	4	4	1
Cell1356	1	3	1	3
Cell1357	1	2	1	3
Cell1358	1	6	2	4
Cell1359	1	8	4	1
Cell1360	1	8	4	1
Cell1361	1	9	3	2
Cell1362	1	2	1	3
Cell1363	1	5	3	2
Cell1364	1	2	1	3
Cell1365	1	9	3	2
Cell1366	1	6	2	4
Cell1367	1	6	2	4
Cell1368	1	9	3	2
Cell1369	1	13	1	3
Cell1370	1	9	3	2
Cell1371	1	4	4	1
Cell1372	1	14	3	2
Cell1373	1	2	1	3
Cell1374	1	1	2	4
Cell1375	1	3	1	3
Cell1377	1	2	1	3
Cell1378	1	2	1	3
Cell1379	1	4	4	1
Cell1380	1	12	4	1
Cell1381	1	2	1	3
Cell1382	1	11	4	1
Cell1383	1	9	3	2
Cell1384	1	4	4	1
Cell1385	1	4	4	1
Cell1386	1	2	1	3
Cell1387	1	5	3	2
Cell1388	1	12	4	1
Cell1389	1	9	3	2
Cell1390	1	3	1	3
Cell1391	1	6	2	4
Cell1392	1	4	4	1
Cell1393	1	6	2	4
Cell1394	1	6	2	4
Cell1395	1	12	4	1
Cell1396	1	4	4	1
Cell1397	1	7	3	2
Cell1398	1	5	3	2
Cell1399	1	10	2	4
Cell1400	1	8	4	1
Cell1401	1	4	4	1
Cell1402	1	2	1	3
Cell1403	1	14	3	2
Cell1404	1	2	1	3
Cell1406	1	13	1	3
Cell1407	1	1	2	4
Cell1408	1	4	4	1
Cell1409	1	13	1	3
Cell1410	1	10	2	4
Cell1411	1	11	4	1
Cell1412	1	6	2	4
Cell1413	1	9	3	2
Cell1414	1	2	1	3
Cell1415	1	2	1	3
Cell1416	1	8	4	1
Cell1417	1	8	4	1
Cell1418	1	2	1	3
Cell1419	1	12	4	1
Cell1420	1	1	2	4
Cell1421	1	2	1	3
Cell1422	1	3	1	3
Cell1423	1	12	4	1
Cell1424	1	9	3	2
Cell1425	1	5	3	2
Cell1426	1	2	1	3
Cell1427	1	9	3	2
Cell1428	1	2	1	3
Cell1429	1	12	4	1
Cell1430	1	9	3	2
Cell1431	1	6	2	4
Cell1432	1	5	3	2
Cell1433	1	4	4	1
Cell1434	1	3	1	3
Cell1435	1	10	2	4
Cell1436	1	11	4	1
Cell1437	1	7	3	2
Cell1438	1	3	1	3
Cell1439	1	1	2	4
Cell1440	1	8	4	1
Cell1441	1	2	1	3
Cell1442	1	12	4	1
Cell1443	1	7	3	2
Cell1444	1	12	4	1
Cell1445	1	2	1	3
Cell1446	1	4	4	1
Cell1447	1	14	3	2
Cell1448	1	12	4	1
Cell1449	1	8	4	1
Cell1450	1	1	2	4
Cell1451	1	1	2	4
Cell1452	1	3	1	3
Cell1453	1	6	2	4
Cell1454	1	1	2	4
Cell1455	1	4	4	1
Cell1456	1	10	2	4
Cell1457	1	1	2	4
Cell1458	1	1	2	4
Cell1459	1	9	3	2
Cell1460	1	3	1	3
Cell1461	1	1	2	4
Cell1462	1	1	2	4
Cell1463	1	6	2	4
Cell1465	1	4	4	1
Cell1466	1	6	2	4
Cell1467	1	13	1	3
Cell1468	1	6	2	4
Cell1469	1	1	2	4
Cell1470	1	10	2	4
Cell1471	1	1	2	4
Cell1472	1	8	4	1
Cell1473	1	11	4	1
Cell1474	1	5	3	2
Cell1475	1	5	3	2
Cell1476	1	6	2	4
Cell1477	1	1	2	4
Cell1478	1	4	4	1
Cell1479	1	6	2	4
Cell1480	1	3	1	3
Cell1481	1	9	3	2
Cell1482	1	8	4	1
Cell1483	1	7	3	2
Cell1484	1	14	3	2
Cell1485	1	1	2	4
Cell1486	1	6	2	4
Cell1487	1	11	4	1
Cell1488	1	10	2	4
Cell1489	1	3	1	3
Cell1490	1	11	4	1
Cell1491	1	9	3	2
Cell1492	1	8	4	1
Cell1493	1	7	3	2
Cell1494	1	2	1	3
Cell1495	1	4	4	1
Cell1496	1	10	2	4
Cell1497	1	8	4	1
Cell1498	1	13	1	3
Cell1499	1	10	2	4
Cell1500	1	3	1	3
Cell1501	1	12	4	1
Cell1502	1	3	1	3
Cell1503	1	5	3	2
Cell1504	1	13	1	3
Cell1505	1	5	3	2
Cell1506	1	10	2	4
Cell1507	1	2	1	3
Cell1508	1	8	4	1
Cell1509	1	5	3	2
Cell1510	1	9	3	2
Cell1511	1	9	3	2
Cell1512	1	2	1	3
Cell1513	1	8	4	1
Cell1514	1	9	3	2
Cell1515	1	11	4	1
Cell1516	1	8	4	1
Cell1517	1	7	3	2
Cell1518	1	10	2	4
Cell1519	1	3	1	3
Cell1520	1	12	4	1
Cell1521	1	5	3	2
Cell1522	1	2	1	3
Cell1523	1	8	4	1
Cell1524	1	6	2	4
Cell1525	1	1	2	4
Cell1526	1	2	1	3
Cell1527	1	14	3	2
Cell1528	1	6	2	4
Cell1529	1	3	1	3
Cell1530	1	6	2	4
Cell1531	1	6	2	4
Cell1532	1	11	4	1
Cell1533	1	10	2	4
Cell1534	1	6	2	4
Cell1535	1	4	4	1
Cell1537	1	2	1	3
Cell1538	1	1	2	4
Cell1539	1	14	3	2
Cell1540	1	11	4	1
Cell1541	1	8	4	1
Cell1542	1	10	2	4
Cell1543	1	7	3	2
Cell1544	1	9	3	2
Cell1545	1	1	2	4
Cell1546	1	9	3	2
Cell1547	1	1	2	4
Cell1548	1	5	3	2
Cell1549	1	3	1	3
Cell1550	1	2	1	3
Cell1551	1	3	1	3
Cell1552	1	2	1	3
Cell1553	1	3	1	3
Cell1554	1	10	2	4
Cell1555	1	14	3	2
Cell1556	1	7	3	2
Cell1557	1	1	2	4
Cell1558	1	5	3	2
Cell1559	1	5	3	2
Cell1560	1	2	1	3
Cell1561	1	3	1	3
Cell1562	1	9	3	2
Cell1563	1	14	3	2
Cell1564	1	2	1	3
Cell1565	1	11	4	1
Cell1566	1	6	2	4
Cell1567	1	5	3	2
Cell1568	1	8	4	1
Cell1569	1	5	3	2
Cell1570	1	12	4	1
Cell1571	1	1	2	4
Cell1572	1	10	2	4
Cell1573	1	8	4	1
Cell1574	1	6	2	4
Cell1575	1	1	2	4
Cell1576	1	8	4	1
Cell1578	1	3	1	3
Cell1579	1	12	4	1
Cell1580	1	7	3	2
Cell1581	1	10	2	4
Cell1582	1	3	1	3
Cell1583	1	14	3	2
Cell1584	1	1	2	4
Cell1585	1	5	3	2
Cell1586	1	13	1	3
Cell1587	1	11	4	1
Cell1588	1	5	3	2
Cell1589	1	13	1	3
Cell1590	1	10	2	4
Cell1591	1	12	4	1
Cell1592	1	10	2	4
Cell1593	1	6	2	4
Cell1594	1	11	4	1
Cell1595	1	3	1	3
Cell1596	1	5	3	2
Cell1597	1	7	3	2
Cell1598	1	2	1	3
Cell1599	1	5	3	2
Cell1600	1	12	4	1
Cell1601	1	1	2	4
Cell1602	1	3	1	3
Cell1603	1	6	2	4
Cell1604	1	3	1	3
Cell1605	1	1	2	4
Cell1606	1	8	4	1
Cell1607	1	5	3	2
Cell1608	1	12	4	1
Cell1609	1	11	4	1
Cell1610	1	4	4	1
Cell1611	1	1	2	4
Cell1612	1	1	2	4
Cell1613	1	10	2	4
Cell1614	1	12	4	1
Cell1615	1	11	4	1
Cell1616	1	5	3	2
Cell1617	1	14	3	2
Cell1619	1	13	1	3
Cell1620	1	5	3	2
Cell1621	1	4	4	1
Cell1622	1	3	1	3
Cell1623	1	9	3	2
Cell1624	1	11	4	1
Cell1625	1	1	2	4
Cell1626	1	3	1	3
Cell1627	1	11	4	1
Cell1628	1	14	3	2
Cell1629	1	8	4	1
Cell1630	1	10	2	4
Cell1631	1	6	2	4
Cell1632	1	12	4	1
Cell1633	1	9	3	2
Cell1634	1	12	4	1
Cell1635	1	2	1	3
Cell1636	1	8	4	1
Cell1637	1	3	1	3
Cell1638	1	1	2	4
Cell1639	1	8	4	1
Cell1641	1	3	1	3
Cell1642	1	11	4	1
Cell1643	1	1	2	4
Cell1645	1	2	1	3
Cell1646	1	5	3	2
Cell1647	1	10	2	4
Cell1648	1	2	1	3
Cell1649	1	9	3	2
Cell1650	1	12	4	1
Cell1651	1	3	1	3
Cell1652	1	4	4	1
Cell1654	1	5	3	2
Cell1655	1	8	4	1
Cell1656	1	1	2	4
Cell1657	1	11	4	1
Cell1658	1	6	2	4
Cell1659	1	1	2	4
Cell1660	1	4	4	1
Cell1661	1	1	2	4
Cell1662	1	3	1	3
Cell1663	1	7	3	2
Cell1664	1	2	1	3
Cell1665	1	1	2	4
Cell1666	1	13	1	3
Cell1667	1	8	4	1
Cell1668	1	13	1	3
Cell1669	1	4	4	1
Cell1670	1	14	3	2
Cell1671	1	13	1	3
Cell1672	1	9	3	2
Cell1673	1	3	1	3
Cell1674	1	10	2	4
Cell1675	1	12	4	1
Cell1676	1	1	2	4
Cell1677	1	6	2	4
Cell1678	1	7	3	2
Cell1679	1	6	2	4
Cell1680	1	12	4	1
Cell1681	1	11	4	1
Cell1682	1	7	3	2
Cell1683	1	4	4	1
Cell1684	1	7	3	2
Cell1685	1	5	3	2
Cell1686	1	4	4	1
Cell1687	1	13	1	3
Cell1688	1	5	3	2
Cell1689	1	1	2	4
Cell1690	1	10	2	4
Cell1691	1	1	2	4
Cell1692	1	8	4	1
Cell1693	1	1	2	4
Cell1694	1	5	3	2
Cell1695	1	2	1	3
Cell1696	1	3	1	3
Cell1697	1	7	3	2
Cell1698	1	7	3	2
Cell1699	1	2	1	3
Cell1700	1	1	2	4
Cell1701	1	7	3	2
Cell1702	1	10	2	4
Cell1703	1	13	1	3
Cell1704	1	9	3	2
Cell1706	1	10	2	4
Cell1707	1	6	2	4
Cell1708	1	3	1	3
Cell1709	1	9	3	2
Cell1710	1	4	4	1
Cell1711	1	8	4	1
Cell1712	1	7	3	2
Cell1713	1	10	2	4
Cell1714	1	4	4	1
Cell1715	1	3	1	3
Cell1716	1	6	2	4
Cell1717	1	12	4	1
Cell1718	1	5	3	2
Cell1719	1	13	1	3
Cell1720	1	7	3	2
Cell1721	1	9	3	2
Cell1722	1	13	1	3
Cell1724	1	11	4	1
Cell1725	1	1	2	4
Cell1726	1	1	2	4
Cell1727	1	11	4	1
Cell1729	1	4	4	1
Cell1730	1	8	4	1
Cell1732	1	1	2	4
Cell1734	1	8	4	1
Cell1735	1	10	2	4
Cell1736	1	9	3	2
Cell1737	1	2	1	3
Cell1738	1	3	1	3
Cell1739	1	7	3	2
Cell1740	1	2	1	3
Cell1742	1	3	1	3
Cell1743	1	12	4	1
Cell1744	1	2	1	3
Cell1746	1	11	4	1
Cell1747	1	1	2	4
Cell1748	1	9	3	2
Cell1749	1	11	4	1
Cell1750	1	11	4	1
Cell1751	1	3	1	3
Cell1752	1	1	2	4
Cell1753	1	2	1	3
Cell1754	1	8	4	1
Cell1755	1	9	3	2
Cell1756	1	3	1	3
Cell1757	1	9	3	2
Cell1758	1	4	4	1
Cell1759	1	7	3	2
Cell1760	1	4	4	1
Cell1761	1	5	3	2
Cell1762	1	7	3	2
Cell1763	1	5	3	2
Cell1764	1	6	2	4
Cell1765	1	10	2	4
Cell1766	1	13	1	3
Cell1767	1	4	4	1
Cell1768	1	3	1	3
Cell1769	1	4	4	1
Cell1770	1	2	1	3
Cell1771	1	2	1	3
Cell1772	1	1	2	4
Cell1773	1	12	4	1
Cell1774	1	2	1	3
Cell1776	1	3	1	3
Cell1777	1	6	2	4
Cell1778	1	6	2	4
Cell1780	1	12	4	1
Cell1781	1	10	2	4
Cell1782	1	4	4	1
Cell1783	1	13	1	3
Cell1784	1	12	4	1
Cell1785	1	1	2	4
Cell1787	1	14	3	2
Cell1788	1	1	2	4
Cell1789	1	10	2	4
Cell1790	1	11	4	1
Cell1791	1	6	2	4
Cell1792	1	9	3	2
Cell1793	1	11	4	1
Cell1794	1	11	4	1
Cell1795	1	6	2	4
Cell1796	1	3	1	3
Cell1797	1	5	3	2
Cell1798	1	14	3	2
Cell1799	1	3	1	3
Cell1800	1	11	4	1
Cell1801	1	14	3	2
Cell1802	1	10	2	4
Cell1803	1	13	1	3
Cell1804	1	4	4	1
Cell1805	1	6	2	4
Cell1806	1	2	1	3
Cell1807	1	12	4	1
Cell1808	1	12	4	1
Cell1809	1	3	1	3
Cell1810	1	2	1	3
Cell1811	1	6	2	4
Cell1812	1	3	1	3
Cell1813	1	8	4	1
Cell1814	1	5	3	2
Cell1815	1	4	4	1
Cell1816	1	2	1	3
Cell1817	1	3	1	3
Cell1818	1	4	4	1
Cell1819	1	3	1	3
Cell1820	1	13	1	3
Cell1821	1	4	4	1
Cell1822	1	2	1	3
Cell1823	1	3	1	3
Cell1824	1	7	3	2
Cell1825	1	6	2	4
Cell1826	1	9	3	2
Cell1827	1	12	4	1
Cell1828	1	3	1	3
Cell1829	1	14	3	2
Cell1830	1	2	1	3
Cell1831	1	5	3	2
Cell1832	1	7	3	2
Cell1833	1	1	2	4
Cell1834	1	6	2	4
Cell1835	1	9	3	2
Cell1836	1	11	4	1
Cell1837	1	12	4	1
Cell1839	1	6	2	4
Cell1840	1	8	4	1
Cell1841	1	2	1	3
Cell1842	1	9	3	2
Cell1844	1	10	2	4
Cell1846	1	2	1	3
Cell1847	1	14	3	2
Cell1848	1	2	1	3
Cell1849	1	10	2	4
Cell1850	1	12	4	1
Cell1852	1	10	2	4
Cell1853	1	2	1	3
Cell1854	1	7	3	2
Cell1855	1	6	2	4
Cell1856	1	7	3	2
Cell1857	1	5	3	2
Cell1858	1	7	3	2
Cell1859	1	3	1	3
Cell1860	1	9	3	2
Cell1861	1	9	3	2
Cell1862	1	1	2	4
Cell1863	1	1	2	4
Cell1864	1	7	3	2
Cell1865	1	4	4	1
Cell1866	1	11	4	1
Cell1867	1	8	4	1
Cell1868	1	4	4	1
Cell1870	1	3	1	3
Cell1871	1	2	1	3
Cell1872	1	6	2	4
Cell1873	1	5	3	2
Cell1875	1	10	2	4
Cell1876	1	4	4	1
Cell1877	1	6	2	4
Cell1878	1	4	4	1
Cell1879	1	5	3	2
Cell1880	1	4	4	1
Cell1881	1	4	4	1
Cell1882	1	9	3	2
Cell1883	1	8	4	1
Cell1884	1	7	3	2
Cell1885	1	11	4	1
Cell1886	1	4	4	1
Cell1887	1	5	3	2
Cell1888	1	5	3	2
Cell1889	1	4	4	1
Cell1890	1	1	2	4
Cell1891	1	9	3	2
Cell1892	1	3	1	3
Cell1893	1	5	3	2
Cell1894	1	6	2	4
Cell1895	1	6	2	4
Cell1896	1	11	4	1
Cell1897	1	1	2	4
Cell1898	1	13	1	3
Cell1899	1	12	4	1
Cell1900	1	9	3	2
Cell1901	1	4	4	1
Cell1902	1	14	3	2
Cell1903	1	5	3	2
Cell1904	1	1	2	4
Cell1905	1	10	2	4
Cell1906	1	2	1	3
Cell1907	1	7	3	2
Cell1908	1	2	1	3
Cell1909	1	6	2	4
Cell1910	1	8	4	1
Cell1911	1	13	1	3
Cell1912	1	7	3	2
Cell1913	1	9	3	2
Cell1915	1	8	4	1
Cell1916	1	10	2	4
Cell1917	1	1	2	4
Cell1918	1	9	3	2
Cell1919	1	8	4	1
Cell1921	1	11	4	1
Cell1922	1	7	3	2
Cell1924	1	8	4	1
Cell1925	1	1	2	4
Cell1927	1	8	4	1
Cell1928	1	8	4	1
Cell1929	1	7	3	2
Cell1930	1	7	3	2
Cell1931	1	14	3	2
Cell1932	1	9	3	2
Cell1933	1	3	1	3
Cell1934	1	12	4	1
Cell1935	1	9	3	2
Cell1936	1	9	3	2
Cell1937	1	11	4	1
Cell1938	1	4	4	1
Cell1939	1	7	3	2
Cell1940	1	3	1	3
Cell1941	1	9	3	2
Cell1942	1	4	4	1
Cell1943	1	14	3	2
Cell1944	1	9	3	2
Cell1945	1	1	2	4
Cell1946	1	3	1	3
Cell1947	1	5	3	2
Cell1948	1	4	4	1
Cell1949	1	1	2	4
Cell1950	1	3	1	3
Cell1951	1	13	1	3
Cell1952	1	1	2	4
Cell1953	1	2	1	3
Cell1954	1	2	1	3
Cell1956	1	12	4	1
Cell1957	1	8	4	1
Cell1958	1	2	1	3
Cell1959	1	3	1	3
Cell1960	1	2	1	3
Cell1961	1	5	3	2
Cell1962	1	4	4	1
Cell1963	1	5	3	2
Cell1964	1	7	3	2
Cell1965	1	12	4	1
Cell1966	1	1	2	4
Cell1967	1	13	1	3
Cell1969	1	12	4	1
Cell1970	1	4	4	1
Cell1971	1	1	2	4
Cell1972	1	14	3	2
Cell1973	1	7	3	2
Cell1974	1	5	3	2
Cell1975	1	3	1	3
Cell1976	1	7	3	2
Cell1977	1	7	3	2
Cell1979	1	10	2	4
Cell1980	1	3	1	3
Cell1981	1	8	4	1
Cell1982	1	3	1	3
Cell1983	1	6	2	4
Cell1984	1	8	4	1
Cell1985	1	1	2	4
Cell1986	1	1	2	4
Cell1987	1	12	4	1
Cell1988	1	9	3	2
Cell1989	1	12	4	1
Cell1990	1	2	1	3
Cell1991	1	5	3	2
Cell1992	1	2	1	3
Cell1993	1	5	3	2
Cell1994	1	7	3	2
Cell1995	1	1	2	4
Cell1996	1	11	4	1
Cell1997	1	3	1	3
Cell1998	1	4	4	1
Cell1999	1	10	2	4
Cell2000	1	3	1	3
Cell2002	1	2	1	3
Cell2003	1	10	2	4
Cell2004	1	9	3	2
Cell2005	1	11	4	1
Cell2006	1	7	3	2
Cell2007	1	8	4	1
Cell2008	1	8	4	1
Cell2009	1	5	3	2
Cell2010	1	2	1	3
Cell2011	1	2	1	3
Cell2012	1	2	1	3
Cell2013	1	5	3	2
Cell2014	1	4	4	1
Cell2015	1	8	4	1
Cell2016	1	2	1	3
Cell2017	1	9	3	2
Cell2018	1	1	2	4
Cell2019	1	10	2	4
Cell2020	1	3	1	3
Cell2021	1	7	3	2
Cell2022	1	1	2	4
Cell2023	1	1	2	4
Cell2024	1	7	3	2
Cell2025	1	8	4	1
Cell2026	1	1	2	4
Cell2027	1	4	4	1
Cell2028	1	8	4	1
Cell2030	1	14	3	2
Cell2031	1	6	2	4
Cell2032	1	10	2	4
Cell2034	1	2	1	3
Cell2035	1	3	1	3
Cell2036	1	1	2	4
Cell2037	1	6	2	4
Cell2038	1	11	4	1
Cell2039	1	7	3	2
Cell2040	1	3	1	3
Cell2041	1	3	1	3
Cell2042	1	10	2	4
Cell2043	1	11	4	1
Cell2044	1	12	4	1
Cell2045	1	13	1	3
Cell2046	1	4	4	1
Cell2047	1	2	1	3
Cell2048	1	4	4	1
Cell2049	1	4	4	1
Cell2050	1	2	1	3
Cell2051	1	8	4	1
Cell2053	1	10	2	4
Cell2054	1	14	3	2
Cell2055	1	7	3	2
Cell2056	1	8	4	1
Cell2057	1	14	3	2
Cell2059	1	5	3	2
Cell2060	1	2	1	3
Cell2061	1	12	4	1
Cell2062	1	8	4	1
Cell2063	1	11	4	1
Cell2064	1	10	2	4
Cell2065	1	3	1	3
Cell2066	1	3	1	3
Cell2069	1	1	2	4
Cell2070	1	1	2	4
Cell2071	1	3	1	3
Cell2072	1	3	1	3
Cell2073	1	5	3	2
Cell2074	1	1	2	4
Cell2075	1	1	2	4
Cell2076	1	7	3	2
Cell2077	1	2	1	3
Cell2078	1	9	3	2
Cell2079	1	10	2	4
Cell2080	1	9	3	2
Cell2081	1	1	2	4
Cell2082	1	3	1	3
Cell2083	1	4	4	1
Cell2084	1	4	4	1
Cell2085	1	3	1	3
Cell2086	1	11	4	1
Cell2087	1	8	4	1
Cell2088	1	3	1	3
Cell2089	1	12	4	1
Cell2090	1	7	3	2
Cell2091	1	5	3	2
Cell2092	1	1	2	4
Cell2093	1	1	2	4
Cell2094	1	1	2	4
Cell2095	1	6	2	4
Cell2096	1	3	1	3
Cell2098	1	1	2	4
Cell2099	1	2	1	3
Cell2101	1	8	4	1
Cell2102	1	2	1	3
Cell2103	1	7	3	2
Cell2104	1	1	2	4
Cell2105	1	1	2	4
Cell2106	1	1	2	4
Cell2107	1	5	3	2
Cell2108	1	9	3	2
Cell2109	1	12	4	1
Cell2110	1	3	1	3
Cell2111	1	8	4	1
Cell2113	1	1	2	4
Cell2114	1	12	4	1
Cell2116	1	3	1	3
Cell2117	1	9	3	2
Cell2118	1	12	4	1
Cell2119	1	5	3	2
Cell2120	1	4	4	1
Cell2121	1	2	1	3
Cell2122	1	5	3	2
Cell2123	1	6	2	4
Cell2125	1	5	3	2
Cell2126	1	5	3	2
Cell2127	1	9	3	2
Cell2128	1	4	4	1
Cell2129	1	8	4	1
Cell2130	1	2	1	3
Cell2131	1	11	4	1
Cell2132	1	6	2	4
Cell2133	1	2	1	3
Cell2134	1	12	4	1
Cell2135	1	3	1	3
Cell2136	1	8	4	1
Cell2137	1	4	4	1
Cell2138	1	1	2	4
Cell2139	1	10	2	4
Cell2140	1	6	2	4
Cell2141	1	7	3	2
Cell2142	1	8	4	1
Cell2143	1	7	3	2
Cell2144	1	13	1	3
Cell2145	1	2	1	3
Cell2146	1	1	2	4
Cell2147	1	4	4	1
Cell2149	1	2	1	3
Cell2150	1	11	4	1
Cell2151	1	7	3	2
Cell2152	1	7	3	2
Cell2153	1	6	2	4
Cell2154	1	2	1	3
Cell2156	1	1	2	4
Cell2157	1	10	2	4
Cell2158	1	1	2	4
Cell2159	1	2	1	3
Cell2161	1	2	1	3
Cell2162	1	7	3	2
Cell2163	1	5	3	2
Cell2164	1	3	1	3
Cell2165	1	11	4	1
Cell2166	1	10	2	4
Cell2167	1	14	3	2
Cell2168	1	3	1	3
Cell2169	1	10	2	4
Cell2170	1	5	3	2
Cell2171	1	5	3	2
Cell2172	1	1	2	4
Cell2173	1	3	1	3
Cell2174	1	1	2	4
Cell2175	1	3	1	3
Cell2176	1	1	2	4
Cell2177	1	1	2	4
Cell2178	1	9	3	2
Cell2180	1	11	4	1
Cell2181	1	11	4	1
Cell2182	1	10	2	4
Cell2183	1	1	2	4
Cell2184	1	1	2	4
Cell2185	1	1	2	4
Cell2187	1	7	3	2
Cell2188	1	5	3	2
Cell2189	1	1	2	4
Cell2190	1	8	4	1
Cell2191	1	13	1	3
Cell2192	1	11	4	1
Cell2193	1	4	4	1
Cell2194	1	7	3	2
Cell2195	1	5	3	2
Cell2196	1	6	2	4
Cell2197	1	2	1	3
Cell2198	1	4	4	1
Cell2199	1	1	2	4
Cell2200	1	1	2	4
Cell2201	1	2	1	3
Cell2202	1	9	3	2
Cell2203	1	9	3	2
Cell2204	1	5	3	2
Cell2205	1	8	4	1
Cell2206	1	2	1	3
Cell2207	1	9	3	2
Cell2208	1	4	4	1
Cell2209	1	3	1	3
Cell2210	1	2	1	3
Cell2212	1	9	3	2
Cell2213	1	3	1	3
Cell2214	1	2	1	3
Cell2215	1	2	1	3
Cell2216	1	10	2	4
Cell2217	1	4	4	1
Cell2218	1	11	4	1
Cell2219	1	2	1	3
Cell2220	1	8	4	1
Cell2221	1	5	3	2
Cell2222	1	1	2	4
Cell2223	1	2	1	3
Cell2224	1	11	4	1
Cell2225	1	9	3	2
Cell2226	1	4	4	1
Cell2227	1	1	2	4
Cell2228	1	3	1	3
Cell2229	1	3	1	3
Cell2230	1	9	3	2
Cell2231	1	14	3	2
Cell2232	1	8	4	1
Cell2233	1	6	2	4
Cell2235	1	6	2	4
Cell2236	1	10	2	4
Cell2237	1	10	2	4
Cell2238	1	6	2	4
Cell2239	1	5	3	2
Cell2240	1	8	4	1
Cell2241	1	4	4	1
Cell2242	1	3	1	3
Cell2243	1	2	1	3
Cell2244	1	11	4	1
Cell2246	1	4	4	1
Cell2247	1	1	2	4
Cell2248	1	7	3	2
Cell2249	1	6	2	4
Cell2250	1	2	1	3
Cell2251	1	13	1	3
Cell2252	1	1	2	4
Cell2253	1	9	3	2
Cell2254	1	2	1	3
Cell2255	1	1	2	4
Cell2256	1	6	2	4
Cell2257	1	6	2	4
Cell2258	1	1	2	4
Cell2259	1	8	4	1
Cell2260	1	7	3	2
Cell2261	1	9	3	2
Cell2262	1	2	1	3
Cell2263	1	11	4	1
Cell2264	1	12	4	1
Cell2266	1	13	1	3
Cell2267	1	8	4	1
Cell2268	1	1	2	4
Cell2269	1	2	1	3
Cell2270	1	8	4	1
Cell2271	1	11	4	1
Cell2272	1	3	1	3
Cell2273	1	12	4	1
Cell2274	1	2	1	3
Cell2275	1	9	3	2
Cell2276	1	14	3	2
Cell2277	1	3	1	3
Cell2278	1	10	2	4
Cell2279	1	9	3	2
Cell2280	1	3	1	3
Cell2281	1	10	2	4
Cell2282	1	3	1	3
Cell2283	1	1	2	4
Cell2285	1	6	2	4
Cell2286	1	8	4	1
Cell2287	1	2	1	3
Cell2288	1	1	2	4
Cell2289	1	7	3	2
Cell2290	1	7	3	2
Cell2291	1	1	2	4
Cell2292	1	5	3	2
Cell2294	1	10	2	4
Cell2295	1	2	1	3
Cell2297	1	6	2	4
Cell2299	1	6	2	4
Cell2300	1	12	4	1
Cell2301	1	11	4	1
Cell2302	1	5	3	2
Cell2303	1	13	1	3
Cell2304	1	5	3	2
Cell2305	1	5	3	2
Cell2306	1	3	1	3
Cell2307	1	1	2	4
Cell2308	1	2	1	3
Cell2309	1	1	2	4
Cell2310	1	11	4	1
Cell2311	1	8	4	1
Cell2312	1	2	1	3
Cell2313	1	2	1	3
Cell2314	1	1	2	4
Cell2315	1	10	2	4
Cell2316	1	1	2	4
Cell2317	1	1	2	4
Cell2318	1	9	3	2
Cell2319	1	1	2	4
Cell2320	1	1	2	4
Cell2321	1	4	4	1
Cell2322	1	12	4	1
Cell2323	1	5	3	2
Cell2324	1	11	4	1
Cell2325	1	6	2	4
Cell2326	1	3	1	3
Cell2327	1	6	2	4
Cell2328	1	8	4	1
Cell2329	1	2	1	3
Cell2330	1	4	4	1
Cell2331	1	11	4	1
Cell2332	1	1	2	4
Cell2333	1	12	4	1
Cell2334	1	6	2	4
Cell2335	1	7	3	2
Cell2336	1	1	2	4
Cell2337	1	4	4	1
Cell2338	1	4	4	1
Cell2339	1	8	4	1
Cell2340	1	13	1	3
Cell2341	1	4	4	1
Cell2342	1	3	1	3
Cell2343	1	10	2	4
Cell2344	1	6	2	4
Cell2345	1	1	2	4
Cell2346	1	10	2	4
Cell2347	1	4	4	1
Cell2348	1	1	2	4
Cell2349	1	5	3	2
Cell2350	1	3	1	3
Cell2351	1	3	1	3
Cell2353	1	2	1	3
Cell2354	1	9	3	2
Cell2355	1	1	2	4
Cell2356	1	1	2	4
Cell2357	1	7	3	2
Cell2358	1	2	1	3
Cell2359	1	6	2	4
Cell2360	1	6	2	4
Cell2361	1	10	2	4
Cell2362	1	5	3	2
Cell2363	1	3	1	3
Cell2364	1	7	3	2
Cell2365	1	6	2	4
Cell2366	1	14	3	2
Cell2367	1	7	3	2
Cell2368	1	14	3	2
Cell2369	1	7	3	2
Cell2370	1	12	4	1
Cell2371	1	5	3	2
Cell2372	1	9	3	2
Cell2373	1	7	3	2
Cell2374	1	5	3	2
Cell2375	1	3	1	3
Cell2376	1	5	3	2
Cell2377	1	7	3	2
Cell2378	1	2	1	3
Cell2379	1	6	2	4
Cell2380	1	11	4	1
Cell2381	1	6	2	4
Cell2382	1	1	2	4
Cell2383	1	9	3	2
Cell2384	1	7	3	2
Cell2385	1	2	1	3
Cell2386	1	6	2	4
Cell2387	1	1	2	4
Cell2388	1	11	4	1
Cell2389	1	5	3	2
Cell2391	1	1	2	4
Cell2392	1	6	2	4
Cell2393	1	11	4	1
Cell2394	1	3	1	3
Cell2395	1	10	2	4
Cell2396	1	3	1	3
Cell2397	1	1	2	4
Cell2398	1	2	1	3
Cell2399	1	3	1	3
Cell2400	1	11	4	1
Cell2401	1	5	3	2
Cell2402	1	6	2	4
Cell2403	1	9	3	2
Cell2404	1	4	4	1
Cell2405	1	5	3	2
Cell2406	1	1	2	4
Cell2407	1	4	4	1
Cell2408	1	4	4	1
Cell2409	1	4	4	1
Cell2410	1	7	3	2
Cell2411	1	2	1	3
Cell2412	1	6	2	4
Cell2413	1	3	1	3
Cell2414	1	3	1	3
Cell2415	1	6	2	4
Cell2416	1	9	3	2
Cell2417	1	11	4	1
Cell2419	1	11	4	1
Cell2420	1	3	1	3
Cell2421	1	1	2	4
Cell2422	1	3	1	3
Cell2423	1	7	3	2
Cell2424	1	14	3	2
Cell2425	1	4	4	1
Cell2426	1	3	1	3
Cell2427	1	1	2	4
Cell2428	1	7	3	2
Cell2429	1	8	4	1
Cell2430	1	2	1	3
Cell2431	1	2	1	3
Cell2432	1	2	1	3
Cell2433	1	9	3	2
Cell2434	1	3	1	3
Cell2436	1	1	2	4
Cell2437	1	2	1	3
Cell2438	1	4	4	1
Cell2439	1	1	2	4
Cell2440	1	9	3	2
Cell2441	1	3	1	3
Cell2442	1	9	3	2
Cell2443	1	11	4	1
Cell2444	1	5	3	2
Cell2445	1	1	2	4
Cell2446	1	4	4	1
Cell2447	1	4	4	1
Cell2449	1	9	3	2
Cell2450	1	7	3	2
Cell2451	1	14	3	2
Cell2452	1	10	2	4
Cell2453	1	3	1	3
Cell2454	1	5	3	2
Cell2455	1	3	1	3
Cell2456	1	14	3	2
Cell2457	1	3	1	3
Cell2458	1	6	2	4
Cell2459	1	10	2	4
Cell2460	1	8	4	1
Cell2461	1	6	2	4
Cell2462	1	5	3	2
Cell2463	1	10	2	4
Cell2464	1	14	3	2
Cell2465	1	5	3	2
Cell2466	1	7	3	2
Cell2467	1	8	4	1
Cell2468	1	10	2	4
Cell2469	1	3	1	3
Cell2470	1	12	4	1
Cell2471	1	12	4	1
Cell2472	1	11	4	1
Cell2473	1	14	3	2
Cell2474	1	4	4	1
Cell2475	1	2	1	3
Cell2476	1	2	1	3
Cell2477	1	9	3	2
Cell2478	1	5	3	2
Cell2479	1	1	2	4
Cell2480	1	4	4	1
Cell2481	1	2	1	3
Cell2482	1	1	2	4
Cell2483	1	5	3	2
Cell2484	1	6	2	4
Cell2485	1	11	4	1
Cell2486	1	4	4	1
Cell2487	1	9	3	2
Cell2488	1	1	2	4
Cell2489	1	4	4	1
Cell2490	1	1	2	4
Cell2491	1	7	3	2
Cell2492	1	8	4	1
Cell2493	1	8	4	1
Cell2494	1	6	2	4
Cell2495	1	8	4	1
Cell2496	1	7	3	2
Cell2497	1	4	4	1
Cell2498	1	3	1	3
Cell2499	1	1	2	4
Cell2500	1	2	1	3
Cell2501	1	2	1	3
Cell2502	1	2	1	3
Cell2503	1	1	2	4
Cell2504	1	9	3	2
Cell2505	1	2	1	3
Cell2506	1	13	1	3
Cell2507	1	8	4	1
Cell2508	1	2	1	3
Cell2509	1	9	3	2
Cell2510	1	3	1	3
Cell2511	1	3	1	3
Cell2512	1	5	3	2
Cell2513	1	4	4	1
Cell2514	1	3	1	3
Cell2515	1	2	1	3
Cell2516	1	12	4	1
Cell2517	1	4	4	1
Cell2518	1	1	2	4
Cell2519	1	8	4	1
Cell2520	1	3	1	3
Cell2521	1	9	3	2
Cell2522	1	2	1	3
Cell2523	1	1	2	4
Cell2524	1	1	2	4
Cell2525	1	13	1	3
Cell2526	1	4	4	1
Cell2527	1	1	2	4
Cell2528	1	9	3	2
Cell2529	1	7	3	2
Cell2530	1	11	4	1
Cell2531	1	4	4	1
Cell2532	1	3	1	3
Cell2533	1	12	4	1
Cell2534	1	8	4	1
Cell2535	1	3	1	3
Cell2536	1	4	4	1
Cell2537	1	3	1	3
Cell2538	1	14	3	2
Cell2539	1	10	2	4
Cell2540	1	10	2	4
Cell2541	1	10	2	4
Cell2542	1	10	2	4
Cell2543	1	3	1	3
Cell2544	1	4	4	1
Cell2545	1	8	4	1
Cell2546	1	5	3	2
Cell2547	1	13	1	3
Cell2548	1	9	3	2
Cell2549	1	13	1	3
Cell2550	1	1	2	4
Cell2551	1	1	2	4
Cell2552	1	8	4	1
Cell2553	1	4	4	1
Cell2555	1	14	3	2
Cell2556	1	2	1	3
Cell2557	1	9	3	2
Cell2558	1	2	1	3
Cell2559	1	14	3	2
Cell2560	1	5	3	2
Cell2561	1	10	2	4
Cell2562	1	6	2	4
Cell2563	1	4	4	1
Cell2564	1	5	3	2
Cell2565	1	2	1	3
Cell2566	1	2	1	3
Cell2567	1	12	4	1
Cell2568	1	9	3	2
Cell2569	1	5	3	2
Cell2570	1	12	4	1
Cell2571	1	1	2	4
Cell2572	1	6	2	4
Cell2573	1	8	4	1
Cell2574	1	4	4	1
Cell2575	1	4	4	1
Cell2576	1	1	2	4
Cell2577	1	12	4	1
Cell2578	1	1	2	4
Cell2579	1	12	4	1
Cell2580	1	11	4	1
Cell2581	1	7	3	2
Cell2582	1	11	4	1
Cell2583	1	6	2	4
Cell2584	1	1	2	4
Cell2585	1	3	1	3
Cell2586	1	7	3	2
Cell2587	1	1	2	4
Cell2588	1	4	4	1
Cell2589	1	11	4	1
Cell2590	1	1	2	4
Cell2591	1	5	3	2
Cell2592	1	10	2	4
Cell2593	1	5	3	2
Cell2594	1	9	3	2
Cell2595	1	8	4	1
Cell2596	1	1	2	4
Cell2597	1	12	4	1
Cell2598	1	1	2	4
Cell2599	1	14	3	2
Cell2601	1	6	2	4
Cell2603	1	4	4	1
Cell2604	1	3	1	3
Cell2605	1	2	1	3
Cell2606	1	14	3	2
Cell2607	1	4	4	1
Cell2608	1	8	4	1
Cell2609	1	1	2	4
Cell2610	1	13	1	3
Cell2611	1	10	2	4
Cell2612	1	14	3	2
Cell2613	1	4	4	1
Cell2614	1	8	4	1
Cell2615	1	1	2	4
Cell2616	1	12	4	1
Cell2617	1	1	2	4
Cell2618	1	2	1	3
Cell2619	1	10	2	4
Cell2620	1	12	4	1
Cell2621	1	14	3	2
Cell2622	1	1	2	4
Cell2623	1	8	4	1
Cell2624	1	10	2	4
Cell2626	1	6	2	4
Cell2627	1	5	3	2
Cell2628	1	2	1	3
Cell2629	1	13	1	3
Cell2630	1	8	4	1
Cell2631	1	8	4	1
Cell2632	1	9	3	2
Cell2633	1	10	2	4
Cell2634	1	7	3	2
Cell2635	1	8	4	1
Cell2636	1	2	1	3
Cell2638	1	3	1	3
Cell2639	1	4	4	1
Cell2640	1	13	1	3
Cell2641	1	5	3	2
Cell2642	1	6	2	4
Cell2643	1	2	1	3
Cell2644	1	3	1	3
Cell2645	1	13	1	3
Cell2647	1	11	4	1
Cell2648	1	9	3	2
Cell2649	1	4	4	1
Cell2650	1	7	3	2
Cell2651	1	13	1	3
Cell2652	1	5	3	2
Cell2653	1	12	4	1
Cell2654	1	11	4	1
Cell2655	1	9	3	2
Cell2656	1	3	1	3
Cell2657	1	6	2	4
Cell2658	1	1	2	4
Cell2659	1	10	2	4
Cell2660	1	1	2	4
Cell2661	1	6	2	4
Cell2662	1	6	2	4
Cell2663	1	2	1	3
Cell2664	1	4	4	1
Cell2666	1	8	4	1
Cell2667	1	14	3	2
Cell2668	1	2	1	3
Cell2669	1	7	3	2
Cell2670	1	3	1	3
Cell2671	1	9	3	2
Cell2672	1	3	1	3
Cell2673	1	5	3	2
Cell2674	1	11	4	1
Cell2675	1	5	3	2
Cell2676	1	6	2	4
Cell2677	1	6	2	4
Cell2679	1	1	2	4
Cell2680	1	2	1	3
Cell2681	1	12	4	1
Cell2682	1	8	4	1
Cell2683	1	5	3	2
Cell2684	1	6	2	4
Cell2685	1	1	2	4
Cell2686	1	2	1	3
Cell2687	1	9	3	2
Cell2688	1	6	2	4
Cell2689	1	11	4	1
Cell2690	1	5	3	2
Cell2691	1	1	2	4
Cell2692	1	13	1	3
Cell2693	1	2	1	3
Cell2694	1	1	2	4
Cell2695	1	9	3	2
Cell2696	1	3	1	3
Cell2697	1	13	1	3
Cell2698	1	13	1	3
Cell2699	1	1	2	4
Cell2701	1	10	2	4
Cell2702	1	6	2	4
Cell2703	1	1	2	4
Cell2704	1	10	2	4
Cell2705	1	1	2	4
Cell2706	1	1	2	4
Cell2707	1	6	2	4
Cell2710	1	6	2	4
Cell2711	1	14	3	2
Cell2712	1	9	3	2
Cell2714	1	12	4	1
Cell2715	1	5	3	2
Cell2716	1	14	3	2
Cell2717	1	11	4	1
Cell2718	1	1	2	4
Cell2719	1	11	4	1
Cell2720	1	1	2	4
Cell2721	1	11	4	1
Cell2722	1	2	1	3
Cell2723	1	10	2	4
Cell2724	1	5	3	2
Cell2725	1	4	4	1
Cell2726	1	4	4	1
Cell2727	1	10	2	4
Cell2728	1	2	1	3
Cell2729	1	8	4	1
Cell2731	1	2	1	3
Cell2732	1	7	3	2
Cell2733	1	8	4	1
Cell2734	1	7	3	2
Cell2735	1	3	1	3
Cell2736	1	5	3	2
Cell2737	1	1	2	4
Cell2738	1	1	2	4
Cell2739	1	14	3	2
Cell2740	1	11	4	1
Cell2741	1	7	3	2
Cell2742	1	10	2	4
Cell2743	1	5	3	2
Cell2744	1	9	3	2
Cell2745	1	11	4	1
Cell2746	1	9	3	2
Cell2748	1	8	4	1
Cell2749	1	13	1	3
Cell2750	1	7	3	2
Cell2751	1	6	2	4
Cell2752	1	12	4	1
Cell2753	1	13	1	3
Cell2754	1	10	2	4
Cell2755	1	1	2	4
Cell2756	1	12	4	1
Cell2757	1	4	4	1
Cell2758	1	10	2	4
Cell2759	1	8	4	1
Cell2760	1	14	3	2
Cell2761	1	5	3	2
Cell2762	1	5	3	2
Cell2763	1	8	4	1
Cell2764	1	1	2	4
Cell2765	1	12	4	1
Cell2766	1	10	2	4
Cell2767	1	6	2	4
Cell2768	1	8	4	1
Cell2769	1	3	1	3
Cell2770	1	3	1	3
Cell2771	1	4	4	1
Cell2772	1	3	1	3
Cell2773	1	3	1	3
Cell2774	1	8	4	1
Cell2775	1	1	2	4
Cell2776	1	4	4	1
Cell2777	1	5	3	2
Cell2778	1	4	4	1
Cell2779	1	7	3	2
Cell2780	1	9	3	2
Cell2781	1	13	1	3
Cell2782	1	5	3	2
Cell2783	1	12	4	1
Cell2784	1	9	3	2
Cell2785	1	8	4	1
Cell2786	1	14	3	2
Cell2787	1	8	4	1
Cell2788	1	1	2	4
Cell2789	1	1	2	4
Cell2790	1	2	1	3
Cell2791	1	10	2	4
Cell2792	1	6	2	4
Cell2793	1	5	3	2
Cell2794	1	5	3	2
Cell2795	1	2	1	3
Cell2796	1	3	1	3
Cell2797	1	10	2	4
Cell2798	1	5	3	2
Cell2799	1	2	1	3
Cell2800	1	3	1	3
Cell2801	1	6	2	4
Cell2802	1	10	2	4
Cell2803	1	3	1	3
Cell2804	1	6	2	4
Cell2806	1	3	1	3
Cell2807	1	10	2	4
Cell2808	1	8	4	1
Cell2809	1	2	1	3
Cell2810	1	5	3	2
Cell2811	1	6	2	4
Cell2812	1	4	4	1
Cell2813	1	3	1	3
Cell2814	1	5	3	2
Cell2815	1	1	2	4
Cell2816	1	4	4	1
Cell2817	1	7	3	2
Cell2819	1	3	1	3
Cell2820	1	14	3	2
Cell2821	1	1	2	4
Cell2822	1	3	1	3
Cell2823	1	14	3	2
Cell2824	1	1	2	4
Cell2825	1	3	1	3
Cell2826	1	14	3	2
Cell2827	1	11	4	1
Cell2828	1	11	4	1
Cell2829	1	1	2	4
Cell2830	1	1	2	4
Cell2831	1	4	4	1
Cell2832	1	13	1	3
Cell2833	1	1	2	4
Cell2834	1	8	4	1
Cell2835	1	1	2	4
Cell2837	1	7	3	2
Cell2838	1	4	4	1
Cell2839	1	4	4	1
Cell2840	1	1	2	4
Cell2841	1	4	4	1
Cell2842	1	8	4	1
Cell2843	1	4	4	1
Cell2844	1	12	4	1
Cell2845	1	3	1	3
Cell2846	1	4	4	1
Cell2847	1	6	2	4
Cell2848	1	3	1	3
Cell2849	1	2	1	3
Cell2851	1	8	4	1
Cell2852	1	2	1	3
Cell2853	1	10	2	4
Cell2854	1	3	1	3
Cell2855	1	6	2	4
Cell2856	1	4	4	1
Cell2857	1	1	2	4
Cell2858	1	8	4	1
Cell2859	1	11	4	1
Cell2860	1	5	3	2
Cell2861	1	1	2	4
Cell2862	1	5	3	2
Cell2864	1	10	2	4
Cell2865	1	3	1	3
Cell2866	1	2	1	3
Cell2867	1	10	2	4
Cell2868	1	3	1	3
Cell2869	1	11	4	1
Cell2870	1	1	2	4
Cell2871	1	7	3	2
Cell2872	1	7	3	2
Cell2873	1	1	2	4
Cell2874	1	3	1	3
Cell2875	1	1	2	4
Cell2876	1	2	1	3
Cell2877	1	2	1	3
Cell2878	1	2	1	3
Cell2879	1	6	2	4
Cell2881	1	5	3	2
Cell2882	1	1	2	4
Cell2883	1	10	2	4
Cell2884	1	11	4	1
Cell2885	1	1	2	4
Cell2886	1	13	1	3
Cell2887	1	8	4	1
Cell2888	1	2	1	3
Cell2889	1	2	1	3
Cell2890	1	4	4	1
Cell2891	1	6	2	4
Cell2892	1	4	4	1
Cell2893	1	14	3	2
Cell2894	1	10	2	4
Cell2895	1	2	1	3
Cell2896	1	1	2	4
Cell2897	1	12	4	1
Cell2898	1	1	2	4
Cell2899	1	14	3	2
Cell2900	1	9	3	2
Cell2901	1	11	4	1
Cell2902	1	2	1	3
Cell2903	1	8	4	1
Cell2904	1	10	2	4
Cell2905	1	5	3	2
Cell2906	1	6	2	4
Cell2907	1	4	4	1
Cell2908	1	2	1	3
Cell2909	1	8	4	1
Cell2910	1	6	2	4
Cell2912	1	9	3	2
Cell2913	1	8	4	1
Cell2914	1	3	1	3
Cell2915	1	4	4	1
Cell2916	1	9	3	2
Cell2917	1	2	1	3
Cell2918	1	8	4	1
Cell2919	1	8	4	1
Cell2920	1	9	3	2
Cell2921	1	9	3	2
Cell2922	1	2	1	3
Cell2923	1	8	4	1
Cell2924	1	9	3	2
Cell2925	1	5	3	2
Cell2926	1	2	1	3
Cell2927	1	1	2	4
Cell2928	1	10	2	4
Cell2929	1	6	2	4
Cell2930	1	7	3	2
Cell2931	1	3	1	3
Cell2932	1	4	4	1
Cell2933	1	2	1	3
Cell2934	1	12	4	1
Cell2935	1	7	3	2
Cell2936	1	4	4	1
Cell2937	1	8	4	1
Cell2938	1	5	3	2
Cell2939	1	1	2	4
Cell2940	1	7	3	2
Cell2941	1	10	2	4
Cell2942	1	1	2	4
Cell2943	1	10	2	4
Cell2944	1	8	4	1
Cell2945	1	13	1	3
Cell2946	1	3	1	3
Cell2947	1	4	4	1
Cell2948	1	3	1	3
Cell2949	1	11	4	1
Cell2950	1	10	2	4
Cell2951	1	5	3	2
Cell2952	1	7	3	2
Cell2953	1	1	2	4
Cell2954	1	3	1	3
Cell2955	1	1	2	4
Cell2956	1	10	2	4
Cell2957	1	2	1	3
Cell2958	1	7	3	2
Cell2959	1	2	1	3
Cell2960	1	9	3	2
Cell2961	1	1	2	4
Cell2962	1	10	2	4
Cell2963	1	10	2	4
Cell2964	1	3	1	3
Cell2965	1	2	1	3
Cell2966	1	1	2	4
Cell2967	1	12	4	1
Cell2968	1	10	2	4
Cell2969	1	1	2	4
Cell2971	1	11	4	1
Cell2972	1	7	3	2
Cell2973	1	7	3	2
Cell2974	1	4	4	1
Cell2975	1	1	2	4
Cell2976	1	11	4	1
Cell2977	1	2	1	3
Cell2978	1	9	3	2
Cell2979	1	2	1	3
Cell2982	1	8	4	1
Cell2983	1	1	2	4
Cell2984	1	5	3	2
Cell2985	1	7	3	2
Cell2986	1	13	1	3
Cell2987	1	3	1	3
Cell2988	1	8	4	1
Cell2989	1	6	2	4
Cell2990	1	12	4	1
Cell2991	1	11	4	1
Cell2992	1	1	2	4
Cell2993	1	9	3	2
Cell2994	1	5	3	2
Cell2995	1	5	3	2
Cell2996	1	9	3	2
Cell2997	1	2	1	3
Cell2998	1	1	2	4
Cell2999	1	3	1	3
Cell3000	1	6	2	4
Cell3001	1	10	2	4
Cell3002	1	7	3	2
Cell3003	1	12	4	1
Cell3004	1	5	3	2
Cell3005	1	7	3	2
Cell3006	1	6	2	4
Cell3007	1	8	4	1
Cell3008	1	1	2	4
Cell3009	1	8	4	1
Cell3010	1	5	3	2
Cell3011	1	3	1	3
Cell3012	1	3	1	3
Cell3013	1	1	2	4
Cell3015	1	2	1	3
Cell3017	1	3	1	3
Cell3018	1	12	4	1
Cell3019	1	5	3	2
Cell3020	1	12	4	1
Cell3021	1	1	2	4
Cell3022	1	11	4	1
Cell3023	1	7	3	2
Cell3024	1	11	4	1
Cell3025	1	6	2	4
Cell3026	1	6	2	4
Cell3027	1	9	3	2
Cell3028	1	7	3	2
Cell3029	1	5	3	2
Cell3030	1	2	1	3
Cell3031	1	1	2	4
Cell3032	1	4	4	1
Cell3033	1	6	2	4
Cell3034	1	9	3	2
Cell3035	1	3	1	3
Cell3037	1	5	3	2
Cell3038	1	10	2	4
Cell3039	1	5	3	2
Cell3040	1	11	4	1
Cell3041	1	2	1	3
Cell3042	1	1	2	4
Cell3043	1	11	4	1
Cell3044	1	10	2	4
Cell3046	1	2	1	3
Cell3048	1	7	3	2
Cell3049	1	4	4	1
Cell3050	1	11	4	1
Cell3051	1	2	1	3
Cell3052	1	11	4	1
Cell3053	1	9	3	2
Cell3054	1	8	4	1
Cell3055	1	3	1	3
Cell3056	1	4	4	1
Cell3058	1	8	4	1
Cell3059	1	13	1	3
Cell3061	1	1	2	4
Cell3062	1	4	4	1
Cell3063	1	10	2	4
Cell3064	1	7	3	2
Cell3065	1	2	1	3
Cell3066	1	1	2	4
Cell3067	1	7	3	2
Cell3068	1	8	4	1
Cell3069	1	1	2	4
Cell3070	1	8	4	1
Cell3071	1	11	4	1
Cell3072	1	7	3	2
Cell3073	1	11	4	1
Cell3074	1	9	3	2
Cell3075	1	1	2	4
Cell3076	1	4	4	1
Cell3077	1	1	2	4
Cell3078	1	6	2	4
Cell3079	1	6	2	4
Cell3080	1	6	2	4
Cell3081	1	7	3	2
Cell3082	1	3	1	3
Cell3083	1	2	1	3
Cell3084	1	8	4	1
Cell3085	1	12	4	1
Cell3086	1	9	3	2
Cell3087	1	13	1	3
Cell3088	1	2	1	3
Cell3090	1	2	1	3
Cell3091	1	3	1	3
Cell3092	1	4	4	1
Cell3093	1	1	2	4
Cell3094	1	1	2	4
Cell3095	1	3	1	3
Cell3096	1	7	3	2
Cell3097	1	1	2	4
Cell3098	1	11	4	1
Cell3099	1	1	2	4
Cell3100	1	12	4	1
Cell3101	1	6	2	4
Cell3102	1	3	1	3
Cell3103	1	6	2	4
Cell3104	1	8	4	1
Cell3105	1	6	2	4
Cell3106	1	7	3	2
Cell3107	1	5	3	2
Cell3108	1	8	4	1
Cell3109	1	1	2	4
Cell3110	1	3	1	3
Cell3111	1	7	3	2
Cell3112	1	12	4	1
Cell3113	1	4	4	1
Cell3114	1	9	3	2
Cell3115	1	4	4	1
Cell3116	1	6	2	4
Cell3117	1	12	4	1
Cell3118	1	3	1	3
Cell3119	1	9	3	2
Cell3120	1	1	2	4
Cell3121	1	6	2	4
Cell3122	1	5	3	2
Cell3124	1	5	3	2
Cell3125	1	3	1	3
Cell3126	1	9	3	2
Cell3127	1	1	2	4
Cell3128	1	2	1	3
Cell3129	1	13	1	3
Cell3130	1	1	2	4
Cell3131	1	3	1	3
Cell3132	1	5	3	2
Cell3133	1	2	1	3
Cell3134	1	12	4	1
Cell3135	1	1	2	4
Cell3136	1	10	2	4
Cell3137	1	14	3	2
Cell3138	1	5	3	2
Cell3139	1	10	2	4
Cell3140	1	4	4	1
Cell3141	1	11	4	1
Cell3142	1	4	4	1
Cell3143	1	9	3	2
Cell3144	1	10	2	4
Cell3145	1	3	1	3
Cell3146	1	10	2	4
Cell3147	1	14	3	2
Cell3148	1	4	4	1
Cell3149	1	11	4	1
Cell3150	1	8	4	1
Cell3151	1	2	1	3
Cell3152	1	7	3	2
Cell3153	1	8	4	1
Cell3154	1	14	3	2
Cell3155	1	2	1	3
Cell3156	1	6	2	4
Cell3157	1	8	4	1
Cell3158	1	5	3	2
Cell3159	1	8	4	1
Cell3160	1	11	4	1
Cell3161	1	2	1	3
Cell3162	1	8	4	1
Cell3163	1	3	1	3
Cell3165	1	2	1	3
Cell3166	1	1	2	4
Cell3167	1	5	3	2
Cell3168	1	10	2	4
Cell3169	1	5	3	2
Cell3170	1	12	4	1
Cell3171	1	10	2	4
Cell3172	1	2	1	3
Cell3175	1	4	4	1
Cell3176	1	1	2	4
Cell3177	1	14	3	2
Cell3178	1	6	2	4
Cell3179	1	6	2	4
Cell3180	1	10	2	4
Cell3181	1	1	2	4
Cell3182	1	1	2	4
Cell3183	1	9	3	2
Cell3184	1	3	1	3
Cell3185	1	2	1	3
Cell3186	1	7	3	2
Cell3187	1	1	2	4
Cell3188	1	12	4	1
Cell3189	1	3	1	3
Cell3190	1	8	4	1
Cell3191	1	10	2	4
Cell3192	1	9	3	2
Cell3193	1	3	1	3
Cell3194	1	11	4	1
Cell3195	1	6	2	4
Cell3196	1	1	2	4
Cell3197	1	12	4	1
Cell3198	1	11	4	1
Cell3199	1	4	4	1
Cell3200	1	4	4	1
Cell3201	1	11	4	1
Cell3202	1	7	3	2
Cell3203	1	8	4	1
Cell3204	1	4	4	1
Cell3205	1	13	1	3
Cell3206	1	2	1	3
Cell3207	1	5	3	2
Cell3208	1	7	3	2
Cell3209	1	12	4	1
Cell3210	1	13	1	3
Cell3211	1	4	4	1
Cell3212	1	10	2	4
Cell3213	1	8	4	1
Cell3214	1	9	3	2
Cell3216	1	14	3	2
Cell3217	1	2	1	3
Cell3218	1	1	2	4
Cell3219	1	5	3	2
Cell3220	1	8	4	1
Cell3221	1	8	4	1
Cell3222	1	3	1	3
Cell3223	1	2	1	3
Cell3224	1	3	1	3
Cell3225	1	10	2	4
Cell3226	1	7	3	2
Cell3227	1	8	4	1
Cell3228	1	1	2	4
Cell3229	1	8	4	1
Cell3230	1	13	1	3
Cell3231	1	1	2	4
Cell3232	1	12	4	1
Cell3233	1	5	3	2
Cell3234	1	10	2	4
Cell3235	1	2	1	3
Cell3236	1	4	4	1
Cell3237	1	6	2	4
Cell3238	1	1	2	4
Cell3239	1	5	3	2
Cell3240	1	3	1	3
Cell3241	1	4	4	1
Cell3242	1	6	2	4
Cell3243	1	8	4	1
Cell3244	1	6	2	4
Cell3245	1	10	2	4
Cell3246	1	2	1	3
Cell3247	1	12	4	1
Cell3248	1	11	4	1
Cell3249	1	1	2	4
Cell3250	1	5	3	2
Cell3251	1	6	2	4
Cell3252	1	3	1	3
Cell3253	1	12	4	1
Cell3255	1	1	2	4
Cell3256	1	4	4	1
Cell3257	1	11	4	1
Cell3258	1	2	1	3
Cell3259	1	12	4	1
Cell3260	1	9	3	2
Cell3261	1	10	2	4
Cell3262	1	5	3	2
Cell3263	1	7	3	2
Cell3264	1	4	4	1
Cell3265	1	13	1	3
Cell3266	1	9	3	2
Cell3267	1	4	4	1
Cell3268	1	5	3	2
Cell3269	1	9	3	2
Cell3270	1	6	2	4
Cell3272	1	2	1	3
Cell3273	1	6	2	4
Cell3274	1	1	2	4
Cell3275	1	2	1	3
Cell3276	1	10	2	4
Cell3277	1	10	2	4
Cell3278	1	3	1	3
Cell3279	1	9	3	2
Cell3280	1	6	2	4
Cell3281	1	6	2	4
Cell3282	1	13	1	3
Cell3284	1	7	3	2
Cell3285	1	7	3	2
Cell3287	1	8	4	1
Cell3288	1	2	1	3
Cell3290	1	6	2	4
Cell3291	1	14	3	2
Cell3292	1	12	4	1
Cell3293	1	4	4	1
Cell3294	1	6	2	4
Cell3295	1	9	3	2
Cell3296	1	8	4	1
Cell3299	1	14	3	2
Cell3300	1	8	4	1
Cell3301	1	8	4	1
Cell3302	1	10	2	4
Cell3303	1	4	4	1
Cell3304	1	2	1	3
Cell3305	1	2	1	3
Cell3306	1	7	3	2
Cell3307	1	2	1	3
Cell3308	1	12	4	1
Cell3309	1	7	3	2
Cell3311	1	3	1	3
Cell3312	1	7	3	2
Cell3313	1	2	1	3
Cell3314	1	3	1	3
Cell3315	1	10	2	4
Cell3316	1	7	3	2
Cell3317	1	1	2	4
Cell3318	1	6	2	4
Cell3319	1	3	1	3
Cell3320	1	6	2	4
Cell3321	1	5	3	2
Cell3322	1	14	3	2
Cell3323	1	8	4	1
Cell3324	1	2	1	3
Cell3325	1	10	2	4
Cell3326	1	8	4	1
Cell3327	1	13	1	3
Cell3328	1	1	2	4
Cell3329	1	4	4	1
Cell3330	1	3	1	3
Cell3331	1	6	2	4
Cell3332	1	9	3	2
Cell3333	1	7	3	2
Cell3334	1	4	4	1
Cell3335	1	1	2	4
Cell3336	1	2	1	3
Cell3337	1	14	3	2
Cell3338	1	2	1	3
Cell3339	1	9	3	2
Cell3340	1	10	2	4
Cell3341	1	4	4	1
Cell3342	1	3	1	3
Cell3343	1	1	2	4
Cell3344	1	5	3	2
Cell3345	1	1	2	4
Cell3346	1	2	1	3
Cell3347	1	3	1	3
Cell3348	1	1	2	4
Cell3349	1	8	4	1
Cell3350	1	7	3	2
Cell3352	1	3	1	3
Cell3353	1	8	4	1
Cell3355	1	5	3	2
Cell3356	1	5	3	2
Cell3357	1	1	2	4
Cell3358	1	6	2	4
Cell3359	1	5	3	2
Cell3360	1	10	2	4
Cell3361	1	5	3	2
Cell3362	1	1	2	4
Cell3363	1	9	3	2
Cell3364	1	8	4	1
Cell3365	1	7	3	2
Cell3366	1	9	3	2
Cell3367	1	5	3	2
Cell3368	1	5	3	2
Cell3369	1	11	4	1
Cell3370	1	12	4	1
Cell3371	1	5	3	2
Cell3373	1	10	2	4
Cell3374	1	3	1	3
Cell3375	1	5	3	2
Cell3376	1	3	1	3
Cell3377	1	3	1	3
Cell3378	1	8	4	1
Cell3379	1	13	1	3
Cell3380	1	13	1	3
Cell3381	1	6	2	4
Cell3382	1	7	3	2
Cell3383	1	3	1	3
Cell3384	1	4	4	1
Cell3385	1	14	3	2
Cell3386	1	5	3	2
Cell3387	1	5	3	2
Cell3388	1	6	2	4
Cell3389	1	3	1	3
Cell3390	1	12	4	1
Cell3391	1	1	2	4
Cell3392	1	12	4	1
Cell3393	1	6	2	4
Cell3394	1	5	3	2
Cell3395	1	2	1	3
Cell3396	1	1	2	4
Cell3397	1	3	1	3
Cell3398	1	10	2	4
Cell3399	1	2	1	3
Cell3400	1	4	4	1
Cell3401	1	4	4	1
Cell3402	1	5	3	2
Cell3403	1	9	3	2
Cell3404	1	2	1	3
Cell3405	1	13	1	3
Cell3406	1	14	3	2
Cell3407	1	1	2	4
Cell3408	1	8	4	1
Cell3409	1	2	1	3
Cell3410	1	4	4	1
Cell3411	1	7	3	2
Cell3412	1	8	4	1
Cell3413	1	12	4	1
Cell3414	1	4	4	1
Cell3415	1	7	3	2
Cell3416	1	5	3	2
Cell3418	1	4	4	1
Cell3419	1	1	2	4
Cell3420	1	2	1	3
Cell3421	1	4	4	1
Cell3422	1	6	2	4
Cell3423	1	9	3	2
Cell3424	1	6	2	4
Cell3425	1	6	2	4
Cell3426	1	7	3	2
Cell3427	1	12	4	1
Cell3428	1	5	3	2
Cell3429	1	9	3	2
Cell3430	1	1	2	4
Cell3431	1	2	1	3
Cell3432	1	5	3	2
Cell3433	1	4	4	1
Cell3434	1	1	2	4
Cell3435	1	13	1	3
Cell3436	1	5	3	2
Cell3437	1	4	4	1
Cell3438	1	7	3	2
Cell3440	1	4	4	1
Cell3441	1	9	3	2
Cell3442	1	11	4	1
Cell3443	1	8	4	1
Cell3444	1	2	1	3
Cell3445	1	11	4	1
Cell3446	1	1	2	4
Cell3447	1	12	4	1
Cell3448	1	12	4	1
Cell3449	1	1	2	4
Cell3451	1	6	2	4
Cell3452	1	8	4	1
Cell3453	1	1	2	4
Cell3454	1	9	3	2
Cell3455	1	3	1	3
Cell3456	1	12	4	1
Cell3457	1	9	3	2
Cell3458	1	13	1	3
Cell3459	1	6	2	4
Cell3460	1	6	2	4
Cell3461	1	7	3	2
Cell3462	1	12	4	1
Cell3463	1	11	4	1
Cell3464	1	1	2	4
Cell3465	1	10	2	4
Cell3466	1	12	4	1
Cell3467	1	2	1	3
Cell3468	1	1	2	4
Cell3469	1	5	3	2
Cell3471	1	2	1	3
Cell3472	1	9	3	2
Cell3473	1	6	2	4
Cell3474	1	5	3	2
Cell3476	1	5	3	2
Cell3477	1	9	3	2
Cell3478	1	9	3	2
Cell3479	1	6	2	4
Cell3480	1	1	2	4
Cell3482	1	10	2	4
Cell3483	1	5	3	2
Cell3484	1	7	3	2
Cell3485	1	9	3	2
Cell3486	1	5	3	2
Cell3487	1	6	2	4
Cell3488	1	3	1	3
Cell3489	1	8	4	1
Cell3490	1	10	2	4
Cell3491	1	11	4	1
Cell3492	1	14	3	2
Cell3493	1	1	2	4
Cell3494	1	7	3	2
Cell3495	1	3	1	3
Cell3496	1	5	3	2
Cell3497	1	3	1	3
Cell3498	1	2	1	3
Cell3499	1	3	1	3
Cell3500	1	5	3	2
Cell3501	1	2	1	3
Cell3502	1	1	2	4
Cell3503	1	2	1	3
Cell3504	1	7	3	2
Cell3505	1	12	4	1
Cell3506	1	2	1	3
Cell3507	1	4	4	1
Cell3508	1	3	1	3
Cell3509	1	12	4	1
Cell3510	1	11	4	1
Cell3512	1	11	4	1
Cell3514	1	11	4	1
Cell3515	1	12	4	1
Cell3516	1	2	1	3
Cell3517	1	8	4	1
Cell3518	1	14	3	2
Cell3519	1	3	1	3
Cell3520	1	2	1	3
Cell3521	1	7	3	2
Cell3523	1	8	4	1
Cell3524	1	9	3	2
Cell3525	1	1	2	4
Cell3526	1	5	3	2
Cell3527	1	3	1	3
Cell3528	1	3	1	3
Cell3529	1	6	2	4
Cell3530	1	5	3	2
Cell3531	1	10	2	4
Cell3532	1	6	2	4
Cell3533	1	11	4	1
Cell3534	1	1	2	4
Cell3535	1	3	1	3
Cell3536	1	5	3	2
Cell3537	1	3	1	3
Cell3538	1	4	4	1
Cell3539	1	2	1	3
Cell3540	1	3	1	3
Cell3541	1	3	1	3
Cell3542	1	4	4	1
Cell3543	1	8	4	1
Cell3544	1	5	3	2
Cell3545	1	6	2	4
Cell3546	1	2	1	3
Cell3547	1	4	4	1
Cell3548	1	9	3	2
Cell3549	1	3	1	3
Cell3550	1	7	3	2
Cell3551	1	7	3	2
Cell3552	1	6	2	4
Cell3553	1	10	2	4
Cell3554	1	2	1	3
Cell3555	1	3	1	3
Cell3556	1	5	3	2
Cell3557	1	1	2	4
Cell3558	1	6	2	4
Cell3559	1	4	4	1
Cell3560	1	2	1	3
Cell3561	1	2	1	3
Cell3562	1	9	3	2
Cell3563	1	10	2	4
Cell3564	1	3	1	3
Cell3565	1	4	4	1
Cell3566	1	3	1	3
Cell3567	1	6	2	4
Cell3568	1	11	4	1
Cell3569	1	3	1	3
Cell3570	1	9	3	2
Cell3571	1	4	4	1
Cell3572	1	3	1	3
Cell3573	1	7	3	2
Cell3574	1	14	3	2
Cell3576	1	8	4	1
Cell3577	1	1	2	4
Cell3578	1	11	4	1
Cell3579	1	9	3	2
Cell3581	1	5	3	2
Cell3582	1	1	2	4
Cell3583	1	4	4	1
Cell3584	1	5	3	2
Cell3585	1	5	3	2
Cell3586	1	11	4	1
Cell3587	1	13	1	3
Cell3588	1	2	1	3
Cell3589	1	14	3	2
Cell3590	1	3	1	3
Cell3591	1	5	3	2
Cell3592	1	4	4	1
Cell3593	1	6	2	4
Cell3594	1	3	1	3
Cell3595	1	11	4	1
Cell3596	1	4	4	1
Cell3597	1	7	3	2
Cell3598	1	5	3	2
Cell3599	1	11	4	1
Cell3600	1	3	1	3
Cell3601	1	1	2	4
Cell3602	1	6	2	4
Cell3603	1	10	2	4
Cell3604	1	7	3	2
Cell3605	1	2	1	3
Cell3606	1	4	4	1
Cell3607	1	8	4	1
Cell3608	1	3	1	3
Cell3609	1	7	3	2
Cell3610	1	2	1	3
Cell3611	1	12	4	1
Cell3612	1	2	1	3
Cell3613	1	6	2	4
Cell3614	1	7	3	2
Cell3615	1	3	1	3
Cell3616	1	3	1	3
Cell3617	1	5	3	2
Cell3618	1	10	2	4
Cell3619	1	8	4	1
Cell3620	1	3	1	3
Cell3621	1	2	1	3
Cell3622	1	2	1	3
Cell3624	1	13	1	3
Cell3625	1	6	2	4
Cell3626	1	6	2	4
Cell3628	1	2	1	3
Cell3629	1	5	3	2
Cell3630	1	10	2	4
Cell3631	1	8	4	1
Cell3632	1	3	1	3
Cell3633	1	9	3	2
Cell3634	1	9	3	2
Cell3635	1	2	1	3
Cell3636	1	14	3	2
Cell3638	1	5	3	2
Cell3639	1	1	2	4
Cell3640	1	4	4	1
Cell3641	1	4	4	1
Cell3642	1	12	4	1
Cell3643	1	6	2	4
Cell3644	1	4	4	1
Cell3645	1	4	4	1
Cell3646	1	11	4	1
Cell3647	1	1	2	4
Cell3648	1	13	1	3
Cell3649	1	6	2	4
Cell3650	1	3	1	3
Cell3651	1	9	3	2
Cell3652	1	2	1	3
Cell3653	1	7	3	2
Cell3654	1	8	4	1
Cell3655	1	7	3	2
Cell3656	1	1	2	4
Cell3657	1	6	2	4
Cell3658	1	5	3	2
Cell3659	1	2	1	3
Cell3661	1	8	4	1
Cell3662	1	2	1	3
Cell3663	1	12	4	1
Cell3664	1	1	2	4
Cell3665	1	10	2	4
Cell3666	1	2	1	3
Cell3667	1	1	2	4
Cell3668	1	1	2	4
Cell3669	1	13	1	3
Cell3670	1	3	1	3
Cell3671	1	8	4	1
Cell3672	1	9	3	2
Cell3673	1	12	4	1
Cell3674	1	3	1	3
Cell3675	1	2	1	3
Cell3676	1	3	1	3
Cell3677	1	4	4	1
Cell3678	1	13	1	3
Cell3679	1	3	1	3
Cell3680	1	4	4	1
Cell3681	1	7	3	2
Cell3682	1	6	2	4
Cell3683	1	11	4	1
Cell3684	1	2	1	3
Cell3685	1	6	2	4
Cell3686	1	2	1	3
Cell3687	1	2	1	3
Cell3688	1	8	4	1
Cell3689	1	6	2	4
Cell3690	1	9	3	2
Cell3691	1	12	4	1
Cell3692	1	2	1	3
Cell3693	1	3	1	3
Cell3695	1	12	4	1
Cell3696	1	2	1	3
Cell3698	1	5	3	2
Cell3699	1	4	4	1
Cell3700	1	10	2	4
Cell3701	1	11	4	1
Cell3702	1	2	1	3
Cell3703	1	6	2	4
Cell3704	1	7	3	2
Cell3705	1	8	4	1
Cell3706	1	3	1	3
Cell3707	1	1	2	4
Cell3708	1	11	4	1
Cell3709	1	1	2	4
Cell3710	1	3	1	3
Cell3711	1	4	4	1
Cell3712	1	10	2	4
Cell3713	1	2	1	3
Cell3714	1	4	4	1
Cell3715	1	3	1	3
Cell3716	1	2	1	3
Cell3717	1	10	2	4
Cell3718	1	5	3	2
Cell3719	1	7	3	2
Cell3720	1	4	4	1
Cell3721	1	3	1	3
Cell3722	1	9	3	2
Cell3723	1	13	1	3
Cell3724	1	3	1	3
Cell3725	1	1	2	4
Cell3726	1	2	1	3
Cell3727	1	3	1	3
Cell3728	1	3	1	3
Cell3730	1	9	3	2
Cell3731	1	4	4	1
Cell3732	1	12	4	1
Cell3733	1	9	3	2
Cell3734	1	8	4	1
Cell3735	1	2	1	3
Cell3736	1	2	1	3
Cell3737	1	9	3	2
Cell3738	1	2	1	3
Cell3739	1	8	4	1
Cell3740	1	5	3	2
Cell3741	1	11	4	1
Cell3742	1	10	2	4
Cell3743	1	8	4	1
Cell3744	1	9	3	2
Cell3745	1	9	3	2
Cell3746	1	2	1	3
Cell3747	1	13	1	3
Cell3748	1	4	4	1
Cell3749	1	11	4	1
Cell3750	1	12	4	1
Cell3751	1	5	3	2
Cell3752	1	10	2	4
Cell3753	1	4	4	1
Cell3754	1	9	3	2
Cell3755	1	6	2	4
Cell3756	1	6	2	4
Cell3758	1	4	4	1
Cell3759	1	2	1	3
Cell3760	1	4	4	1
Cell3761	1	3	1	3
Cell3762	1	14	3	2
Cell3763	1	2	1	3
Cell3764	1	10	2	4
Cell3765	1	9	3	2
Cell3766	1	7	3	2
Cell3767	1	4	4	1
Cell3768	1	7	3	2
Cell3770	1	3	1	3
Cell3771	1	7	3	2
Cell3772	1	3	1	3
Cell3773	1	10	2	4
Cell3775	1	9	3	2
Cell3776	1	2	1	3
Cell3777	1	4	4	1
Cell3778	1	4	4	1
Cell3779	1	4	4	1
Cell3780	1	6	2	4
Cell3781	1	1	2	4
Cell3782	1	1	2	4
Cell3783	1	7	3	2
Cell3784	1	6	2	4
Cell3785	1	2	1	3
Cell3786	1	7	3	2
Cell3787	1	1	2	4
Cell3788	1	1	2	4
Cell3789	1	2	1	3
Cell3790	1	4	4	1
Cell3791	1	3	1	3
Cell3792	1	4	4	1
Cell3793	1	3	1	3
Cell3794	1	2	1	3
Cell3795	1	1	2	4
Cell3796	1	9	3	2
Cell3797	1	2	1	3
Cell3798	1	4	4	1
Cell3799	1	7	3	2
Cell3800	1	4	4	1
Cell3801	1	6	2	4
Cell3802	1	3	1	3
Cell3803	1	12	4	1
Cell3804	1	9	3	2
Cell3805	1	10	2	4
Cell3806	1	8	4	1
Cell3807	1	2	1	3
Cell3808	1	4	4	1
Cell3809	1	7	3	2
Cell3810	1	4	4	1
Cell3811	1	14	3	2
Cell3813	1	8	4	1
Cell3814	1	2	1	3
Cell3815	1	7	3	2
Cell3816	1	7	3	2
Cell3817	1	11	4	1
Cell3818	1	3	1	3
Cell3819	1	9	3	2
Cell3821	1	8	4	1
Cell3822	1	9	3	2
Cell3823	1	11	4	1
Cell3824	1	7	3	2
Cell3825	1	9	3	2
Cell3826	1	10	2	4
Cell3827	1	10	2	4
Cell3828	1	5	3	2
Cell3829	1	3	1	3
Cell3830	1	8	4	1
Cell3831	1	13	1	3
Cell3832	1	5	3	2
Cell3833	1	6	2	4
Cell3835	1	10	2	4
Cell3836	1	1	2	4
Cell3837	1	10	2	4
Cell3838	1	8	4	1
Cell3839	1	11	4	1
Cell3840	1	11	4	1
Cell3841	1	6	2	4
Cell3842	1	11	4	1
Cell3843	1	13	1	3
Cell3844	1	6	2	4
Cell3845	1	4	4	1
Cell3846	1	3	1	3
Cell3847	1	6	2	4
Cell3848	1	12	4	1
Cell3849	1	8	4	1
Cell3850	1	3	1	3
Cell3851	1	2	1	3
Cell3852	1	3	1	3
Cell3853	1	10	2	4
Cell3854	1	11	4	1
Cell3855	1	12	4	1
Cell3856	1	12	4	1
Cell3857	1	10	2	4
Cell3858	1	6	2	4
Cell3859	1	5	3	2
Cell3860	1	11	4	1
Cell3861	1	9	3	2
Cell3862	1	6	2	4
Cell3863	1	1	2	4
Cell3864	1	4	4	1
Cell3865	1	11	4	1
Cell3866	1	2	1	3
Cell3867	1	13	1	3
Cell3868	1	12	4	1
Cell3869	1	13	1	3
Cell3870	1	3	1	3
Cell3871	1	4	4	1
Cell3872	1	5	3	2
Cell3873	1	13	1	3
Cell3874	1	5	3	2
Cell3875	1	7	3	2
Cell3876	1	7	3	2
Cell3877	1	6	2	4
Cell3878	1	1	2	4
Cell3879	1	5	3	2
Cell3880	1	3	1	3
Cell3881	1	8	4	1
Cell3882	1	3	1	3
Cell3883	1	11	4	1
Cell3884	1	12	4	1
Cell3885	1	7	3	2
Cell3886	1	2	1	3
Cell3887	1	11	4	1
Cell3888	1	6	2	4
Cell3889	1	2	1	3
Cell3890	1	11	4	1
Cell3891	1	6	2	4
Cell3892	1	14	3	2
Cell3893	1	2	1	3
Cell3894	1	11	4	1
Cell3895	1	6	2	4
Cell3896	1	3	1	3
Cell3897	1	1	2	4
Cell3898	1	4	4	1
Cell3899	1	5	3	2
Cell3900	1	2	1	3
Cell3901	1	10	2	4
Cell3902	1	6	2	4
Cell3903	1	8	4	1
Cell3904	1	6	2	4
Cell3905	1	1	2	4
Cell3906	1	12	4	1
Cell3907	1	5	3	2
Cell3908	1	2	1	3
Cell3909	1	7	3	2
Cell3910	1	11	4	1
Cell3911	1	9	3	2
Cell3912	1	2	1	3
Cell3913	1	11	4	1
Cell3914	1	5	3	2
Cell3915	1	2	1	3
Cell3916	1	1	2	4
Cell3917	1	6	2	4
Cell3918	1	8	4	1
Cell3919	1	11	4	1
Cell3920	1	1	2	4
Cell3921	1	2	1	3
Cell3922	1	3	1	3
Cell3923	1	10	2	4
Cell3924	1	8	4	1
Cell3925	1	4	4	1
Cell3926	1	7	3	2
Cell3927	1	10	2	4
Cell3928	1	2	1	3
Cell3929	1	14	3	2
Cell3930	1	4	4	1
Cell3931	1	12	4	1
Cell3932	1	11	4	1
Cell3933	1	12	4	1
Cell3934	1	3	1	3
Cell3935	1	4	4	1
Cell3936	1	1	2	4
Cell3937	1	9	3	2
Cell3938	1	13	1	3
Cell3939	1	1	2	4
Cell3940	1	6	2	4
Cell3941	1	5	3	2
Cell3942	1	1	2	4
Cell3943	1	2	1	3
Cell3944	1	12	4	1
Cell3945	1	14	3	2
Cell3946	1	14	3	2
Cell3947	1	6	2	4
Cell3948	1	9	3	2
Cell3949	1	3	1	3
Cell3951	1	3	1	3
Cell3952	1	7	3	2
Cell3953	1	9	3	2
Cell3954	1	3	1	3
Cell3955	1	4	4	1
Cell3956	1	3	1	3
Cell3957	1	3	1	3
Cell3958	1	4	4	1
Cell3959	1	3	1	3
Cell3960	1	14	3	2
Cell3961	1	7	3	2
Cell3962	1	7	3	2
Cell3963	1	2	1	3
Cell3965	1	13	1	3
Cell3966	1	5	3	2
Cell3967	1	9	3	2
Cell3968	1	6	2	4
Cell3969	1	5	3	2
Cell3970	1	13	1	3
Cell3971	1	1	2	4
Cell3972	1	9	3	2
Cell3973	1	8	4	1
Cell3974	1	3	1	3
Cell3975	1	10	2	4
Cell3976	1	6	2	4
Cell3978	1	1	2	4
Cell3979	1	10	2	4
Cell3980	1	12	4	1
Cell3981	1	7	3	2
Cell3982	1	9	3	2
Cell3983	1	4	4	1
Cell3985	1	7	3	2
Cell3987	1	12	4	1
Cell3988	1	10	2	4
Cell3989	1	14	3	2
Cell3991	1	5	3	2
Cell3992	1	3	1	3
Cell3993	1	9	3	2
Cell3994	1	11	4	1
Cell3995	1	6	2	4
Cell3996	1	5	3	2
Cell3997	1	6	2	4
Cell3998	1	3	1	3
Cell3999	1	5	3	2
Cell4000	1	6	2	4
Cell4001	1	4	4	1
Cell4002	1	1	2	4
Cell4003	1	7	3	2
Cell4004	1	3	1	3
Cell4005	1	9	3	2
Cell4006	1	1	2	4
Cell4007	1	7	3	2
Cell4008	1	7	3	2
Cell4009	1	8	4	1
Cell4010	1	11	4	1
Cell4011	1	7	3	2
Cell4013	1	11	4	1
Cell4014	1	1	2	4
Cell4015	1	10	2	4
Cell4016	1	12	4	1
Cell4017	1	7	3	2
Cell4018	1	2	1	3
Cell4019	1	3	1	3
Cell4020	1	3	1	3
Cell4021	1	1	2	4
Cell4022	1	2	1	3
Cell4023	1	3	1	3
Cell4024	1	2	1	3
Cell4025	1	12	4	1
Cell4026	1	13	1	3
Cell4027	1	5	3	2
Cell4028	1	3	1	3
Cell4029	1	1	2	4
Cell4030	1	14	3	2
Cell4031	1	12	4	1
Cell4032	1	3	1	3
Cell4033	1	2	1	3
Cell4034	1	8	4	1
Cell4035	1	10	2	4
Cell4036	1	4	4	1
Cell4038	1	8	4	1
Cell4039	1	2	1	3
Cell4040	1	2	1	3
Cell4042	1	3	1	3
Cell4043	1	2	1	3
Cell4044	1	8	4	1
Cell4045	1	7	3	2
Cell4046	1	4	4	1
Cell4047	1	6	2	4
Cell4048	1	3	1	3
Cell4049	1	11	4	1
Cell4050	1	6	2	4
Cell4051	1	2	1	3
Cell4052	1	2	1	3
Cell4053	1	9	3	2
Cell4054	1	3	1	3
Cell4055	1	2	1	3
Cell4056	1	1	2	4
Cell4057	1	7	3	2
Cell4058	1	5	3	2
Cell4059	1	8	4	1
Cell4060	1	5	3	2
Cell4061	1	12	4	1
Cell4062	1	5	3	2
Cell4063	1	3	1	3
Cell4064	1	4	4	1
Cell4066	1	9	3	2
Cell4067	1	6	2	4
Cell4068	1	11	4	1
Cell4069	1	11	4	1
Cell4070	1	1	2	4
Cell4071	1	2	1	3
Cell4072	1	4	4	1
Cell4073	1	1	2	4
Cell4074	1	6	2	4
Cell4075	1	11	4	1
Cell4076	1	1	2	4
Cell4077	1	2	1	3
Cell4078	1	1	2	4
Cell4079	1	6	2	4
Cell4080	1	11	4	1
Cell4081	1	7	3	2
Cell4082	1	3	1	3
Cell4083	1	11	4	1
Cell4084	1	10	2	4
Cell4085	1	9	3	2
Cell4086	1	3	1	3
Cell4087	1	1	2	4
Cell4088	1	8	4	1
Cell4089	1	13	1	3
Cell4090	1	1	2	4
Cell4091	1	2	1	3
Cell4092	1	5	3	2
Cell4093	1	6	2	4
Cell4094	1	3	1	3
Cell4095	1	10	2	4
Cell4096	1	2	1	3
Cell4097	1	4	4	1
Cell4098	1	9	3	2
Cell4099	1	4	4	1
Cell4100	1	9	3	2
Cell4101	1	8	4	1
Cell4102	1	1	2	4
Cell4103	1	1	2	4
Cell4104	1	9	3	2
Cell4105	1	5	3	2
Cell4106	1	13	1	3
Cell4107	1	2	1	3
Cell4108	1	13	1	3
Cell4109	1	12	4	1
Cell4110	1	6	2	4
Cell4111	1	1	2	4
Cell4112	1	5	3	2
Cell4113	1	2	1	3
Cell4114	1	4	4	1
Cell4115	1	4	4	1
Cell4116	1	4	4	1
Cell4117	1	2	1	3
Cell4118	1	4	4	1
Cell4119	1	10	2	4
Cell4120	1	7	3	2
Cell4121	1	5	3	2
Cell4122	1	3	1	3
Cell4123	1	8	4	1
Cell4124	1	11	4	1
Cell4125	1	10	2	4
Cell4127	1	3	1	3
Cell4128	1	3	1	3
Cell4129	1	9	3	2
Cell4130	1	7	3	2
Cell4131	1	1	2	4
Cell4132	1	1	2	4
Cell4134	1	3	1	3
Cell4135	1	4	4	1
Cell4136	1	12	4	1
Cell4137	1	7	3	2
Cell4138	1	1	2	4
Cell4139	1	3	1	3
Cell4140	1	8	4	1
Cell4141	1	7	3	2
Cell4143	1	7	3	2
Cell4144	1	11	4	1
Cell4145	1	3	1	3
Cell4146	1	7	3	2
Cell4147	1	4	4	1
Cell4148	1	5	3	2
Cell4149	1	6	2	4
Cell4150	1	2	1	3
Cell4151	1	10	2	4
Cell4152	1	2	1	3
Cell4153	1	6	2	4
Cell4154	1	13	1	3
Cell4155	1	12	4	1
Cell4157	1	4	4	1
Cell4158	1	1	2	4
Cell4159	1	10	2	4
Cell4160	1	2	1	3
Cell4161	1	7	3	2
Cell4162	1	1	2	4
Cell4163	1	3	1	3
Cell4165	1	11	4	1
Cell4167	1	1	2	4
Cell4169	1	8	4	1
Cell4170	1	8	4	1
Cell4171	1	12	4	1
Cell4172	1	1	2	4
Cell4173	1	1	2	4
Cell4174	1	11	4	1
Cell4175	1	12	4	1
Cell4176	1	1	2	4
Cell4178	1	5	3	2
Cell4179	1	7	3	2
Cell4180	1	11	4	1
Cell4181	1	14	3	2
Cell4182	1	10	2	4
Cell4183	1	2	1	3
Cell4184	1	5	3	2
Cell4185	1	7	3	2
Cell4186	1	1	2	4
Cell4187	1	3	1	3
Cell4188	1	12	4	1
Cell4189	1	2	1	3
Cell4190	1	3	1	3
Cell4191	1	6	2	4
Cell4192	1	8	4	1
Cell4193	1	5	3	2
Cell4194	1	4	4	1
Cell4195	1	14	3	2
Cell4196	1	7	3	2
Cell4197	1	14	3	2
Cell4198	1	13	1	3
Cell4199	1	1	2	4
Cell4200	1	2	1	3
Cell4201	1	4	4	1
Cell4203	1	1	2	4
Cell4204	1	4	4	1
Cell4205	1	5	3	2
Cell4206	1	9	3	2
Cell4207	1	6	2	4
Cell4208	1	13	1	3
Cell4209	1	6	2	4
Cell4210	1	11	4	1
Cell4211	1	5	3	2
Cell4212	1	5	3	2
Cell4213	1	5	3	2
Cell4214	1	1	2	4
Cell4215	1	3	1	3
Cell4216	1	6	2	4
Cell4218	1	10	2	4
Cell4219	1	4	4	1
Cell4220	1	5	3	2
Cell4221	1	11	4	1
Cell4222	1	2	1	3
Cell4223	1	8	4	1
Cell4224	1	7	3	2
Cell4226	1	10	2	4
Cell4227	1	3	1	3
Cell4228	1	3	1	3
Cell4229	1	8	4	1
Cell4230	1	4	4	1
Cell4231	1	8	4	1
Cell4232	1	11	4	1
Cell4233	1	7	3	2
Cell4234	1	9	3	2
Cell4235	1	11	4	1
Cell4236	1	14	3	2
Cell4237	1	4	4	1
Cell4238	1	13	1	3
Cell4239	1	1	2	4
Cell4240	1	8	4	1
Cell4242	1	1	2	4
Cell4243	1	3	1	3
Cell4244	1	9	3	2
Cell4245	1	7	3	2
Cell4246	1	4	4	1
Cell4247	1	6	2	4
Cell4248	1	2	1	3
Cell4249	1	2	1	3
Cell4250	1	4	4	1
Cell4251	1	1	2	4
Cell4252	1	2	1	3
Cell4253	1	12	4	1
Cell4254	1	7	3	2
Cell4255	1	11	4	1
Cell4256	1	1	2	4
Cell4257	1	6	2	4
Cell4258	1	1	2	4
Cell4260	1	7	3	2
Cell4261	1	8	4	1
Cell4262	1	2	1	3
Cell4263	1	6	2	4
Cell4264	1	4	4	1
Cell4265	1	7	3	2
Cell4266	1	7	3	2
Cell4267	1	9	3	2
Cell4268	1	4	4	1
Cell4269	1	1	2	4
Cell4270	1	9	3	2
Cell4271	1	11	4	1
Cell4272	1	9	3	2
Cell4273	1	10	2	4
Cell4274	1	11	4	1
Cell4275	1	3	1	3
Cell4276	1	9	3	2
Cell4277	1	4	4	1
Cell4278	1	10	2	4
Cell4279	1	1	2	4
Cell4280	1	6	2	4
Cell4281	1	10	2	4
Cell4282	1	9	3	2
Cell4283	1	4	4	1
Cell4284	1	3	1	3
Cell4285	1	7	3	2
Cell4286	1	2	1	3
Cell4287	1	3	1	3
Cell4288	1	4	4	1
Cell4289	1	8	4	1
Cell4290	1	2	1	3
Cell4292	1	1	2	4
Cell4293	1	2	1	3
Cell4294	1	4	4	1
Cell4295	1	14	3	2
Cell4296	1	5	3	2
Cell4297	1	5	3	2
Cell4298	1	4	4	1
Cell4299	1	5	3	2
Cell4300	1	2	1	3
Cell4302	1	7	3	2
Cell4303	1	8	4	1
Cell4304	1	2	1	3
Cell4305	1	3	1	3
Cell4307	1	8	4	1
Cell4308	1	3	1	3
Cell4310	1	2	1	3
Cell4311	1	10	2	4
Cell4312	1	3	1	3
Cell4313	1	3	1	3
Cell4314	1	2	1	3
Cell4315	1	3	1	3
Cell4316	1	3	1	3
Cell4317	1	1	2	4
Cell4318	1	13	1	3
Cell4319	1	2	1	3
Cell4320	1	1	2	4
Cell4321	1	9	3	2
Cell4322	1	2	1	3
Cell4323	1	12	4	1
Cell4324	1	1	2	4
Cell4326	1	7	3	2
Cell4327	1	6	2	4
Cell4328	1	3	1	3
Cell4329	1	2	1	3
Cell4330	1	2	1	3
Cell4331	1	13	1	3
Cell4332	1	11	4	1
Cell4333	1	7	3	2
Cell4334	1	6	2	4
Cell4335	1	3	1	3
Cell4336	1	9	3	2
Cell4337	1	3	1	3
Cell4338	1	3	1	3
Cell4339	1	5	3	2
Cell4340	1	12	4	1
Cell4341	1	4	4	1
Cell4342	1	8	4	1
Cell4343	1	2	1	3
Cell4344	1	10	2	4
Cell4345	1	9	3	2
Cell4346	1	10	2	4
Cell4347	1	8	4	1
Cell4348	1	11	4	1
Cell4349	1	7	3	2
Cell4350	1	6	2	4
Cell4351	1	11	4	1
Cell4352	1	10	2	4
Cell4353	1	7	3	2
Cell4354	1	6	2	4
Cell4355	1	11	4	1
Cell4356	1	9	3	2
Cell4357	1	10	2	4
Cell4358	1	9	3	2
Cell4359	1	1	2	4
Cell4360	1	5	3	2
Cell4361	1	2	1	3
Cell4362	1	1	2	4
Cell4363	1	3	1	3
Cell4364	1	2	1	3
Cell4365	1	9	3	2
Cell4366	1	13	1	3
Cell4367	1	12	4	1
Cell4368	1	13	1	3
Cell4369	1	4	4	1
Cell4370	1	4	4	1
Cell4371	1	12	4	1
Cell4372	1	2	1	3
Cell4373	1	3	1	3
Cell4374	1	7	3	2
Cell4375	1	5	3	2
Cell4376	1	1	2	4
Cell4377	1	9	3	2
Cell4378	1	6	2	4
Cell4379	1	9	3	2
Cell4380	1	4	4	1
Cell4381	1	2	1	3
Cell4382	1	8	4	1
Cell4383	1	7	3	2
Cell4384	1	12	4	1
Cell4385	1	8	4	1
Cell4386	1	8	4	1
Cell4387	1	1	2	4
Cell4388	1	11	4	1
Cell4389	1	2	1	3
Cell4390	1	10	2	4
Cell4391	1	9	3	2
Cell4392	1	4	4	1
Cell4393	1	12	4	1
Cell4394	1	6	2	4
Cell4395	1	10	2	4
Cell4397	1	8	4	1
Cell4398	1	5	3	2
Cell4399	1	5	3	2
Cell4400	1	9	3	2
Cell4401	1	1	2	4
Cell4402	1	7	3	2
Cell4403	1	2	1	3
Cell4404	1	1	2	4
Cell4405	1	6	2	4
Cell4406	1	2	1	3
Cell4407	1	5	3	2
Cell4409	1	10	2	4
Cell4411	1	3	1	3
Cell4412	1	3	1	3
Cell4413	1	7	3	2
Cell4414	1	7	3	2
Cell4415	1	7	3	2
Cell4416	1	3	1	3
Cell4417	1	13	1	3
Cell4418	1	12	4	1
Cell4419	1	8	4	1
Cell4420	1	11	4	1
Cell4421	1	3	1	3
Cell4422	1	10	2	4
Cell4423	1	8	4	1
Cell4424	1	2	1	3
Cell4425	1	6	2	4
Cell4426	1	3	1	3
Cell4427	1	11	4	1
Cell4428	1	3	1	3
Cell4429	1	4	4	1
Cell4430	1	8	4	1
Cell4431	1	8	4	1
Cell4432	1	3	1	3
Cell4433	1	3	1	3
Cell4434	1	7	3	2
Cell4435	1	5	3	2
Cell4436	1	8	4	1
Cell4437	1	12	4	1
Cell4438	1	2	1	3
Cell4439	1	5	3	2
Cell4440	1	2	1	3
Cell4441	1	11	4	1
Cell4442	1	12	4	1
Cell4443	1	1	2	4
Cell4444	1	7	3	2
Cell4445	1	4	4	1
Cell4446	1	14	3	2
Cell4447	1	11	4	1
Cell4448	1	4	4	1
Cell4449	1	1	2	4
Cell4450	1	4	4	1
Cell4451	1	3	1	3
Cell4452	1	6	2	4
Cell4453	1	8	4	1
Cell4454	1	3	1	3
Cell4455	1	11	4	1
Cell4456	1	11	4	1
Cell4457	1	5	3	2
Cell4458	1	13	1	3
Cell4459	1	12	4	1
Cell4460	1	10	2	4
Cell4461	1	9	3	2
Cell4462	1	4	4	1
Cell4463	1	1	2	4
Cell4464	1	10	2	4
Cell4465	1	2	1	3
Cell4466	1	4	4	1
Cell4467	1	4	4	1
Cell4468	1	11	4	1
Cell4470	1	7	3	2
Cell4471	1	4	4	1
Cell4472	1	11	4	1
Cell4473	1	9	3	2
Cell4474	1	14	3	2
Cell4475	1	7	3	2
Cell4476	1	1	2	4
Cell4477	1	1	2	4
Cell4478	1	8	4	1
Cell4479	1	14	3	2
Cell4480	1	4	4	1
Cell4481	1	10	2	4
Cell4482	1	3	1	3
Cell4483	1	4	4	1
Cell4484	1	2	1	3
Cell4485	1	7	3	2
Cell4486	1	1	2	4
Cell4487	1	7	3	2
Cell4488	1	7	3	2
Cell4489	1	6	2	4
Cell4490	1	10	2	4
Cell4491	1	2	1	3
Cell4492	1	12	4	1
Cell4493	1	9	3	2
Cell4494	1	2	1	3
Cell4495	1	2	1	3
Cell4496	1	7	3	2
Cell4497	1	6	2	4
Cell4498	1	10	2	4
Cell4499	1	10	2	4
Cell4500	1	12	4	1
Cell4501	1	4	4	1
Cell4502	1	13	1	3
Cell4503	1	6	2	4
Cell4504	1	10	2	4
Cell4505	1	11	4	1
Cell4506	1	2	1	3
Cell4507	1	3	1	3
Cell4508	1	5	3	2
Cell4509	1	8	4	1
Cell4510	1	2	1	3
Cell4511	1	2	1	3
Cell4512	1	5	3	2
Cell4513	1	3	1	3
Cell4514	1	4	4	1
Cell4515	1	3	1	3
Cell4516	1	4	4	1
Cell4517	1	5	3	2
Cell4518	1	4	4	1
Cell4519	1	7	3	2
Cell4520	1	14	3	2
Cell4521	1	1	2	4
Cell4522	1	7	3	2
Cell4523	1	1	2	4
Cell4524	1	8	4	1
Cell4525	1	1	2	4
Cell4526	1	9	3	2
Cell4527	1	5	3	2
Cell4529	1	10	2	4
Cell4530	1	11	4	1
Cell4531	1	7	3	2
Cell4532	1	1	2	4
Cell4533	1	3	1	3
Cell4534	1	11	4	1
Cell4535	1	3	1	3
Cell4536	1	6	2	4
Cell4537	1	4	4	1
Cell4538	1	5	3	2
Cell4539	1	13	1	3
Cell4540	1	7	3	2
Cell4541	1	5	3	2
Cell4542	1	7	3	2
Cell4543	1	1	2	4
Cell4544	1	4	4	1
Cell4546	1	8	4	1
Cell4547	1	3	1	3
Cell4548	1	13	1	3
Cell4549	1	3	1	3
Cell4550	1	1	2	4
Cell4551	1	10	2	4
Cell4552	1	2	1	3
Cell4553	1	3	1	3
Cell4554	1	2	1	3
Cell4555	1	6	2	4
Cell4556	1	2	1	3
Cell4557	1	6	2	4
Cell4558	1	9	3	2
Cell4559	1	8	4	1
Cell4560	1	9	3	2
Cell4561	1	9	3	2
Cell4562	1	6	2	4
Cell4563	1	1	2	4
Cell4564	1	3	1	3
Cell4565	1	1	2	4
Cell4566	1	8	4	1
Cell4567	1	6	2	4
Cell4568	1	4	4	1
Cell4569	1	12	4	1
Cell4570	1	9	3	2
Cell4571	1	3	1	3
Cell4572	1	9	3	2
Cell4573	1	6	2	4
Cell4574	1	10	2	4
Cell4575	1	14	3	2
Cell4576	1	7	3	2
Cell4577	1	6	2	4
Cell4578	1	8	4	1
Cell4579	1	10	2	4
Cell4580	1	8	4	1
Cell4581	1	14	3	2
Cell4582	1	9	3	2
Cell4583	1	3	1	3
Cell4585	1	11	4	1
Cell4586	1	3	1	3
Cell4587	1	7	3	2
Cell4588	1	4	4	1
Cell4589	1	2	1	3
Cell4590	1	3	1	3
Cell4591	1	12	4	1
Cell4592	1	2	1	3
Cell4593	1	4	4	1
Cell4594	1	5	3	2
Cell4595	1	2	1	3
Cell4596	1	3	1	3
Cell4597	1	3	1	3
Cell4598	1	14	3	2
Cell4599	1	11	4	1
Cell4600	1	5	3	2
Cell4601	1	2	1	3
Cell4602	1	10	2	4
Cell4604	1	12	4	1
Cell4605	1	4	4	1
Cell4606	1	5	3	2
Cell4607	1	3	1	3
Cell4608	1	13	1	3
Cell4609	1	12	4	1
Cell4610	1	10	2	4
Cell4611	1	7	3	2
Cell4612	1	4	4	1
Cell4613	1	13	1	3
Cell4614	1	8	4	1
Cell4615	1	13	1	3
Cell4616	1	3	1	3
Cell4617	1	3	1	3
Cell4618	1	13	1	3
Cell4620	1	5	3	2
Cell4621	1	12	4	1
Cell4622	1	2	1	3
Cell4623	1	5	3	2
Cell4624	1	2	1	3
Cell4625	1	7	3	2
Cell4626	1	11	4	1
Cell4627	1	5	3	2
Cell4628	1	13	1	3
Cell4629	1	1	2	4
Cell4630	1	8	4	1
Cell4631	1	4	4	1
Cell4632	1	7	3	2
Cell4633	1	3	1	3
Cell4634	1	11	4	1
Cell4635	1	7	3	2
Cell4636	1	2	1	3
Cell4637	1	2	1	3
Cell4638	1	6	2	4
Cell4639	1	8	4	1
Cell4640	1	1	2	4
Cell4641	1	4	4	1
Cell4642	1	14	3	2
Cell4643	1	5	3	2
Cell4644	1	10	2	4
Cell4645	1	3	1	3
Cell4646	1	3	1	3
Cell4647	1	1	2	4
Cell4648	1	14	3	2
Cell4649	1	2	1	3
Cell4650	1	8	4	1
Cell4651	1	1	2	4
Cell4652	1	2	1	3
Cell4653	1	1	2	4
Cell4654	1	1	2	4
Cell4655	1	1	2	4
Cell4656	1	7	3	2
Cell4657	1	6	2	4
Cell4658	1	1	2	4
Cell4659	1	2	1	3
Cell4660	1	11	4	1
Cell4662	1	2	1	3
Cell4663	1	5	3	2
Cell4664	1	7	3	2
Cell4665	1	9	3	2
Cell4666	1	11	4	1
Cell4667	1	7	3	2
Cell4668	1	2	1	3
Cell4669	1	7	3	2
Cell4670	1	2	1	3
Cell4671	1	5	3	2
Cell4672	1	3	1	3
Cell4673	1	12	4	1
Cell4674	1	12	4	1
Cell4675	1	2	1	3
Cell4676	1	2	1	3
Cell4677	1	4	4	1
Cell4678	1	9	3	2
Cell4679	1	7	3	2
Cell4680	1	7	3	2
Cell4683	1	5	3	2
Cell4684	1	2	1	3
Cell4685	1	1	2	4
Cell4686	1	2	1	3
Cell4687	1	6	2	4
Cell4688	1	8	4	1
Cell4689	1	9	3	2
Cell4690	1	8	4	1
Cell4691	1	13	1	3
Cell4692	1	9	3	2
Cell4693	1	1	2	4
Cell4694	1	3	1	3
Cell4695	1	1	2	4
Cell4696	1	10	2	4
Cell4697	1	12	4	1
Cell4698	1	11	4	1
Cell4699	1	1	2	4
Cell4700	1	7	3	2
Cell4701	1	7	3	2
Cell4702	1	7	3	2
Cell4704	1	8	4	1
Cell4705	1	9	3	2
Cell4707	1	1	2	4
Cell4708	1	4	4	1
Cell4709	1	9	3	2
Cell4710	1	5	3	2
Cell4711	1	7	3	2
Cell4712	1	3	1	3
Cell4713	1	2	1	3
Cell4714	1	7	3	2
Cell4715	1	8	4	1
Cell4716	1	1	2	4
Cell4717	1	3	1	3
Cell4718	1	11	4	1
Cell4719	1	2	1	3
Cell4720	1	3	1	3
Cell4721	1	9	3	2
Cell4722	1	1	2	4
Cell4723	1	13	1	3
Cell4724	1	8	4	1
Cell4725	1	6	2	4
Cell4726	1	4	4	1
Cell4727	1	10	2	4
Cell4728	1	6	2	4
Cell4729	1	1	2	4
Cell4730	1	5	3	2
Cell4731	1	1	2	4
Cell4732	1	13	1	3
Cell4733	1	7	3	2
Cell4734	1	4	4	1
Cell4735	1	3	1	3
Cell4736	1	7	3	2
Cell4737	1	8	4	1
Cell4738	1	12	4	1
Cell4739	1	3	1	3
Cell4740	1	11	4	1
Cell4741	1	12	4	1
Cell4742	1	2	1	3
Cell4743	1	7	3	2
Cell4744	1	9	3	2
Cell4745	1	4	4	1
Cell4746	1	5	3	2
Cell4747	1	11	4	1
Cell4748	1	2	1	3
Cell4749	1	1	2	4
Cell4750	1	3	1	3
Cell4751	1	8	4	1
Cell4752	1	4	4	1
Cell4753	1	2	1	3
Cell4754	1	6	2	4
Cell4755	1	8	4	1
Cell4756	1	7	3	2
Cell4757	1	14	3	2
Cell4758	1	7	3	2
Cell4759	1	2	1	3
Cell4760	1	1	2	4
Cell4761	1	14	3	2
Cell4762	1	8	4	1
Cell4763	1	13	1	3
Cell4764	1	4	4	1
Cell4765	1	7	3	2
Cell4766	1	2	1	3
Cell4767	1	7	3	2
Cell4768	1	2	1	3
Cell4769	1	8	4	1
Cell4770	1	10	2	4
Cell4771	1	5	3	2
Cell4772	1	2	1	3
Cell4773	1	2	1	3
Cell4774	1	2	1	3
Cell4775	1	6	2	4
Cell4776	1	10	2	4
Cell4777	1	13	1	3
Cell4778	1	7	3	2
Cell4779	1	8	4	1
Cell4780	1	9	3	2
Cell4781	1	4	4	1
Cell4782	1	13	1	3
Cell4783	1	9	3	2
Cell4784	1	11	4	1
Cell4785	1	13	1	3
Cell4786	1	4	4	1
Cell4787	1	8	4	1
Cell4788	1	1	2	4
Cell4789	1	6	2	4
Cell4790	1	4	4	1
Cell4791	1	1	2	4
Cell4792	1	8	4	1
Cell4793	1	6	2	4
Cell4794	1	2	1	3
Cell4795	1	3	1	3
Cell4796	1	4	4	1
Cell4797	1	10	2	4
Cell4798	1	5	3	2
Cell4799	1	9	3	2
Cell4800	1	2	1	3
Cell4801	1	8	4	1
Cell4802	1	7	3	2
Cell4803	1	12	4	1
Cell4804	1	8	4	1
Cell4805	1	8	4	1
Cell4806	1	11	4	1
Cell4807	1	8	4	1
Cell4808	1	2	1	3
Cell4809	1	4	4	1
Cell4810	1	2	1	3
Cell4811	1	8	4	1
Cell4812	1	10	2	4
Cell4813	1	3	1	3
Cell4814	1	5	3	2
Cell4815	1	9	3	2
Cell4816	1	1	2	4
Cell4817	1	5	3	2
Cell4818	1	8	4	1
Cell4819	1	3	1	3
Cell4820	1	8	4	1
Cell4821	1	12	4	1
Cell4822	1	5	3	2
Cell4823	1	4	4	1
Cell4824	1	1	2	4
Cell4825	1	10	2	4
Cell4826	1	14	3	2
Cell4827	1	2	1	3
Cell4828	1	4	4	1
Cell4829	1	9	3	2
Cell4830	1	1	2	4
Cell4831	1	6	2	4
Cell4832	1	9	3	2
Cell4833	1	1	2	4
Cell4834	1	2	1	3
Cell4835	1	14	3	2
Cell4836	1	8	4	1
Cell4837	1	8	4	1
Cell4838	1	7	3	2
Cell4839	1	11	4	1
Cell4840	1	5	3	2
Cell4841	1	2	1	3
Cell4842	1	11	4	1
Cell4843	1	6	2	4
Cell4844	1	1	2	4
Cell4845	1	5	3	2
Cell4847	1	8	4	1
Cell4848	1	2	1	3
Cell4849	1	7	3	2
Cell4850	1	6	2	4
Cell4851	1	11	4	1
Cell4852	1	7	3	2
Cell4853	1	2	1	3
Cell4854	1	6	2	4
Cell4855	1	7	3	2
Cell4856	1	7	3	2
Cell4857	1	5	3	2
Cell4858	1	7	3	2
Cell4859	1	2	1	3
Cell4860	1	4	4	1
Cell4861	1	1	2	4
Cell4862	1	3	1	3
Cell4863	1	9	3	2
Cell4864	1	12	4	1
Cell4865	1	11	4	1
Cell4866	1	5	3	2
Cell4868	1	1	2	4
Cell4869	1	9	3	2
Cell4870	1	4	4	1
Cell4871	1	1	2	4
Cell4872	1	12	4	1
Cell4873	1	12	4	1
Cell4874	1	3	1	3
Cell4875	1	6	2	4
Cell4876	1	4	4	1
Cell4877	1	14	3	2
Cell4878	1	9	3	2
Cell4879	1	7	3	2
Cell4880	1	6	2	4
Cell4881	1	12	4	1
Cell4882	1	1	2	4
Cell4883	1	1	2	4
Cell4884	1	1	2	4
Cell4885	1	2	1	3
Cell4886	1	1	2	4
Cell4887	1	7	3	2
Cell4888	1	3	1	3
Cell4889	1	13	1	3
Cell4890	1	4	4	1
Cell4891	1	14	3	2
Cell4892	1	2	1	3
Cell4893	1	3	1	3
Cell4894	1	3	1	3
Cell4895	1	4	4	1
Cell4896	1	3	1	3
Cell4897	1	1	2	4
Cell4898	1	9	3	2
Cell4899	1	8	4	1
Cell4900	1	2	1	3
Cell4901	1	5	3	2
Cell4902	1	9	3	2
Cell4903	1	2	1	3
Cell4904	1	14	3	2
Cell4905	1	12	4	1
Cell4906	1	3	1	3
Cell4907	1	12	4	1
Cell4908	1	9	3	2
Cell4909	1	3	1	3
Cell4910	1	9	3	2
Cell4911	1	7	3	2
Cell4912	1	2	1	3
Cell4913	1	6	2	4
Cell4914	1	7	3	2
Cell4916	1	11	4	1
Cell4917	1	1	2	4
Cell4918	1	9	3	2
Cell4920	1	1	2	4
Cell4922	1	1	2	4
Cell4923	1	7	3	2
Cell4924	1	4	4	1
Cell4925	1	9	3	2
Cell4926	1	3	1	3
Cell4928	1	11	4	1
Cell4929	1	6	2	4
Cell4930	1	6	2	4
Cell4931	1	9	3	2
Cell4932	1	1	2	4
Cell4933	1	9	3	2
Cell4934	1	14	3	2
Cell4935	1	11	4	1
Cell4936	1	5	3	2
Cell4937	1	11	4	1
Cell4938	1	6	2	4
Cell4939	1	3	1	3
Cell4940	1	1	2	4
Cell4941	1	2	1	3
Cell4942	1	6	2	4
Cell4943	1	2	1	3
Cell4944	1	11	4	1
Cell4945	1	5	3	2
Cell4946	1	2	1	3
Cell4947	1	5	3	2
Cell4948	1	6	2	4
Cell4949	1	7	3	2
Cell4950	1	13	1	3
Cell4951	1	13	1	3
Cell4952	1	2	1	3
Cell4953	1	8	4	1
Cell4954	1	2	1	3
Cell4955	1	2	1	3
Cell4956	1	9	3	2
Cell4957	1	10	2	4
Cell4958	1	3	1	3
Cell4959	1	11	4	1
Cell4960	1	6	2	4
Cell4961	1	1	2	4
Cell4962	1	4	4	1
Cell4963	1	4	4	1
Cell4964	1	2	1	3
Cell4965	1	10	2	4
Cell4966	1	13	1	3
Cell4967	1	3	1	3
Cell4968	1	11	4	1
Cell4969	1	3	1	3
Cell4970	1	13	1	3
Cell4971	1	2	1	3
Cell4972	1	7	3	2
Cell4973	1	2	1	3
Cell4974	1	1	2	4
Cell4975	1	4	4	1
Cell4976	1	3	1	3
Cell4977	1	5	3	2
Cell4978	1	6	2	4
Cell4979	1	3	1	3
Cell4980	1	8	4	1
Cell4981	1	1	2	4
Cell4982	1	9	3	2
Cell4983	1	14	3	2
Cell4984	1	1	2	4
Cell4985	1	7	3	2
Cell4986	1	2	1	3
Cell4988	1	8	4	1
Cell4989	1	8	4	1
Cell4990	1	6	2	4
Cell4991	1	9	3	2
Cell4992	1	1	2	4
Cell4993	1	5	3	2
Cell4995	1	14	3	2
Cell4996	1	7	3	2
Cell4997	1	2	1	3
Cell4998	1	8	4	1
Cell4999	1	9	3	2
Cell5000	1	1	2	4
Cell5001	1	11	4	1
Cell5002	1	3	1	3
Cell5003	1	7	3	2
Cell5005	1	10	2	4
Cell5006	1	5	3	2
Cell5007	1	10	2	4
Cell5008	1	8	4	1
Cell5009	1	5	3	2
Cell5010	1	1	2	4
Cell5011	1	10	2	4
Cell5012	1	4	4	1
Cell5013	1	10	2	4
Cell5015	1	10	2	4
Cell5016	1	2	1	3
Cell5017	1	3	1	3
Cell5018	1	11	4	1
Cell5019	1	3	1	3
Cell5020	1	4	4	1
Cell5021	1	7	3	2
Cell5022	1	6	2	4
Cell5023	1	6	2	4
Cell5024	1	1	2	4
Cell5025	1	1	2	4
Cell5026	1	7	3	2
Cell5027	1	2	1	3
Cell5028	1	8	4	1
Cell5029	1	1	2	4
Cell5030	1	9	3	2
Cell5031	1	6	2	4
Cell5032	1	2	1	3
Cell5033	1	2	1	3
Cell5034	1	6	2	4
Cell5035	1	2	1	3
Cell5036	1	1	2	4
Cell5037	1	5	3	2
Cell5038	1	11	4	1
Cell5039	1	13	1	3
Cell5040	1	9	3	2
Cell5042	1	2	1	3
Cell5043	1	4	4	1
Cell5044	1	2	1	3
Cell5045	1	3	1	3
Cell5046	1	14	3	2
Cell5047	1	13	1	3
Cell5049	1	10	2	4
Cell5050	1	12	4	1
Cell5051	1	1	2	4
Cell5052	1	10	2	4
Cell5053	1	1	2	4
Cell5054	1	6	2	4
Cell5055	1	10	2	4
Cell5056	1	7	3	2
Cell5058	1	1	2	4
Cell5059	1	12	4	1
Cell5060	1	12	4	1
Cell5061	1	2	1	3
Cell5062	1	5	3	2
Cell5063	1	5	3	2
Cell5064	1	5	3	2
Cell5065	1	10	2	4
Cell5066	1	11	4	1
Cell5067	1	1	2	4
Cell5068	1	5	3	2
Cell5069	1	5	3	2
Cell5070	1	10	2	4
Cell5071	1	1	2	4
Cell5072	1	1	2	4
Cell5073	1	3	1	3
Cell5074	1	11	4	1
Cell5075	1	13	1	3
Cell5076	1	1	2	4
Cell5077	1	2	1	3
Cell5078	1	3	1	3
Cell5079	1	4	4	1
Cell5080	1	9	3	2
Cell5081	1	2	1	3
Cell5082	1	13	1	3
Cell5083	1	1	2	4
Cell5084	1	11	4	1
Cell5085	1	4	4	1
Cell5087	1	2	1	3
Cell5088	1	12	4	1
Cell5090	1	3	1	3
Cell5091	1	10	2	4
Cell5092	1	2	1	3
Cell5093	1	5	3	2
Cell5094	1	9	3	2
Cell5095	1	1	2	4
Cell5096	1	9	3	2
Cell5097	1	14	3	2
Cell5098	1	11	4	1
Cell5099	1	1	2	4
Cell5100	1	5	3	2
Cell5101	1	7	3	2
Cell5102	1	10	2	4
Cell5103	1	8	4	1
Cell5104	1	3	1	3
Cell5105	1	5	3	2
Cell5106	1	14	3	2
Cell5107	1	13	1	3
Cell5108	1	1	2	4
Cell5109	1	10	2	4
Cell5110	1	11	4	1
Cell5111	1	12	4	1
Cell5113	1	4	4	1
Cell5114	1	2	1	3
Cell5115	1	7	3	2
Cell5116	1	13	1	3
Cell5117	1	13	1	3
Cell5118	1	2	1	3
Cell5119	1	11	4	1
Cell5120	1	2	1	3
Cell5121	1	5	3	2
Cell5122	1	8	4	1
Cell5123	1	3	1	3
Cell5125	1	10	2	4
Cell5126	1	1	2	4
Cell5127	1	9	3	2
Cell5128	1	5	3	2
Cell5129	1	3	1	3
Cell5130	1	13	1	3
Cell5131	1	6	2	4
Cell5132	1	11	4	1
Cell5133	1	5	3	2
Cell5135	1	3	1	3
Cell5136	1	9	3	2
Cell5137	1	4	4	1
Cell5138	1	10	2	4
Cell5139	1	2	1	3
Cell5140	1	10	2	4
Cell5141	1	4	4	1
Cell5142	1	3	1	3
Cell5143	1	8	4	1
Cell5144	1	1	2	4
Cell5145	1	5	3	2
Cell5146	1	12	4	1
Cell5147	1	12	4	1
Cell5148	1	8	4	1
Cell5149	1	12	4	1
Cell5150	1	5	3	2
Cell5151	1	6	2	4
Cell5152	1	7	3	2
Cell5153	1	9	3	2
Cell5154	1	9	3	2
Cell5155	1	1	2	4
Cell5156	1	7	3	2
Cell5157	1	7	3	2
Cell5158	1	2	1	3
Cell5159	1	11	4	1
Cell5160	1	2	1	3
Cell5161	1	6	2	4
Cell5162	1	2	1	3
Cell5163	1	9	3	2
Cell5164	1	3	1	3
Cell5165	1	8	4	1
Cell5166	1	7	3	2
Cell5167	1	6	2	4
Cell5168	1	3	1	3
Cell5169	1	4	4	1
Cell5170	1	7	3	2
Cell5171	1	10	2	4
Cell5172	1	11	4	1
Cell5173	1	5	3	2
Cell5175	1	4	4	1
Cell5176	1	1	2	4
Cell5178	1	10	2	4
Cell5179	1	1	2	4
Cell5180	1	7	3	2
Cell5181	1	5	3	2
Cell5182	1	12	4	1
Cell5183	1	2	1	3
Cell5184	1	5	3	2
Cell5185	1	8	4	1
Cell5186	1	4	4	1
Cell5187	1	5	3	2
Cell5188	1	10	2	4
Cell5189	1	5	3	2
Cell5190	1	10	2	4
Cell5191	1	2	1	3
Cell5192	1	8	4	1
Cell5193	1	11	4	1
Cell5194	1	10	2	4
Cell5195	1	10	2	4
Cell5196	1	2	1	3
Cell5197	1	7	3	2
Cell5198	1	4	4	1
Cell5199	1	1	2	4
Cell5200	1	5	3	2
Cell5201	1	6	2	4
Cell5202	1	13	1	3
Cell5203	1	4	4	1
Cell5204	1	5	3	2
Cell5205	1	6	2	4
Cell5207	1	13	1	3
Cell5208	1	4	4	1
Cell5209	1	8	4	1
Cell5210	1	3	1	3
Cell5211	1	1	2	4
Cell5212	1	10	2	4
Cell5213	1	4	4	1
Cell5214	1	7	3	2
Cell5215	1	9	3	2
Cell5216	1	7	3	2
Cell5217	1	1	2	4
Cell5218	1	5	3	2
Cell5219	1	14	3	2
Cell5220	1	6	2	4
Cell5221	1	3	1	3
Cell5222	1	6	2	4
Cell5223	1	3	1	3
Cell5224	1	4	4	1
Cell5225	1	1	2	4
Cell5226	1	6	2	4
Cell5227	1	7	3	2
Cell5228	1	9	3	2
Cell5229	1	14	3	2
Cell5230	1	8	4	1
Cell5231	1	14	3	2
Cell5232	1	11	4	1
Cell5233	1	8	4	1
Cell5234	1	6	2	4
Cell5235	1	4	4	1
Cell5236	1	3	1	3
Cell5237	1	8	4	1
Cell5238	1	11	4	1
Cell5239	1	13	1	3
Cell5240	1	8	4	1
Cell5241	1	7	3	2
Cell5242	1	3	1	3
Cell5243	1	13	1	3
Cell5244	1	2	1	3
Cell5245	1	9	3	2
Cell5246	1	5	3	2
Cell5247	1	2	1	3
Cell5248	1	3	1	3
Cell5249	1	14	3	2
Cell5250	1	4	4	1
Cell5251	1	6	2	4
Cell5252	1	10	2	4
Cell5253	1	14	3	2
Cell5254	1	5	3	2
Cell5255	1	1	2	4
Cell5256	1	2	1	3
Cell5257	1	7	3	2
Cell5258	1	8	4	1
Cell5259	1	7	3	2
Cell5260	1	1	2	4
Cell5261	1	4	4	1
Cell5262	1	5	3	2
Cell5263	1	2	1	3
Cell5264	1	5	3	2
Cell5265	1	8	4	1
Cell5266	1	14	3	2
Cell5267	1	11	4	1
Cell5268	1	4	4	1
Cell5269	1	1	2	4
Cell5270	1	8	4	1
Cell5271	1	7	3	2
Cell5272	1	13	1	3
Cell5273	1	9	3	2
Cell5274	1	10	2	4
Cell5275	1	10	2	4
Cell5276	1	5	3	2
Cell5277	1	3	1	3
Cell5279	1	5	3	2
Cell5280	1	2	1	3
Cell5281	1	11	4	1
Cell5282	1	12	4	1
Cell5283	1	7	3	2
Cell5284	1	4	4	1
Cell5285	1	11	4	1
Cell5286	1	7	3	2
Cell5287	1	3	1	3
Cell5288	1	2	1	3
Cell5289	1	7	3	2
Cell5290	1	5	3	2
Cell5291	1	9	3	2
Cell5292	1	13	1	3
Cell5293	1	2	1	3
Cell5294	1	4	4	1
Cell5295	1	10	2	4
Cell5296	1	5	3	2
Cell5297	1	7	3	2
Cell5298	1	1	2	4
Cell5299	1	2	1	3
Cell5300	1	1	2	4
Cell5302	1	4	4	1
Cell5303	1	2	1	3
Cell5304	1	7	3	2
Cell5305	1	2	1	3
Cell5306	1	1	2	4
Cell5308	1	3	1	3
Cell5309	1	8	4	1
Cell5310	1	2	1	3
Cell5311	1	3	1	3
Cell5312	1	11	4	1
Cell5313	1	3	1	3
Cell5314	1	1	2	4
Cell5315	1	6	2	4
Cell5316	1	2	1	3
Cell5317	1	2	1	3
Cell5318	1	6	2	4
Cell5319	1	1	2	4
Cell5320	1	1	2	4
Cell5321	1	10	2	4
Cell5322	1	2	1	3
Cell5323	1	14	3	2
Cell5324	1	1	2	4
Cell5325	1	2	1	3
Cell5326	1	12	4	1
Cell5327	1	6	2	4
Cell5328	1	3	1	3
Cell5330	1	5	3	2
Cell5331	1	13	1	3
Cell5332	1	2	1	3
Cell5333	1	5	3	2
Cell5334	1	8	4	1
Cell5335	1	6	2	4
Cell5336	1	1	2	4
Cell5337	1	1	2	4
Cell5338	1	2	1	3
Cell5339	1	4	4	1
Cell5340	1	8	4	1
Cell5341	1	5	3	2
Cell5342	1	3	1	3
Cell5343	1	1	2	4
Cell5344	1	12	4	1
Cell5346	1	3	1	3
Cell5347	1	2	1	3
Cell5348	1	11	4	1
Cell5349	1	3	1	3
Cell5350	1	14	3	2
Cell5351	1	1	2	4
Cell5352	1	5	3	2
Cell5353	1	1	2	4
Cell5355	1	4	4	1
Cell5356	1	2	1	3
Cell5357	1	1	2	4
Cell5358	1	5	3	2
Cell5359	1	1	2	4
Cell5360	1	4	4	1
Cell5361	1	5	3	2
Cell5362	1	5	3	2
Cell5363	1	7	3	2
Cell5364	1	6	2	4
Cell5365	1	14	3	2
Cell5366	1	3	1	3
Cell5367	1	2	1	3
Cell5368	1	2	1	3
Cell5369	1	8	4	1
Cell5370	1	4	4	1
Cell5371	1	1	2	4
Cell5372	1	1	2	4
Cell5373	1	2	1	3
Cell5374	1	2	1	3
Cell5375	1	13	1	3
Cell5376	1	3	1	3
Cell5377	1	5	3	2
Cell5378	1	9	3	2
Cell5379	1	4	4	1
Cell5380	1	10	2	4
Cell5381	1	3	1	3
Cell5382	1	12	4	1
Cell5383	1	6	2	4
Cell5384	1	7	3	2
Cell5385	1	2	1	3
Cell5386	1	9	3	2
Cell5387	1	8	4	1
Cell5388	1	3	1	3
Cell5389	1	4	4	1
Cell5390	1	11	4	1
Cell5391	1	3	1	3
Cell5392	1	8	4	1
Cell5393	1	10	2	4
Cell5394	1	1	2	4
Cell5395	1	6	2	4
Cell5396	1	4	4	1
Cell5397	1	12	4	1
Cell5398	1	3	1	3
Cell5399	1	2	1	3
Cell5400	1	5	3	2
Cell5401	1	10	2	4
Cell5402	1	6	2	4
Cell5404	1	10	2	4
Cell5405	1	9	3	2
Cell5406	1	6	2	4
Cell5407	1	1	2	4
Cell5408	1	1	2	4
Cell5409	1	2	1	3
Cell5410	1	3	1	3
Cell5411	1	6	2	4
Cell5412	1	12	4	1
Cell5414	1	8	4	1
Cell5415	1	2	1	3
Cell5416	1	11	4	1
Cell5417	1	4	4	1
Cell5418	1	6	2	4
Cell5419	1	6	2	4
Cell5420	1	10	2	4
Cell5421	1	8	4	1
Cell5422	1	9	3	2
Cell5423	1	1	2	4
Cell5424	1	4	4	1
Cell5425	1	8	4	1
Cell5426	1	3	1	3
Cell5428	1	8	4	1
Cell5429	1	9	3	2
Cell5430	1	12	4	1
Cell5432	1	1	2	4
Cell5433	1	12	4	1
Cell5434	1	8	4	1
Cell5435	1	2	1	3
Cell5436	1	1	2	4
Cell5437	1	1	2	4
Cell5438	1	6	2	4
Cell5439	1	2	1	3
Cell5440	1	4	4	1
Cell5441	1	8	4	1
Cell5442	1	5	3	2
Cell5443	1	6	2	4
Cell5444	1	9	3	2
Cell5445	1	1	2	4
Cell5446	1	11	4	1
Cell5447	1	7	3	2
Cell5448	1	7	3	2
Cell5449	1	9	3	2
Cell5450	1	1	2	4
Cell5451	1	6	2	4
Cell5452	1	2	1	3
Cell5453	1	1	2	4
Cell5454	1	1	2	4
Cell5455	1	6	2	4
Cell5456	1	5	3	2
Cell5457	1	7	3	2
Cell5458	1	13	1	3
Cell5459	1	2	1	3
Cell5460	1	1	2	4
Cell5461	1	12	4	1
Cell5462	1	1	2	4
Cell5463	1	9	3	2
Cell5464	1	8	4	1
Cell5465	1	3	1	3
Cell5466	1	6	2	4
Cell5467	1	2	1	3
Cell5468	1	7	3	2
Cell5469	1	1	2	4
Cell5470	1	11	4	1
Cell5471	1	13	1	3
Cell5473	1	5	3	2
Cell5474	1	3	1	3
Cell5475	1	9	3	2
Cell5476	1	1	2	4
Cell5477	1	8	4	1
Cell5479	1	6	2	4
Cell5480	1	7	3	2
Cell5481	1	2	1	3
Cell5482	1	7	3	2
Cell5483	1	10	2	4
Cell5484	1	3	1	3
Cell5485	1	14	3	2
Cell5486	1	5	3	2
Cell5487	1	8	4	1
Cell5488	1	7	3	2
Cell5489	1	4	4	1
Cell5490	1	1	2	4
Cell5491	1	10	2	4
Cell5492	1	8	4	1
Cell5493	1	6	2	4
Cell5494	1	13	1	3
Cell5495	1	14	3	2
Cell5496	1	1	2	4
Cell5497	1	8	4	1
Cell5498	1	3	1	3
Cell5499	1	5	3	2
Cell5500	1	2	1	3
Cell5501	1	5	3	2
Cell5502	1	5	3	2
Cell5503	1	5	3	2
Cell5504	1	7	3	2
Cell5505	1	5	3	2
Cell5506	1	8	4	1
Cell5507	1	8	4	1
Cell5508	1	9	3	2
Cell5509	1	12	4	1
Cell5510	1	4	4	1
Cell5511	1	10	2	4
Cell5512	1	11	4	1
Cell5513	1	5	3	2
Cell5514	1	7	3	2
Cell5515	1	6	2	4
Cell5516	1	1	2	4
Cell5518	1	4	4	1
Cell5519	1	1	2	4
Cell5520	1	7	3	2
Cell5522	1	7	3	2
Cell5524	1	2	1	3
Cell5525	1	3	1	3
Cell5526	1	6	2	4
Cell5527	1	6	2	4
Cell5528	1	5	3	2
Cell5529	1	5	3	2
Cell5530	1	1	2	4
Cell5531	1	2	1	3
Cell5532	1	6	2	4
Cell5533	1	10	2	4
Cell5535	1	8	4	1
Cell5536	1	6	2	4
Cell5537	1	4	4	1
Cell5538	1	11	4	1
Cell5539	1	2	1	3
Cell5541	1	9	3	2
Cell5542	1	2	1	3
Cell5543	1	5	3	2
Cell5544	1	1	2	4
Cell5545	1	10	2	4
Cell5546	1	9	3	2
Cell5547	1	5	3	2
Cell5549	1	13	1	3
Cell5550	1	4	4	1
Cell5551	1	8	4	1
Cell5552	1	11	4	1
Cell5553	1	10	2	4
Cell5554	1	3	1	3
Cell5555	1	1	2	4
Cell5556	1	2	1	3
Cell5557	1	6	2	4
Cell5558	1	1	2	4
Cell5559	1	13	1	3
Cell5560	1	10	2	4
Cell5561	1	1	2	4
Cell5562	1	10	2	4
Cell5563	1	14	3	2
Cell5564	1	11	4	1
Cell5565	1	3	1	3
Cell5566	1	9	3	2
Cell5567	1	4	4	1
Cell5568	1	9	3	2
Cell5570	1	3	1	3
Cell5571	1	11	4	1
Cell5572	1	6	2	4
Cell5573	1	2	1	3
Cell5574	1	3	1	3
Cell5575	1	12	4	1
Cell5576	1	7	3	2
Cell5577	1	6	2	4
Cell5578	1	2	1	3
Cell5579	1	4	4	1
Cell5580	1	6	2	4
Cell5581	1	9	3	2
Cell5582	1	2	1	3
Cell5584	1	3	1	3
Cell5585	1	2	1	3
Cell5586	1	4	4	1
Cell5587	1	3	1	3
Cell5588	1	2	1	3
Cell5589	1	8	4	1
Cell5590	1	5	3	2
Cell5591	1	4	4	1
Cell5592	1	13	1	3
Cell5593	1	12	4	1
Cell5594	1	7	3	2
Cell5595	1	10	2	4
Cell5596	1	1	2	4
Cell5597	1	14	3	2
Cell5598	1	7	3	2
Cell5599	1	10	2	4
Cell5600	1	6	2	4
Cell5601	1	4	4	1
Cell5602	1	4	4	1
Cell5603	1	4	4	1
Cell5604	1	2	1	3
Cell5605	1	7	3	2
Cell5606	1	2	1	3
Cell5607	1	6	2	4
Cell5608	1	5	3	2
Cell5609	1	3	1	3
Cell5610	1	2	1	3
Cell5611	1	1	2	4
Cell5612	1	14	3	2
Cell5613	1	4	4	1
Cell5614	1	2	1	3
Cell5615	1	1	2	4
Cell5616	1	11	4	1
Cell5617	1	10	2	4
Cell5618	1	3	1	3
Cell5619	1	13	1	3
Cell5620	1	5	3	2
Cell5621	1	6	2	4
Cell5622	1	2	1	3
Cell5623	1	11	4	1
Cell5624	1	2	1	3
Cell5625	1	6	2	4
Cell5626	1	10	2	4
Cell5627	1	6	2	4
Cell5628	1	9	3	2
Cell5629	1	5	3	2
Cell5630	1	4	4	1
Cell5631	1	5	3	2
Cell5632	1	7	3	2
Cell5633	1	14	3	2
Cell5634	1	9	3	2
Cell5635	1	3	1	3
Cell5636	1	1	2	4
Cell5637	1	8	4	1
Cell5638	1	9	3	2
Cell5639	1	10	2	4
Cell5640	1	8	4	1
Cell5641	1	13	1	3
Cell5643	1	10	2	4
Cell5644	1	3	1	3
Cell5645	1	1	2	4
Cell5646	1	9	3	2
Cell5647	1	3	1	3
Cell5648	1	11	4	1
Cell5649	1	1	2	4
Cell5650	1	2	1	3
Cell5651	1	1	2	4
Cell5653	1	2	1	3
Cell5654	1	3	1	3
Cell5655	1	9	3	2
Cell5656	1	4	4	1
Cell5657	1	6	2	4
Cell5658	1	1	2	4
Cell5659	1	10	2	4
Cell5660	1	6	2	4
Cell5661	1	2	1	3
Cell5662	1	7	3	2
Cell5663	1	9	3	2
Cell5664	1	9	3	2
Cell5665	1	11	4	1
Cell5667	1	6	2	4
Cell5668	1	7	3	2
Cell5669	1	8	4	1
Cell5670	1	4	4	1
Cell5671	1	11	4	1
Cell5672	1	2	1	3
Cell5673	1	13	1	3
Cell5674	1	1	2	4
Cell5675	1	1	2	4
Cell5676	1	5	3	2
Cell5677	1	4	4	1
Cell5678	1	14	3	2
Cell5679	1	2	1	3
Cell5680	1	2	1	3
Cell5681	1	10	2	4
Cell5682	1	9	3	2
Cell5683	1	7	3	2
Cell5684	1	1	2	4
Cell5685	1	4	4	1
Cell5686	1	7	3	2
Cell5687	1	10	2	4
Cell5688	1	4	4	1
Cell5689	1	3	1	3
Cell5690	1	1	2	4
Cell5691	1	8	4	1
Cell5692	1	3	1	3
Cell5693	1	2	1	3
Cell5694	1	10	2	4
Cell5695	1	12	4	1
Cell5696	1	1	2	4
Cell5697	1	9	3	2
Cell5699	1	1	2	4
Cell5700	1	8	4	1
Cell5702	1	12	4	1
Cell5703	1	12	4	1
Cell5704	1	4	4	1
Cell5706	1	1	2	4
Cell5707	1	7	3	2
Cell5708	1	2	1	3
Cell5709	1	2	1	3
Cell5710	1	4	4	1
Cell5711	1	3	1	3
Cell5712	1	3	1	3
Cell5714	1	8	4	1
Cell5715	1	8	4	1
Cell5716	1	10	2	4
Cell5717	1	1	2	4
Cell5718	1	7	3	2
Cell5720	1	6	2	4
Cell5721	1	9	3	2
Cell5722	1	1	2	4
Cell5723	1	5	3	2
Cell5724	1	10	2	4
Cell5725	1	4	4	1
Cell5726	1	8	4	1
Cell5727	1	9	3	2
Cell5728	1	11	4	1
Cell5729	1	2	1	3
Cell5730	1	2	1	3
Cell5731	1	11	4	1
Cell5732	1	11	4	1
Cell5733	1	11	4	1
Cell5734	1	1	2	4
Cell5735	1	13	1	3
Cell5736	1	6	2	4
Cell5737	1	4	4	1
Cell5738	1	6	2	4
Cell5739	1	1	2	4
Cell5740	1	12	4	1
Cell5741	1	11	4	1
Cell5742	1	1	2	4
Cell5743	1	6	2	4
Cell5744	1	5	3	2
Cell5745	1	9	3	2
Cell5746	1	9	3	2
Cell5747	1	9	3	2
Cell5748	1	4	4	1
Cell5749	1	5	3	2
Cell5750	1	1	2	4
Cell5751	1	1	2	4
Cell5752	1	10	2	4
Cell5753	1	11	4	1
Cell5754	1	9	3	2
Cell5755	1	11	4	1
Cell5756	1	10	2	4
Cell5757	1	5	3	2
Cell5758	1	2	1	3
Cell5759	1	2	1	3
Cell5760	1	5	3	2
Cell5761	1	6	2	4
Cell5762	1	13	1	3
Cell5763	1	11	4	1
Cell5764	1	3	1	3
Cell5765	1	3	1	3
Cell5766	1	4	4	1
Cell5767	1	7	3	2
Cell5768	1	7	3	2
Cell5769	1	6	2	4
Cell5771	1	9	3	2
Cell5772	1	12	4	1
Cell5773	1	5	3	2
Cell5774	1	2	1	3
Cell5775	1	3	1	3
Cell5776	1	2	1	3
Cell5777	1	12	4	1
Cell5778	1	10	2	4
Cell5779	1	2	1	3
Cell5780	1	2	1	3
Cell5781	1	1	2	4
Cell5782	1	6	2	4
Cell5783	1	4	4	1
Cell5784	1	12	4	1
Cell5785	1	4	4	1
Cell5786	1	9	3	2
Cell5787	1	13	1	3
Cell5788	1	2	1	3
Cell5789	1	3	1	3
Cell5790	1	6	2	4
Cell5791	1	7	3	2
Cell5792	1	8	4	1
Cell5794	1	2	1	3
Cell5795	1	3	1	3
Cell5796	1	1	2	4
Cell5798	1	6	2	4
Cell5799	1	7	3	2
Cell5801	1	8	4	1
Cell5802	1	6	2	4
Cell5803	1	11	4	1
Cell5804	1	3	1	3
Cell5805	1	1	2	4
Cell5806	1	1	2	4
Cell5807	1	4	4	1
Cell5809	1	11	4	1
Cell5810	1	1	2	4
Cell5811	1	1	2	4
Cell5812	1	8	4	1
Cell5813	1	8	4	1
Cell5814	1	10	2	4
Cell5815	1	1	2	4
Cell5816	1	8	4	1
Cell5817	1	8	4	1
Cell5818	1	12	4	1
Cell5819	1	9	3	2
Cell5820	1	6	2	4
Cell5821	1	14	3	2
Cell5822	1	10	2	4
Cell5823	1	7	3	2
Cell5824	1	6	2	4
Cell5825	1	10	2	4
Cell5826	1	1	2	4
Cell5827	1	2	1	3
Cell5829	1	5	3	2
Cell5830	1	6	2	4
Cell5831	1	6	2	4
Cell5832	1	12	4	1
Cell5833	1	5	3	2
Cell5834	1	13	1	3
Cell5835	1	1	2	4
Cell5836	1	4	4	1
Cell5837	1	7	3	2
Cell5838	1	1	2	4
Cell5839	1	5	3	2
Cell5840	1	3	1	3
Cell5841	1	10	2	4
Cell5842	1	5	3	2
Cell5843	1	4	4	1
Cell5844	1	13	1	3
Cell5845	1	7	3	2
Cell5847	1	2	1	3
Cell5848	1	1	2	4
Cell5849	1	6	2	4
Cell5850	1	6	2	4
Cell5851	1	5	3	2
Cell5852	1	4	4	1
Cell5854	1	2	1	3
Cell5855	1	6	2	4
Cell5856	1	3	1	3
Cell5857	1	9	3	2
Cell5858	1	6	2	4
Cell5859	1	4	4	1
Cell5860	1	12	4	1
Cell5861	1	12	4	1
Cell5862	1	7	3	2
Cell5863	1	3	1	3
Cell5864	1	9	3	2
Cell5865	1	4	4	1
Cell5866	1	3	1	3
Cell5867	1	12	4	1
Cell5868	1	8	4	1
Cell5869	1	9	3	2
Cell5870	1	1	2	4
Cell5871	1	2	1	3
Cell5872	1	7	3	2
Cell5873	1	11	4	1
Cell5874	1	2	1	3
Cell5875	1	3	1	3
Cell5876	1	7	3	2
Cell5877	1	11	4	1
Cell5878	1	3	1	3
Cell5879	1	2	1	3
Cell5880	1	6	2	4
Cell5881	1	6	2	4
Cell5882	1	3	1	3
Cell5883	1	1	2	4
Cell5884	1	2	1	3
Cell5885	1	11	4	1
Cell5886	1	2	1	3
Cell5887	1	1	2	4
Cell5888	1	8	4	1
Cell5890	1	10	2	4
Cell5891	1	10	2	4
Cell5892	1	2	1	3
Cell5893	1	8	4	1
Cell5894	1	6	2	4
Cell5895	1	6	2	4
Cell5896	1	2	1	3
Cell5897	1	4	4	1
Cell5898	1	3	1	3
Cell5899	1	3	1	3
Cell5900	1	5	3	2
Cell5901	1	9	3	2
Cell5902	1	1	2	4
Cell5903	1	1	2	4
Cell5904	1	2	1	3
Cell5905	1	12	4	1
Cell5906	1	7	3	2
Cell5907	1	12	4	1
Cell5908	1	7	3	2
Cell5909	1	11	4	1
Cell5910	1	7	3	2
Cell5911	1	11	4	1
Cell5912	1	3	1	3
Cell5913	1	12	4	1
Cell5914	1	4	4	1
Cell5915	1	3	1	3
Cell5916	1	8	4	1
Cell5917	1	3	1	3
Cell5918	1	9	3	2
Cell5919	1	4	4	1
Cell5920	1	1	2	4
Cell5921	1	9	3	2
Cell5922	1	3	1	3
Cell5923	1	5	3	2
Cell5924	1	4	4	1
Cell5925	1	11	4	1
Cell5926	1	4	4	1
Cell5927	1	7	3	2
Cell5928	1	6	2	4
Cell5929	1	5	3	2
Cell5930	1	3	1	3
Cell5931	1	11	4	1
Cell5933	1	5	3	2
Cell5934	1	7	3	2
Cell5935	1	8	4	1
Cell5936	1	2	1	3
Cell5937	1	1	2	4
Cell5938	1	14	3	2
Cell5939	1	1	2	4
Cell5940	1	13	1	3
Cell5942	1	2	1	3
Cell5943	1	5	3	2
Cell5944	1	7	3	2
Cell5945	1	1	2	4
Cell5947	1	6	2	4
Cell5948	1	1	2	4
Cell5949	1	9	3	2
Cell5951	1	2	1	3
Cell5952	1	11	4	1
Cell5953	1	14	3	2
Cell5954	1	10	2	4
Cell5955	1	1	2	4
Cell5956	1	7	3	2
Cell5957	1	8	4	1
Cell5958	1	3	1	3
Cell5959	1	10	2	4
Cell5960	1	14	3	2
Cell5961	1	1	2	4
Cell5963	1	11	4	1
Cell5964	1	7	3	2
Cell5965	1	5	3	2
Cell5966	1	7	3	2
Cell5967	1	4	4	1
Cell5968	1	10	2	4
Cell5969	1	4	4	1
Cell5970	1	13	1	3
Cell5971	1	6	2	4
Cell5972	1	3	1	3
Cell5973	1	1	2	4
Cell5974	1	1	2	4
Cell5975	1	2	1	3
Cell5976	1	2	1	3
Cell5977	1	10	2	4
Cell5978	1	10	2	4
Cell5979	1	2	1	3
Cell5980	1	9	3	2
Cell5981	1	1	2	4
Cell5982	1	3	1	3
Cell5983	1	7	3	2
Cell5984	1	6	2	4
Cell5985	1	8	4	1
Cell5986	1	4	4	1
Cell5987	1	14	3	2
Cell5988	1	12	4	1
Cell5989	1	6	2	4
Cell5990	1	3	1	3
Cell5991	1	10	2	4
Cell5992	1	4	4	1
Cell5993	1	6	2	4
Cell5994	1	8	4	1
Cell5995	1	7	3	2
Cell5998	1	3	1	3
Cell5999	1	10	2	4
Cell6000	1	9	3	2
