ID	did	seurat_cluster	kmeans_cluster	labels
Cell1	1	1	1	1
Cell2	1	4	1	1
Cell3	1	9	2	2
Cell4	1	2	2	2
Cell5	1	8	1	1
Cell6	1	6	2	2
Cell7	1	5	2	2
Cell8	1	10	1	1
Cell9	1	8	1	1
Cell10	1	4	1	1
Cell11	1	7	2	2
Cell12	1	2	2	2
Cell13	1	5	2	2
Cell14	1	7	2	2
Cell15	1	2	2	2
Cell16	1	8	1	1
Cell17	1	1	1	1
Cell18	1	6	2	2
Cell19	1	9	2	2
Cell20	1	2	2	2
Cell21	1	5	2	2
Cell22	1	5	2	2
Cell23	1	8	1	1
Cell24	1	2	2	2
Cell25	1	5	2	2
Cell26	1	12	2	2
Cell27	1	10	1	1
Cell28	1	4	1	1
Cell29	1	6	2	2
Cell30	1	11	1	1
Cell31	1	2	2	2
Cell32	1	7	2	2
Cell33	1	9	2	2
Cell34	1	7	2	2
Cell35	1	2	2	2
Cell36	1	5	2	2
Cell37	1	3	1	1
Cell38	1	5	2	2
Cell39	1	5	2	2
Cell40	1	6	2	2
Cell41	1	11	1	1
Cell42	1	6	2	2
Cell43	1	11	1	1
Cell44	1	3	1	1
Cell45	1	10	1	1
Cell46	1	12	2	2
Cell47	1	1	1	1
Cell48	1	4	1	1
Cell49	1	1	1	1
Cell50	1	4	1	1
Cell51	1	8	1	1
Cell52	1	11	1	1
Cell53	1	4	1	1
Cell54	1	1	1	1
Cell55	1	10	1	1
Cell56	1	6	2	2
Cell57	1	8	1	1
Cell58	1	8	1	1
Cell59	1	2	2	2
Cell60	1	4	1	1
Cell61	1	4	1	1
Cell62	1	7	2	2
Cell63	1	8	1	1
Cell64	1	2	2	2
Cell65	1	2	2	2
Cell66	1	5	2	2
Cell67	1	8	1	1
Cell68	1	5	2	2
Cell69	1	2	2	2
Cell70	1	8	1	1
Cell71	1	6	2	2
Cell72	1	2	2	2
Cell73	1	4	1	1
Cell74	1	1	1	1
Cell75	1	7	2	2
Cell76	1	1	1	1
Cell77	1	1	1	1
Cell78	1	4	1	1
Cell79	1	2	2	2
Cell80	1	9	2	2
Cell81	1	1	1	1
Cell82	1	11	1	1
Cell83	1	1	1	1
Cell84	1	6	2	2
Cell85	1	5	2	2
Cell86	1	11	1	1
Cell88	1	11	1	1
Cell89	1	3	1	1
Cell90	1	2	2	2
Cell92	1	1	1	1
Cell93	1	1	1	1
Cell94	1	1	1	1
Cell95	1	1	1	1
Cell96	1	12	2	2
Cell97	1	1	1	1
Cell98	1	8	1	1
Cell99	1	6	2	2
Cell100	1	3	1	1
Cell101	1	4	1	1
Cell102	1	1	1	1
Cell103	1	2	2	2
Cell104	1	6	2	2
Cell105	1	10	1	1
Cell106	1	12	2	2
Cell108	1	6	2	2
Cell109	1	7	2	2
Cell110	1	2	2	2
Cell111	1	5	2	2
Cell112	1	2	2	2
Cell113	1	5	2	2
Cell114	1	6	2	2
Cell115	1	1	1	1
Cell116	1	4	1	1
Cell117	1	5	2	2
Cell118	1	9	2	2
Cell119	1	11	1	1
Cell120	1	4	1	1
Cell121	1	5	2	2
Cell122	1	10	1	1
Cell123	1	5	2	2
Cell124	1	11	1	1
Cell125	1	10	1	1
Cell126	1	3	1	1
Cell127	1	8	1	1
Cell128	1	5	2	2
Cell129	1	4	1	1
Cell131	1	3	1	1
Cell132	1	3	1	1
Cell133	1	9	2	2
Cell134	1	8	1	1
Cell135	1	3	1	1
Cell137	1	4	1	1
Cell138	1	5	2	2
Cell139	1	2	2	2
Cell140	1	5	2	2
Cell141	1	7	2	2
Cell142	1	5	2	2
Cell143	1	5	2	2
Cell144	1	9	2	2
Cell145	1	2	2	2
Cell146	1	6	2	2
Cell147	1	5	2	2
Cell148	1	3	1	1
Cell149	1	1	1	1
Cell150	1	5	2	2
Cell151	1	10	1	1
Cell152	1	4	1	1
Cell153	1	1	1	1
Cell154	1	6	2	2
Cell155	1	12	2	2
Cell156	1	6	2	2
Cell157	1	7	2	2
Cell158	1	7	2	2
Cell159	1	6	2	2
Cell160	1	4	1	1
Cell161	1	4	1	1
Cell162	1	6	2	2
Cell163	1	2	2	2
Cell164	1	1	1	1
Cell165	1	9	2	2
Cell166	1	4	1	1
Cell167	1	2	2	2
Cell168	1	6	2	2
Cell169	1	3	1	1
Cell170	1	5	2	2
Cell172	1	8	1	1
Cell173	1	2	2	2
Cell174	1	9	2	2
Cell175	1	6	2	2
Cell176	1	4	1	1
Cell177	1	7	2	2
Cell178	1	11	1	1
Cell179	1	6	2	2
Cell180	1	12	2	2
Cell181	1	8	1	1
Cell182	1	4	1	1
Cell183	1	4	1	1
Cell184	1	9	2	2
Cell185	1	11	1	1
Cell186	1	11	1	1
Cell187	1	2	2	2
Cell188	1	5	2	2
Cell189	1	4	1	1
Cell190	1	5	2	2
Cell191	1	9	2	2
Cell192	1	1	1	1
Cell193	1	7	2	2
Cell194	1	3	1	1
Cell196	1	8	1	1
Cell197	1	4	1	1
Cell198	1	4	1	1
Cell199	1	1	1	1
Cell200	1	7	2	2
Cell201	1	3	1	1
Cell202	1	5	2	2
Cell203	1	9	2	2
Cell204	1	9	2	2
Cell205	1	10	1	1
Cell206	1	12	2	2
Cell207	1	12	2	2
Cell208	1	6	2	2
Cell209	1	1	1	1
Cell210	1	11	1	1
Cell211	1	3	1	1
Cell212	1	2	2	2
Cell214	1	3	1	1
Cell215	1	5	2	2
Cell216	1	8	1	1
Cell217	1	3	1	1
Cell218	1	4	1	1
Cell219	1	5	2	2
Cell220	1	1	1	1
Cell221	1	6	2	2
Cell222	1	6	2	2
Cell223	1	12	2	2
Cell225	1	5	2	2
Cell226	1	3	1	1
Cell227	1	7	2	2
Cell228	1	8	1	1
Cell229	1	6	2	2
Cell230	1	9	2	2
Cell231	1	5	2	2
Cell232	1	1	1	1
Cell233	1	7	2	2
Cell234	1	12	2	2
Cell235	1	10	1	1
Cell236	1	6	2	2
Cell237	1	9	2	2
Cell238	1	8	1	1
Cell239	1	12	2	2
Cell240	1	11	1	1
Cell241	1	5	2	2
Cell242	1	12	2	2
Cell243	1	8	1	1
Cell244	1	7	2	2
Cell245	1	4	1	1
Cell246	1	5	2	2
Cell247	1	1	1	1
Cell248	1	7	2	2
Cell249	1	5	2	2
Cell250	1	8	1	1
Cell251	1	7	2	2
Cell252	1	8	1	1
Cell253	1	1	1	1
Cell254	1	3	1	1
Cell255	1	2	2	2
Cell256	1	12	2	2
Cell257	1	9	2	2
Cell258	1	12	2	2
Cell259	1	8	1	1
Cell260	1	5	2	2
Cell261	1	12	2	2
Cell262	1	1	1	1
Cell263	1	11	1	1
Cell264	1	1	1	1
Cell265	1	11	1	1
Cell266	1	11	1	1
Cell267	1	6	2	2
Cell268	1	10	1	1
Cell269	1	2	2	2
Cell270	1	2	2	2
Cell271	1	7	2	2
Cell272	1	11	1	1
Cell273	1	5	2	2
Cell274	1	4	1	1
Cell275	1	6	2	2
Cell277	1	11	1	1
Cell278	1	10	1	1
Cell279	1	10	1	1
Cell280	1	10	1	1
Cell281	1	4	1	1
Cell282	1	7	2	2
Cell283	1	3	1	1
Cell284	1	5	2	2
Cell285	1	8	1	1
Cell286	1	1	1	1
Cell287	1	3	1	1
Cell289	1	3	1	1
Cell290	1	4	1	1
Cell292	1	3	1	1
Cell293	1	1	1	1
Cell294	1	3	1	1
Cell295	1	4	1	1
Cell296	1	9	2	2
Cell297	1	12	2	2
Cell298	1	5	2	2
Cell299	1	9	2	2
Cell300	1	2	2	2
Cell301	1	8	1	1
Cell302	1	12	2	2
Cell303	1	9	2	2
Cell304	1	5	2	2
Cell305	1	5	2	2
Cell306	1	1	1	1
Cell307	1	3	1	1
Cell308	1	4	1	1
Cell309	1	10	1	1
Cell310	1	3	1	1
Cell311	1	9	2	2
Cell312	1	4	1	1
Cell313	1	4	1	1
Cell314	1	9	2	2
Cell315	1	10	1	1
Cell316	1	12	2	2
Cell317	1	8	1	1
Cell318	1	10	1	1
Cell319	1	5	2	2
Cell320	1	10	1	1
Cell321	1	9	2	2
Cell322	1	3	1	1
Cell323	1	4	1	1
Cell324	1	10	1	1
Cell325	1	3	1	1
Cell326	1	4	1	1
Cell327	1	3	1	1
Cell328	1	11	1	1
Cell329	1	6	2	2
Cell330	1	8	1	1
Cell331	1	3	1	1
Cell332	1	8	1	1
Cell333	1	1	1	1
Cell334	1	1	1	1
Cell335	1	10	1	1
Cell336	1	11	1	1
Cell337	1	4	1	1
Cell338	1	3	1	1
Cell339	1	12	2	2
Cell340	1	8	1	1
Cell341	1	1	1	1
Cell343	1	1	1	1
Cell344	1	6	2	2
Cell345	1	1	1	1
Cell346	1	10	1	1
Cell347	1	4	1	1
Cell348	1	1	1	1
Cell350	1	10	1	1
Cell351	1	3	1	1
Cell352	1	2	2	2
Cell353	1	4	1	1
Cell355	1	4	1	1
Cell356	1	8	1	1
Cell357	1	11	1	1
Cell358	1	5	2	2
Cell359	1	9	2	2
Cell360	1	1	1	1
Cell361	1	2	2	2
Cell362	1	7	2	2
Cell364	1	3	1	1
Cell365	1	11	1	1
Cell366	1	4	1	1
Cell367	1	5	2	2
Cell368	1	2	2	2
Cell369	1	11	1	1
Cell370	1	5	2	2
Cell371	1	2	2	2
Cell372	1	9	2	2
Cell373	1	2	2	2
Cell374	1	9	2	2
Cell375	1	2	2	2
Cell376	1	1	1	1
Cell377	1	4	1	1
Cell378	1	12	2	2
Cell379	1	1	1	1
Cell380	1	9	2	2
Cell381	1	8	1	1
Cell383	1	10	1	1
Cell384	1	1	1	1
Cell385	1	9	2	2
Cell387	1	4	1	1
Cell388	1	7	2	2
Cell389	1	1	1	1
Cell390	1	4	1	1
Cell391	1	2	2	2
Cell392	1	5	2	2
Cell393	1	2	2	2
Cell394	1	2	2	2
Cell395	1	7	2	2
Cell396	1	3	1	1
Cell397	1	6	2	2
Cell398	1	1	1	1
Cell399	1	11	1	1
Cell400	1	2	2	2
Cell401	1	11	1	1
Cell402	1	7	2	2
Cell403	1	12	2	2
Cell404	1	5	2	2
Cell406	1	2	2	2
Cell407	1	8	1	1
Cell408	1	1	1	1
Cell409	1	2	2	2
Cell411	1	11	1	1
Cell412	1	1	1	1
Cell413	1	12	2	2
Cell414	1	6	2	2
Cell415	1	2	2	2
Cell416	1	5	2	2
Cell417	1	11	1	1
Cell418	1	11	1	1
Cell419	1	1	1	1
Cell420	1	4	1	1
Cell421	1	1	1	1
Cell422	1	12	2	2
Cell423	1	7	2	2
Cell424	1	2	2	2
Cell425	1	3	1	1
Cell426	1	5	2	2
Cell427	1	3	1	1
Cell428	1	6	2	2
Cell429	1	9	2	2
Cell430	1	11	1	1
Cell431	1	5	2	2
Cell432	1	12	2	2
Cell433	1	7	2	2
Cell434	1	4	1	1
Cell435	1	10	1	1
Cell436	1	4	1	1
Cell437	1	6	2	2
Cell438	1	8	1	1
Cell439	1	1	1	1
Cell440	1	8	1	1
Cell441	1	8	1	1
Cell442	1	2	2	2
Cell443	1	12	2	2
Cell444	1	12	2	2
Cell445	1	5	2	2
Cell446	1	8	1	1
Cell447	1	3	1	1
Cell448	1	1	1	1
Cell449	1	12	2	2
Cell450	1	11	1	1
Cell451	1	2	2	2
Cell452	1	4	1	1
Cell453	1	4	1	1
Cell454	1	3	1	1
Cell455	1	3	1	1
Cell456	1	1	1	1
Cell457	1	5	2	2
Cell458	1	10	1	1
Cell459	1	9	2	2
Cell460	1	6	2	2
Cell461	1	10	1	1
Cell462	1	2	2	2
Cell463	1	3	1	1
Cell466	1	1	1	1
Cell467	1	9	2	2
Cell468	1	4	1	1
Cell469	1	8	1	1
Cell470	1	4	1	1
Cell471	1	4	1	1
Cell473	1	5	2	2
Cell474	1	2	2	2
Cell475	1	2	2	2
Cell476	1	12	2	2
Cell477	1	3	1	1
Cell478	1	6	2	2
Cell479	1	4	1	1
Cell480	1	3	1	1
Cell481	1	9	2	2
Cell482	1	7	2	2
Cell483	1	1	1	1
Cell484	1	8	1	1
Cell485	1	5	2	2
Cell486	1	1	1	1
Cell487	1	4	1	1
Cell488	1	4	1	1
Cell489	1	6	2	2
Cell490	1	11	1	1
Cell491	1	8	1	1
Cell492	1	11	1	1
Cell493	1	9	2	2
Cell494	1	4	1	1
Cell495	1	3	1	1
Cell496	1	9	2	2
Cell497	1	1	1	1
Cell498	1	2	2	2
Cell499	1	3	1	1
Cell500	1	2	2	2
Cell501	1	6	2	2
Cell502	1	3	1	1
Cell503	1	9	2	2
Cell504	1	2	2	2
Cell505	1	11	1	1
Cell506	1	10	1	1
Cell507	1	1	1	1
Cell508	1	4	1	1
Cell509	1	10	1	1
Cell510	1	1	1	1
Cell511	1	10	1	1
Cell512	1	8	1	1
Cell513	1	2	2	2
Cell514	1	12	2	2
Cell515	1	1	1	1
Cell516	1	8	1	1
Cell518	1	11	1	1
Cell519	1	6	2	2
Cell520	1	4	1	1
Cell521	1	7	2	2
Cell522	1	7	2	2
Cell523	1	10	1	1
Cell524	1	2	2	2
Cell525	1	9	2	2
Cell526	1	1	1	1
Cell527	1	6	2	2
Cell528	1	7	2	2
Cell529	1	2	2	2
Cell530	1	1	1	1
Cell531	1	3	1	1
Cell532	1	4	1	1
Cell533	1	8	1	1
Cell534	1	8	1	1
Cell535	1	2	2	2
Cell536	1	9	2	2
Cell537	1	7	2	2
Cell538	1	8	1	1
Cell539	1	3	1	1
Cell540	1	4	1	1
Cell541	1	9	2	2
Cell542	1	6	2	2
Cell543	1	9	2	2
Cell544	1	6	2	2
Cell545	1	5	2	2
Cell547	1	4	1	1
Cell548	1	7	2	2
Cell549	1	9	2	2
Cell551	1	12	2	2
Cell552	1	7	2	2
Cell553	1	10	1	1
Cell554	1	7	2	2
Cell555	1	7	2	2
Cell556	1	8	1	1
Cell557	1	12	2	2
Cell558	1	3	1	1
Cell559	1	11	1	1
Cell560	1	11	1	1
Cell561	1	3	1	1
Cell564	1	11	1	1
Cell565	1	2	2	2
Cell566	1	11	1	1
Cell567	1	2	2	2
Cell568	1	8	1	1
Cell569	1	10	1	1
Cell570	1	1	1	1
Cell571	1	9	2	2
Cell572	1	5	2	2
Cell573	1	6	2	2
Cell574	1	7	2	2
Cell575	1	7	2	2
Cell576	1	12	2	2
Cell577	1	5	2	2
Cell578	1	1	1	1
Cell579	1	4	1	1
Cell580	1	5	2	2
Cell581	1	10	1	1
Cell582	1	4	1	1
Cell583	1	9	2	2
Cell584	1	9	2	2
Cell585	1	2	2	2
Cell586	1	7	2	2
Cell587	1	1	1	1
Cell589	1	10	1	1
Cell590	1	6	2	2
Cell591	1	1	1	1
Cell592	1	6	2	2
Cell593	1	9	2	2
Cell594	1	6	2	2
Cell595	1	1	1	1
Cell597	1	10	1	1
Cell598	1	9	2	2
Cell599	1	8	1	1
Cell600	1	3	1	1
Cell601	1	11	1	1
Cell602	1	6	2	2
Cell603	1	4	1	1
Cell604	1	4	1	1
Cell605	1	6	2	2
Cell606	1	7	2	2
Cell607	1	8	1	1
Cell608	1	4	1	1
Cell609	1	3	1	1
Cell610	1	4	1	1
Cell611	1	7	2	2
Cell612	1	8	1	1
Cell613	1	6	2	2
Cell614	1	2	2	2
Cell615	1	4	1	1
Cell616	1	2	2	2
Cell617	1	7	2	2
Cell618	1	12	2	2
Cell619	1	1	1	1
Cell620	1	3	1	1
Cell622	1	10	1	1
Cell623	1	3	1	1
Cell624	1	1	1	1
Cell626	1	7	2	2
Cell627	1	8	1	1
Cell628	1	5	2	2
Cell629	1	1	1	1
Cell630	1	3	1	1
Cell631	1	3	1	1
Cell632	1	2	2	2
Cell633	1	5	2	2
Cell634	1	6	2	2
Cell635	1	11	1	1
Cell636	1	7	2	2
Cell639	1	4	1	1
Cell640	1	2	2	2
Cell641	1	6	2	2
Cell642	1	11	1	1
Cell643	1	6	2	2
Cell644	1	10	1	1
Cell645	1	5	2	2
Cell646	1	7	2	2
Cell647	1	1	1	1
Cell648	1	7	2	2
Cell649	1	2	2	2
Cell650	1	1	1	1
Cell651	1	7	2	2
Cell652	1	8	1	1
Cell653	1	2	2	2
Cell654	1	7	2	2
Cell655	1	2	2	2
Cell656	1	8	1	1
Cell657	1	3	1	1
Cell658	1	7	2	2
Cell659	1	6	2	2
Cell660	1	2	2	2
Cell661	1	5	2	2
Cell662	1	7	2	2
Cell663	1	4	1	1
Cell664	1	7	2	2
Cell665	1	4	1	1
Cell666	1	10	1	1
Cell667	1	10	1	1
Cell668	1	6	2	2
Cell669	1	1	1	1
Cell670	1	5	2	2
Cell671	1	11	1	1
Cell672	1	8	1	1
Cell673	1	3	1	1
Cell674	1	2	2	2
Cell675	1	11	1	1
Cell676	1	5	2	2
Cell677	1	2	2	2
Cell678	1	9	2	2
Cell679	1	2	2	2
Cell680	1	12	2	2
Cell681	1	1	1	1
Cell682	1	3	1	1
Cell684	1	6	2	2
Cell685	1	2	2	2
Cell686	1	5	2	2
Cell687	1	1	1	1
Cell688	1	8	1	1
Cell689	1	9	2	2
Cell690	1	11	1	1
Cell691	1	1	1	1
Cell692	1	6	2	2
Cell694	1	10	1	1
Cell695	1	3	1	1
Cell696	1	1	1	1
Cell697	1	1	1	1
Cell698	1	9	2	2
Cell699	1	5	2	2
Cell700	1	7	2	2
Cell701	1	6	2	2
Cell702	1	3	1	1
Cell703	1	8	1	1
Cell704	1	1	1	1
Cell705	1	12	2	2
Cell706	1	8	1	1
Cell707	1	1	1	1
Cell708	1	2	2	2
Cell709	1	12	2	2
Cell710	1	7	2	2
Cell711	1	2	2	2
Cell712	1	6	2	2
Cell713	1	4	1	1
Cell714	1	10	1	1
Cell715	1	10	1	1
Cell716	1	9	2	2
Cell717	1	9	2	2
Cell718	1	1	1	1
Cell719	1	5	2	2
Cell720	1	7	2	2
Cell721	1	12	2	2
Cell722	1	4	1	1
Cell723	1	12	2	2
Cell724	1	3	1	1
Cell725	1	3	1	1
Cell726	1	1	1	1
Cell727	1	1	1	1
Cell728	1	3	1	1
Cell729	1	6	2	2
Cell730	1	5	2	2
Cell731	1	5	2	2
Cell732	1	2	2	2
Cell733	1	7	2	2
Cell734	1	1	1	1
Cell735	1	2	2	2
Cell738	1	10	1	1
Cell739	1	2	2	2
Cell740	1	6	2	2
Cell741	1	1	1	1
Cell742	1	9	2	2
Cell743	1	1	1	1
Cell744	1	4	1	1
Cell745	1	1	1	1
Cell746	1	9	2	2
Cell747	1	4	1	1
Cell748	1	5	2	2
Cell749	1	5	2	2
Cell750	1	4	1	1
Cell751	1	6	2	2
Cell752	1	11	1	1
Cell754	1	8	1	1
Cell756	1	7	2	2
Cell757	1	2	2	2
Cell758	1	3	1	1
Cell759	1	3	1	1
Cell760	1	9	2	2
Cell761	1	2	2	2
Cell762	1	1	1	1
Cell763	1	3	1	1
Cell764	1	4	1	1
Cell765	1	11	1	1
Cell766	1	5	2	2
Cell767	1	4	1	1
Cell768	1	8	1	1
Cell769	1	3	1	1
Cell770	1	10	1	1
Cell771	1	4	1	1
Cell772	1	4	1	1
Cell773	1	7	2	2
Cell774	1	6	2	2
Cell775	1	10	1	1
Cell776	1	12	2	2
Cell777	1	2	2	2
Cell778	1	11	1	1
Cell779	1	1	1	1
Cell780	1	1	1	1
Cell781	1	4	1	1
Cell782	1	5	2	2
Cell783	1	4	1	1
Cell784	1	4	1	1
Cell785	1	7	2	2
Cell786	1	8	1	1
Cell787	1	3	1	1
Cell788	1	6	2	2
Cell789	1	4	1	1
Cell790	1	4	1	1
Cell792	1	2	2	2
Cell793	1	6	2	2
Cell794	1	7	2	2
Cell795	1	5	2	2
Cell796	1	2	2	2
Cell797	1	4	1	1
Cell798	1	8	1	1
Cell799	1	11	1	1
Cell800	1	11	1	1
Cell801	1	7	2	2
Cell802	1	12	2	2
Cell803	1	6	2	2
Cell804	1	10	1	1
Cell805	1	4	1	1
Cell806	1	11	1	1
Cell807	1	2	2	2
Cell808	1	9	2	2
Cell809	1	2	2	2
Cell810	1	8	1	1
Cell811	1	5	2	2
Cell812	1	2	2	2
Cell814	1	10	1	1
Cell815	1	9	2	2
Cell816	1	4	1	1
Cell817	1	1	1	1
Cell818	1	7	2	2
Cell819	1	1	1	1
Cell820	1	3	1	1
Cell821	1	7	2	2
Cell822	1	7	2	2
Cell823	1	6	2	2
Cell824	1	8	1	1
Cell826	1	2	2	2
Cell827	1	5	2	2
Cell829	1	4	1	1
Cell830	1	3	1	1
Cell831	1	11	1	1
Cell832	1	8	1	1
Cell833	1	8	1	1
Cell834	1	5	2	2
Cell836	1	2	2	2
Cell837	1	2	2	2
Cell838	1	7	2	2
Cell839	1	1	1	1
Cell840	1	7	2	2
Cell841	1	5	2	2
Cell842	1	4	1	1
Cell843	1	2	2	2
Cell844	1	8	1	1
Cell845	1	8	1	1
Cell846	1	1	1	1
Cell848	1	5	2	2
Cell850	1	2	2	2
Cell851	1	7	2	2
Cell852	1	3	1	1
Cell853	1	4	1	1
Cell854	1	3	1	1
Cell855	1	8	1	1
Cell856	1	4	1	1
Cell857	1	5	2	2
Cell858	1	12	2	2
Cell859	1	12	2	2
Cell860	1	2	2	2
Cell861	1	7	2	2
Cell862	1	5	2	2
Cell863	1	8	1	1
Cell864	1	10	1	1
Cell865	1	3	1	1
Cell866	1	1	1	1
Cell867	1	8	1	1
Cell868	1	3	1	1
Cell869	1	5	2	2
Cell870	1	10	1	1
Cell871	1	8	1	1
Cell872	1	10	1	1
Cell873	1	9	2	2
Cell874	1	3	1	1
Cell875	1	9	2	2
Cell876	1	11	1	1
Cell877	1	6	2	2
Cell879	1	3	1	1
Cell880	1	7	2	2
Cell881	1	4	1	1
Cell882	1	8	1	1
Cell883	1	4	1	1
Cell884	1	5	2	2
Cell885	1	1	1	1
Cell886	1	7	2	2
Cell887	1	10	1	1
Cell889	1	6	2	2
Cell890	1	2	2	2
Cell891	1	4	1	1
Cell892	1	12	2	2
Cell893	1	5	2	2
Cell894	1	10	1	1
Cell895	1	10	1	1
Cell896	1	5	2	2
Cell897	1	11	1	1
Cell898	1	1	1	1
Cell899	1	7	2	2
Cell900	1	4	1	1
Cell901	1	8	1	1
Cell902	1	9	2	2
Cell903	1	1	1	1
Cell904	1	2	2	2
Cell905	1	4	1	1
Cell906	1	8	1	1
Cell907	1	7	2	2
Cell908	1	1	1	1
Cell909	1	2	2	2
Cell910	1	1	1	1
Cell911	1	9	2	2
Cell912	1	6	2	2
Cell913	1	3	1	1
Cell914	1	4	1	1
Cell915	1	2	2	2
Cell916	1	3	1	1
Cell917	1	4	1	1
Cell918	1	11	1	1
Cell919	1	9	2	2
Cell920	1	1	1	1
Cell921	1	6	2	2
Cell922	1	6	2	2
Cell923	1	4	1	1
Cell924	1	11	1	1
Cell925	1	12	2	2
Cell926	1	4	1	1
Cell927	1	3	1	1
Cell928	1	8	1	1
Cell929	1	4	1	1
Cell930	1	2	2	2
Cell931	1	1	1	1
Cell932	1	5	2	2
Cell933	1	3	1	1
Cell934	1	9	2	2
Cell935	1	2	2	2
Cell936	1	7	2	2
Cell937	1	7	2	2
Cell938	1	3	1	1
Cell939	1	8	1	1
Cell940	1	4	1	1
Cell942	1	12	2	2
Cell943	1	7	2	2
Cell944	1	6	2	2
Cell945	1	6	2	2
Cell947	1	5	2	2
Cell948	1	5	2	2
Cell949	1	9	2	2
Cell950	1	7	2	2
Cell952	1	9	2	2
Cell953	1	10	1	1
Cell954	1	8	1	1
Cell955	1	12	2	2
Cell956	1	12	2	2
Cell957	1	5	2	2
Cell958	1	9	2	2
Cell959	1	2	2	2
Cell960	1	9	2	2
Cell961	1	8	1	1
Cell962	1	2	2	2
Cell963	1	3	1	1
Cell964	1	9	2	2
Cell965	1	1	1	1
Cell966	1	1	1	1
Cell968	1	10	1	1
Cell969	1	9	2	2
Cell970	1	2	2	2
Cell972	1	9	2	2
Cell973	1	5	2	2
Cell974	1	11	1	1
Cell975	1	10	1	1
Cell976	1	8	1	1
Cell977	1	12	2	2
Cell978	1	5	2	2
Cell979	1	10	1	1
Cell980	1	5	2	2
Cell981	1	9	2	2
Cell982	1	2	2	2
Cell983	1	8	1	1
Cell984	1	6	2	2
Cell985	1	8	1	1
Cell986	1	8	1	1
Cell987	1	4	1	1
Cell988	1	10	1	1
Cell989	1	1	1	1
Cell990	1	11	1	1
Cell991	1	10	1	1
Cell992	1	6	2	2
Cell993	1	6	2	2
Cell994	1	11	1	1
Cell995	1	9	2	2
Cell996	1	3	1	1
Cell997	1	9	2	2
Cell998	1	4	1	1
Cell999	1	9	2	2
Cell1000	1	7	2	2
Cell1001	1	5	2	2
Cell1002	1	3	1	1
Cell1003	1	11	1	1
Cell1004	1	5	2	2
Cell1005	1	2	2	2
Cell1006	1	8	1	1
Cell1007	1	9	2	2
Cell1008	1	5	2	2
Cell1009	1	12	2	2
Cell1010	1	3	1	1
Cell1012	1	2	2	2
Cell1013	1	1	1	1
Cell1014	1	2	2	2
Cell1015	1	9	2	2
Cell1016	1	12	2	2
Cell1017	1	7	2	2
Cell1018	1	4	1	1
Cell1020	1	4	1	1
Cell1021	1	1	1	1
Cell1022	1	8	1	1
Cell1023	1	6	2	2
Cell1024	1	11	1	1
Cell1025	1	10	1	1
Cell1026	1	4	1	1
Cell1028	1	12	2	2
Cell1029	1	7	2	2
Cell1030	1	12	2	2
Cell1031	1	10	1	1
Cell1032	1	8	1	1
Cell1034	1	4	1	1
Cell1035	1	2	2	2
Cell1036	1	3	1	1
Cell1037	1	1	1	1
Cell1038	1	10	1	1
Cell1039	1	1	1	1
Cell1040	1	9	2	2
Cell1041	1	7	2	2
Cell1043	1	2	2	2
Cell1044	1	9	2	2
Cell1045	1	9	2	2
Cell1046	1	6	2	2
Cell1047	1	6	2	2
Cell1048	1	2	2	2
Cell1049	1	4	1	1
Cell1050	1	1	1	1
Cell1051	1	2	2	2
Cell1052	1	1	1	1
Cell1053	1	1	1	1
Cell1054	1	6	2	2
Cell1055	1	9	2	2
Cell1056	1	3	1	1
Cell1057	1	1	1	1
Cell1058	1	1	1	1
Cell1059	1	1	1	1
Cell1060	1	10	1	1
Cell1061	1	7	2	2
Cell1062	1	8	1	1
Cell1063	1	9	2	2
Cell1064	1	3	1	1
Cell1065	1	1	1	1
Cell1066	1	2	2	2
Cell1067	1	2	2	2
Cell1068	1	3	1	1
Cell1069	1	2	2	2
Cell1070	1	2	2	2
Cell1071	1	11	1	1
Cell1072	1	8	1	1
Cell1073	1	9	2	2
Cell1074	1	6	2	2
Cell1075	1	1	1	1
Cell1076	1	4	1	1
Cell1077	1	10	1	1
Cell1078	1	3	1	1
Cell1080	1	7	2	2
Cell1082	1	1	1	1
Cell1083	1	2	2	2
Cell1084	1	6	2	2
Cell1085	1	9	2	2
Cell1086	1	6	2	2
Cell1087	1	12	2	2
Cell1088	1	12	2	2
Cell1089	1	12	2	2
Cell1090	1	9	2	2
Cell1091	1	12	2	2
Cell1092	1	5	2	2
Cell1093	1	3	1	1
Cell1095	1	7	2	2
Cell1096	1	12	2	2
Cell1097	1	10	1	1
Cell1098	1	5	2	2
Cell1099	1	2	2	2
Cell1100	1	7	2	2
Cell1101	1	4	1	1
Cell1102	1	6	2	2
Cell1103	1	9	2	2
Cell1104	1	8	1	1
Cell1106	1	8	1	1
Cell1107	1	6	2	2
Cell1108	1	7	2	2
Cell1109	1	1	1	1
Cell1110	1	9	2	2
Cell1111	1	3	1	1
Cell1112	1	12	2	2
Cell1113	1	5	2	2
Cell1114	1	6	2	2
Cell1115	1	9	2	2
Cell1116	1	8	1	1
Cell1118	1	3	1	1
Cell1119	1	6	2	2
Cell1120	1	3	1	1
Cell1121	1	2	2	2
Cell1122	1	5	2	2
Cell1123	1	12	2	2
Cell1124	1	7	2	2
Cell1126	1	7	2	2
Cell1127	1	5	2	2
Cell1128	1	6	2	2
Cell1129	1	3	1	1
Cell1130	1	1	1	1
Cell1131	1	7	2	2
Cell1133	1	6	2	2
Cell1135	1	9	2	2
Cell1136	1	9	2	2
Cell1137	1	2	2	2
Cell1138	1	7	2	2
Cell1139	1	6	2	2
Cell1140	1	7	2	2
Cell1141	1	4	1	1
Cell1142	1	1	1	1
Cell1143	1	1	1	1
Cell1144	1	6	2	2
Cell1145	1	3	1	1
Cell1146	1	8	1	1
Cell1147	1	2	2	2
Cell1148	1	4	1	1
Cell1149	1	3	1	1
Cell1150	1	1	1	1
Cell1151	1	7	2	2
Cell1152	1	11	1	1
Cell1153	1	10	1	1
Cell1154	1	1	1	1
Cell1155	1	3	1	1
Cell1156	1	3	1	1
Cell1157	1	12	2	2
Cell1158	1	8	1	1
Cell1159	1	1	1	1
Cell1161	1	4	1	1
Cell1162	1	4	1	1
Cell1163	1	1	1	1
Cell1164	1	1	1	1
Cell1165	1	4	1	1
Cell1166	1	10	1	1
Cell1167	1	11	1	1
Cell1168	1	2	2	2
Cell1169	1	2	2	2
Cell1170	1	10	1	1
Cell1171	1	4	1	1
Cell1172	1	5	2	2
Cell1173	1	3	1	1
Cell1175	1	3	1	1
Cell1176	1	5	2	2
Cell1177	1	1	1	1
Cell1178	1	2	2	2
Cell1179	1	4	1	1
Cell1180	1	6	2	2
Cell1181	1	12	2	2
Cell1182	1	9	2	2
Cell1183	1	6	2	2
Cell1184	1	10	1	1
Cell1185	1	4	1	1
Cell1186	1	11	1	1
Cell1187	1	5	2	2
Cell1188	1	8	1	1
Cell1189	1	4	1	1
Cell1190	1	6	2	2
Cell1191	1	9	2	2
Cell1192	1	7	2	2
Cell1193	1	5	2	2
Cell1194	1	3	1	1
Cell1195	1	3	1	1
Cell1196	1	6	2	2
Cell1197	1	10	1	1
Cell1198	1	3	1	1
Cell1199	1	4	1	1
Cell1200	1	7	2	2
Cell1201	1	10	1	1
Cell1202	1	9	2	2
Cell1203	1	3	1	1
Cell1204	1	2	2	2
Cell1205	1	1	1	1
Cell1206	1	4	1	1
Cell1207	1	10	1	1
Cell1208	1	9	2	2
Cell1209	1	9	2	2
Cell1210	1	6	2	2
Cell1211	1	6	2	2
Cell1212	1	2	2	2
Cell1213	1	10	1	1
Cell1214	1	7	2	2
Cell1215	1	2	2	2
Cell1216	1	7	2	2
Cell1217	1	9	2	2
Cell1218	1	5	2	2
Cell1219	1	4	1	1
Cell1220	1	1	1	1
Cell1221	1	4	1	1
Cell1222	1	4	1	1
Cell1223	1	3	1	1
Cell1224	1	9	2	2
Cell1225	1	1	1	1
Cell1226	1	1	1	1
Cell1227	1	11	1	1
Cell1228	1	1	1	1
Cell1229	1	2	2	2
Cell1230	1	1	1	1
Cell1231	1	8	1	1
Cell1232	1	9	2	2
Cell1235	1	3	1	1
Cell1236	1	3	1	1
Cell1237	1	6	2	2
Cell1238	1	9	2	2
Cell1239	1	10	1	1
Cell1240	1	10	1	1
Cell1241	1	4	1	1
Cell1242	1	10	1	1
Cell1243	1	4	1	1
Cell1244	1	2	2	2
Cell1245	1	10	1	1
Cell1246	1	9	2	2
Cell1247	1	10	1	1
Cell1248	1	2	2	2
Cell1249	1	1	1	1
Cell1250	1	2	2	2
Cell1251	1	3	1	1
Cell1252	1	9	2	2
Cell1253	1	12	2	2
Cell1254	1	4	1	1
Cell1255	1	1	1	1
Cell1256	1	3	1	1
Cell1257	1	11	1	1
Cell1258	1	5	2	2
Cell1259	1	2	2	2
Cell1260	1	4	1	1
Cell1261	1	10	1	1
Cell1262	1	5	2	2
Cell1263	1	10	1	1
Cell1264	1	9	2	2
Cell1265	1	5	2	2
Cell1266	1	6	2	2
Cell1267	1	3	1	1
Cell1268	1	4	1	1
Cell1269	1	3	1	1
Cell1270	1	10	1	1
Cell1271	1	2	2	2
Cell1272	1	6	2	2
Cell1273	1	9	2	2
Cell1274	1	4	1	1
Cell1275	1	9	2	2
Cell1276	1	2	2	2
Cell1277	1	6	2	2
Cell1278	1	1	1	1
Cell1279	1	5	2	2
Cell1280	1	5	2	2
Cell1281	1	7	2	2
Cell1282	1	2	2	2
Cell1283	1	6	2	2
Cell1284	1	1	1	1
Cell1285	1	4	1	1
Cell1287	1	3	1	1
Cell1288	1	11	1	1
Cell1289	1	6	2	2
Cell1290	1	1	1	1
Cell1291	1	5	2	2
Cell1292	1	6	2	2
Cell1293	1	3	1	1
Cell1294	1	3	1	1
Cell1295	1	1	1	1
Cell1297	1	11	1	1
Cell1298	1	12	2	2
Cell1299	1	6	2	2
Cell1300	1	1	1	1
Cell1301	1	7	2	2
Cell1302	1	4	1	1
Cell1303	1	7	2	2
Cell1304	1	9	2	2
Cell1305	1	12	2	2
Cell1306	1	7	2	2
Cell1307	1	8	1	1
Cell1308	1	6	2	2
Cell1310	1	11	1	1
Cell1311	1	4	1	1
Cell1312	1	1	1	1
Cell1313	1	6	2	2
Cell1314	1	4	1	1
Cell1315	1	2	2	2
Cell1316	1	4	1	1
Cell1317	1	2	2	2
Cell1318	1	1	1	1
Cell1319	1	4	1	1
Cell1320	1	1	1	1
Cell1321	1	5	2	2
Cell1322	1	7	2	2
Cell1323	1	8	1	1
Cell1324	1	3	1	1
Cell1325	1	5	2	2
Cell1326	1	3	1	1
Cell1327	1	10	1	1
Cell1328	1	9	2	2
Cell1329	1	6	2	2
Cell1330	1	9	2	2
Cell1331	1	8	1	1
Cell1332	1	8	1	1
Cell1333	1	6	2	2
Cell1335	1	7	2	2
Cell1338	1	10	1	1
Cell1339	1	5	2	2
Cell1340	1	7	2	2
Cell1341	1	6	2	2
Cell1342	1	1	1	1
Cell1343	1	7	2	2
Cell1344	1	9	2	2
Cell1345	1	1	1	1
Cell1346	1	11	1	1
Cell1347	1	3	1	1
Cell1348	1	9	2	2
Cell1349	1	6	2	2
Cell1350	1	10	1	1
Cell1351	1	12	2	2
Cell1352	1	2	2	2
Cell1353	1	10	1	1
Cell1354	1	2	2	2
Cell1355	1	1	1	1
Cell1356	1	2	2	2
Cell1357	1	6	2	2
Cell1359	1	1	1	1
Cell1360	1	4	1	1
Cell1361	1	9	2	2
Cell1362	1	7	2	2
Cell1363	1	7	2	2
Cell1364	1	7	2	2
Cell1365	1	7	2	2
Cell1366	1	1	1	1
Cell1367	1	3	1	1
Cell1368	1	2	2	2
Cell1369	1	12	2	2
Cell1370	1	2	2	2
Cell1371	1	3	1	1
Cell1372	1	12	2	2
Cell1373	1	2	2	2
Cell1374	1	1	1	1
Cell1375	1	5	2	2
Cell1376	1	2	2	2
Cell1377	1	2	2	2
Cell1378	1	9	2	2
Cell1379	1	11	1	1
Cell1380	1	1	1	1
Cell1381	1	5	2	2
Cell1383	1	5	2	2
Cell1384	1	1	1	1
Cell1385	1	11	1	1
Cell1386	1	12	2	2
Cell1387	1	12	2	2
Cell1388	1	1	1	1
Cell1389	1	7	2	2
Cell1390	1	5	2	2
Cell1391	1	4	1	1
Cell1392	1	1	1	1
Cell1393	1	4	1	1
Cell1394	1	10	1	1
Cell1395	1	1	1	1
Cell1396	1	8	1	1
Cell1397	1	5	2	2
Cell1398	1	5	2	2
Cell1399	1	8	1	1
Cell1400	1	3	1	1
Cell1401	1	4	1	1
Cell1402	1	2	2	2
Cell1403	1	2	2	2
Cell1404	1	6	2	2
Cell1405	1	1	1	1
Cell1406	1	9	2	2
Cell1407	1	1	1	1
Cell1408	1	8	1	1
Cell1409	1	12	2	2
Cell1410	1	8	1	1
Cell1412	1	8	1	1
Cell1413	1	6	2	2
Cell1414	1	7	2	2
Cell1415	1	9	2	2
Cell1416	1	4	1	1
Cell1417	1	3	1	1
Cell1418	1	6	2	2
Cell1419	1	11	1	1
Cell1421	1	7	2	2
Cell1422	1	12	2	2
Cell1423	1	1	1	1
Cell1424	1	2	2	2
Cell1425	1	6	2	2
Cell1426	1	6	2	2
Cell1427	1	2	2	2
Cell1428	1	9	2	2
Cell1429	1	4	1	1
Cell1430	1	6	2	2
Cell1431	1	1	1	1
Cell1432	1	7	2	2
Cell1433	1	8	1	1
Cell1434	1	6	2	2
Cell1436	1	4	1	1
Cell1437	1	7	2	2
Cell1438	1	9	2	2
Cell1439	1	3	1	1
Cell1440	1	1	1	1
Cell1441	1	6	2	2
Cell1442	1	11	1	1
Cell1443	1	7	2	2
Cell1444	1	1	1	1
Cell1445	1	6	2	2
Cell1446	1	3	1	1
Cell1447	1	12	2	2
Cell1448	1	4	1	1
Cell1449	1	4	1	1
Cell1450	1	3	1	1
Cell1451	1	4	1	1
Cell1452	1	9	2	2
Cell1453	1	4	1	1
Cell1455	1	1	1	1
Cell1456	1	4	1	1
Cell1458	1	1	1	1
Cell1459	1	6	2	2
Cell1460	1	5	2	2
Cell1461	1	8	1	1
Cell1462	1	11	1	1
Cell1464	1	4	1	1
Cell1465	1	3	1	1
Cell1466	1	1	1	1
Cell1468	1	4	1	1
Cell1469	1	3	1	1
Cell1470	1	4	1	1
Cell1471	1	1	1	1
Cell1472	1	8	1	1
Cell1473	1	10	1	1
Cell1474	1	6	2	2
Cell1475	1	6	2	2
Cell1476	1	3	1	1
Cell1477	1	4	1	1
Cell1478	1	8	1	1
Cell1479	1	10	1	1
Cell1480	1	9	2	2
Cell1481	1	6	2	2
Cell1482	1	1	1	1
Cell1483	1	6	2	2
Cell1484	1	6	2	2
Cell1485	1	11	1	1
Cell1486	1	10	1	1
Cell1487	1	1	1	1
Cell1488	1	1	1	1
Cell1489	1	2	2	2
Cell1490	1	3	1	1
Cell1491	1	12	2	2
Cell1492	1	4	1	1
Cell1493	1	5	2	2
Cell1494	1	7	2	2
Cell1495	1	4	1	1
Cell1496	1	1	1	1
Cell1497	1	3	1	1
Cell1498	1	7	2	2
Cell1499	1	10	1	1
Cell1500	1	6	2	2
Cell1501	1	1	1	1
Cell1502	1	5	2	2
Cell1503	1	7	2	2
Cell1504	1	5	2	2
Cell1505	1	5	2	2
Cell1506	1	1	1	1
Cell1507	1	5	2	2
Cell1508	1	10	1	1
Cell1509	1	5	2	2
Cell1510	1	2	2	2
Cell1511	1	7	2	2
Cell1512	1	9	2	2
Cell1513	1	1	1	1
Cell1514	1	12	2	2
Cell1515	1	10	1	1
Cell1516	1	1	1	1
Cell1517	1	7	2	2
Cell1518	1	1	1	1
Cell1519	1	9	2	2
Cell1520	1	3	1	1
Cell1521	1	7	2	2
Cell1522	1	12	2	2
Cell1523	1	3	1	1
Cell1524	1	3	1	1
Cell1525	1	8	1	1
Cell1526	1	9	2	2
Cell1527	1	2	2	2
Cell1528	1	4	1	1
Cell1529	1	6	2	2
Cell1530	1	4	1	1
Cell1531	1	3	1	1
Cell1532	1	4	1	1
Cell1533	1	8	1	1
Cell1534	1	8	1	1
Cell1535	1	1	1	1
Cell1536	1	4	1	1
Cell1537	1	9	2	2
Cell1538	1	3	1	1
Cell1539	1	5	2	2
Cell1540	1	8	1	1
Cell1541	1	10	1	1
Cell1542	1	10	1	1
Cell1543	1	7	2	2
Cell1544	1	2	2	2
Cell1545	1	4	1	1
Cell1546	1	2	2	2
Cell1547	1	10	1	1
Cell1548	1	5	2	2
Cell1549	1	12	2	2
Cell1550	1	7	2	2
Cell1551	1	5	2	2
Cell1553	1	9	2	2
Cell1554	1	8	1	1
Cell1555	1	9	2	2
Cell1556	1	7	2	2
Cell1557	1	1	1	1
Cell1558	1	9	2	2
Cell1559	1	6	2	2
Cell1560	1	12	2	2
Cell1561	1	5	2	2
Cell1562	1	12	2	2
Cell1563	1	9	2	2
Cell1564	1	2	2	2
Cell1565	1	1	1	1
Cell1566	1	10	1	1
Cell1567	1	2	2	2
Cell1568	1	3	1	1
Cell1569	1	2	2	2
Cell1570	1	10	1	1
Cell1571	1	3	1	1
Cell1572	1	8	1	1
Cell1573	1	4	1	1
Cell1574	1	1	1	1
Cell1575	1	1	1	1
Cell1576	1	11	1	1
Cell1577	1	4	1	1
Cell1579	1	8	1	1
Cell1580	1	7	2	2
Cell1581	1	3	1	1
Cell1582	1	12	2	2
Cell1583	1	5	2	2
Cell1584	1	4	1	1
Cell1585	1	2	2	2
Cell1586	1	5	2	2
Cell1587	1	3	1	1
Cell1588	1	2	2	2
Cell1589	1	7	2	2
Cell1590	1	4	1	1
Cell1591	1	8	1	1
Cell1592	1	4	1	1
Cell1593	1	3	1	1
Cell1594	1	3	1	1
Cell1595	1	9	2	2
Cell1597	1	7	2	2
Cell1598	1	5	2	2
Cell1599	1	9	2	2
Cell1600	1	3	1	1
Cell1601	1	3	1	1
Cell1602	1	2	2	2
Cell1603	1	10	1	1
Cell1604	1	2	2	2
Cell1605	1	8	1	1
Cell1606	1	11	1	1
Cell1607	1	2	2	2
Cell1608	1	3	1	1
Cell1609	1	8	1	1
Cell1610	1	8	1	1
Cell1611	1	10	1	1
Cell1612	1	4	1	1
Cell1613	1	1	1	1
Cell1614	1	3	1	1
Cell1615	1	4	1	1
Cell1616	1	6	2	2
Cell1619	1	5	2	2
Cell1620	1	2	2	2
Cell1621	1	10	1	1
Cell1622	1	5	2	2
Cell1623	1	5	2	2
Cell1624	1	8	1	1
Cell1625	1	8	1	1
Cell1626	1	5	2	2
Cell1627	1	4	1	1
Cell1628	1	7	2	2
Cell1629	1	11	1	1
Cell1630	1	4	1	1
Cell1631	1	11	1	1
Cell1632	1	10	1	1
Cell1633	1	2	2	2
Cell1634	1	3	1	1
Cell1635	1	9	2	2
Cell1636	1	1	1	1
Cell1637	1	6	2	2
Cell1638	1	8	1	1
Cell1639	1	3	1	1
Cell1640	1	1	1	1
Cell1641	1	7	2	2
Cell1642	1	11	1	1
Cell1643	1	1	1	1
Cell1644	1	8	1	1
Cell1645	1	9	2	2
Cell1646	1	6	2	2
Cell1647	1	4	1	1
Cell1648	1	12	2	2
Cell1650	1	11	1	1
Cell1651	1	7	2	2
Cell1652	1	10	1	1
Cell1653	1	6	2	2
Cell1654	1	5	2	2
Cell1656	1	3	1	1
Cell1657	1	10	1	1
Cell1658	1	8	1	1
Cell1660	1	8	1	1
Cell1661	1	11	1	1
Cell1662	1	9	2	2
Cell1663	1	5	2	2
Cell1664	1	12	2	2
Cell1665	1	8	1	1
Cell1666	1	12	2	2
Cell1667	1	1	1	1
Cell1668	1	5	2	2
Cell1669	1	3	1	1
Cell1670	1	6	2	2
Cell1672	1	2	2	2
Cell1673	1	2	2	2
Cell1674	1	4	1	1
Cell1675	1	10	1	1
Cell1676	1	3	1	1
Cell1677	1	4	1	1
Cell1678	1	7	2	2
Cell1679	1	3	1	1
Cell1680	1	1	1	1
Cell1681	1	3	1	1
Cell1683	1	4	1	1
Cell1684	1	5	2	2
Cell1685	1	2	2	2
Cell1686	1	11	1	1
Cell1687	1	5	2	2
Cell1688	1	2	2	2
Cell1689	1	10	1	1
Cell1690	1	8	1	1
Cell1691	1	3	1	1
Cell1692	1	4	1	1
Cell1693	1	3	1	1
Cell1694	1	12	2	2
Cell1695	1	9	2	2
Cell1696	1	2	2	2
Cell1697	1	5	2	2
Cell1698	1	5	2	2
Cell1699	1	2	2	2
Cell1700	1	10	1	1
Cell1701	1	2	2	2
Cell1702	1	1	1	1
Cell1703	1	2	2	2
Cell1704	1	6	2	2
Cell1705	1	12	2	2
Cell1706	1	10	1	1
Cell1707	1	11	1	1
Cell1708	1	6	2	2
Cell1709	1	7	2	2
Cell1710	1	1	1	1
Cell1711	1	8	1	1
Cell1712	1	9	2	2
Cell1713	1	8	1	1
Cell1715	1	2	2	2
Cell1716	1	1	1	1
Cell1717	1	3	1	1
Cell1718	1	9	2	2
Cell1719	1	2	2	2
Cell1720	1	7	2	2
Cell1721	1	9	2	2
Cell1722	1	5	2	2
Cell1723	1	9	2	2
Cell1724	1	1	1	1
Cell1725	1	1	1	1
Cell1726	1	8	1	1
Cell1727	1	11	1	1
Cell1728	1	6	2	2
Cell1729	1	10	1	1
Cell1730	1	10	1	1
Cell1731	1	2	2	2
Cell1732	1	11	1	1
Cell1733	1	6	2	2
Cell1734	1	4	1	1
Cell1735	1	4	1	1
Cell1736	1	6	2	2
Cell1737	1	12	2	2
Cell1738	1	5	2	2
Cell1739	1	5	2	2
Cell1740	1	6	2	2
Cell1741	1	3	1	1
Cell1742	1	2	2	2
Cell1743	1	8	1	1
Cell1744	1	5	2	2
Cell1745	1	3	1	1
Cell1747	1	8	1	1
Cell1748	1	2	2	2
Cell1749	1	10	1	1
Cell1750	1	1	1	1
Cell1751	1	5	2	2
Cell1752	1	11	1	1
Cell1753	1	7	2	2
Cell1754	1	3	1	1
Cell1755	1	5	2	2
Cell1756	1	12	2	2
Cell1757	1	2	2	2
Cell1758	1	8	1	1
Cell1759	1	6	2	2
Cell1760	1	1	1	1
Cell1761	1	5	2	2
Cell1762	1	7	2	2
Cell1763	1	6	2	2
Cell1764	1	8	1	1
Cell1765	1	3	1	1
Cell1766	1	2	2	2
Cell1767	1	1	1	1
Cell1768	1	2	2	2
Cell1769	1	8	1	1
Cell1770	1	7	2	2
Cell1771	1	7	2	2
Cell1772	1	3	1	1
Cell1773	1	11	1	1
Cell1774	1	7	2	2
Cell1775	1	6	2	2
Cell1776	1	2	2	2
Cell1777	1	8	1	1
Cell1778	1	8	1	1
Cell1779	1	7	2	2
Cell1780	1	4	1	1
Cell1781	1	11	1	1
Cell1782	1	1	1	1
Cell1783	1	7	2	2
Cell1784	1	8	1	1
Cell1785	1	4	1	1
Cell1786	1	2	2	2
Cell1787	1	5	2	2
Cell1788	1	1	1	1
Cell1789	1	10	1	1
Cell1790	1	8	1	1
Cell1791	1	10	1	1
Cell1792	1	5	2	2
Cell1793	1	10	1	1
Cell1794	1	11	1	1
Cell1795	1	4	1	1
Cell1796	1	6	2	2
Cell1797	1	6	2	2
Cell1798	1	7	2	2
Cell1799	1	9	2	2
Cell1800	1	3	1	1
Cell1801	1	2	2	2
Cell1802	1	10	1	1
Cell1803	1	5	2	2
Cell1804	1	8	1	1
Cell1805	1	1	1	1
Cell1806	1	5	2	2
Cell1807	1	1	1	1
Cell1808	1	3	1	1
Cell1809	1	9	2	2
Cell1810	1	2	2	2
Cell1811	1	3	1	1
Cell1812	1	12	2	2
Cell1813	1	10	1	1
Cell1814	1	5	2	2
Cell1815	1	4	1	1
Cell1816	1	2	2	2
Cell1817	1	6	2	2
Cell1818	1	1	1	1
Cell1819	1	7	2	2
Cell1820	1	7	2	2
Cell1821	1	3	1	1
Cell1822	1	9	2	2
Cell1823	1	7	2	2
Cell1824	1	5	2	2
Cell1825	1	4	1	1
Cell1826	1	7	2	2
Cell1827	1	4	1	1
Cell1828	1	2	2	2
Cell1829	1	7	2	2
Cell1830	1	5	2	2
Cell1831	1	7	2	2
Cell1832	1	7	2	2
Cell1833	1	3	1	1
Cell1834	1	4	1	1
Cell1835	1	7	2	2
Cell1836	1	1	1	1
Cell1837	1	10	1	1
Cell1838	1	11	1	1
Cell1839	1	3	1	1
Cell1840	1	1	1	1
Cell1841	1	6	2	2
Cell1842	1	7	2	2
Cell1843	1	7	2	2
Cell1845	1	6	2	2
Cell1846	1	5	2	2
Cell1847	1	5	2	2
Cell1848	1	7	2	2
Cell1849	1	10	1	1
Cell1850	1	1	1	1
Cell1851	1	6	2	2
Cell1853	1	12	2	2
Cell1854	1	2	2	2
Cell1855	1	11	1	1
Cell1856	1	9	2	2
Cell1858	1	6	2	2
Cell1859	1	7	2	2
Cell1860	1	2	2	2
Cell1861	1	6	2	2
Cell1862	1	10	1	1
Cell1863	1	8	1	1
Cell1864	1	5	2	2
Cell1865	1	11	1	1
Cell1866	1	3	1	1
Cell1867	1	8	1	1
Cell1868	1	3	1	1
Cell1869	1	11	1	1
Cell1870	1	7	2	2
Cell1871	1	5	2	2
Cell1872	1	10	1	1
Cell1873	1	7	2	2
Cell1874	1	2	2	2
Cell1875	1	4	1	1
Cell1877	1	1	1	1
Cell1878	1	10	1	1
Cell1879	1	9	2	2
Cell1880	1	4	1	1
Cell1881	1	8	1	1
Cell1882	1	5	2	2
Cell1883	1	3	1	1
Cell1884	1	6	2	2
Cell1885	1	4	1	1
Cell1886	1	10	1	1
Cell1887	1	9	2	2
Cell1888	1	12	2	2
Cell1889	1	11	1	1
Cell1890	1	1	1	1
Cell1891	1	7	2	2
Cell1892	1	7	2	2
Cell1893	1	2	2	2
Cell1894	1	4	1	1
Cell1895	1	3	1	1
Cell1896	1	10	1	1
Cell1897	1	8	1	1
Cell1898	1	7	2	2
Cell1899	1	8	1	1
Cell1900	1	7	2	2
Cell1901	1	1	1	1
Cell1902	1	6	2	2
Cell1903	1	9	2	2
Cell1904	1	3	1	1
Cell1906	1	6	2	2
Cell1907	1	9	2	2
Cell1908	1	6	2	2
Cell1909	1	4	1	1
Cell1910	1	8	1	1
Cell1911	1	5	2	2
Cell1912	1	6	2	2
Cell1913	1	5	2	2
Cell1914	1	3	1	1
Cell1915	1	1	1	1
Cell1916	1	10	1	1
Cell1917	1	1	1	1
Cell1918	1	9	2	2
Cell1919	1	1	1	1
Cell1920	1	9	2	2
Cell1921	1	1	1	1
Cell1922	1	2	2	2
Cell1923	1	9	2	2
Cell1924	1	3	1	1
Cell1925	1	1	1	1
Cell1926	1	5	2	2
Cell1927	1	3	1	1
Cell1928	1	1	1	1
Cell1929	1	7	2	2
Cell1930	1	5	2	2
Cell1931	1	12	2	2
Cell1932	1	6	2	2
Cell1933	1	12	2	2
Cell1934	1	1	1	1
Cell1935	1	2	2	2
Cell1936	1	9	2	2
Cell1937	1	8	1	1
Cell1938	1	8	1	1
Cell1939	1	5	2	2
Cell1940	1	9	2	2
Cell1941	1	5	2	2
Cell1942	1	4	1	1
Cell1943	1	9	2	2
Cell1944	1	9	2	2
Cell1945	1	8	1	1
Cell1946	1	7	2	2
Cell1947	1	5	2	2
Cell1948	1	10	1	1
Cell1949	1	8	1	1
Cell1950	1	2	2	2
Cell1951	1	12	2	2
Cell1952	1	8	1	1
Cell1953	1	12	2	2
Cell1954	1	6	2	2
Cell1955	1	3	1	1
Cell1956	1	10	1	1
Cell1957	1	8	1	1
Cell1958	1	5	2	2
Cell1959	1	2	2	2
Cell1960	1	9	2	2
Cell1961	1	5	2	2
Cell1962	1	4	1	1
Cell1963	1	2	2	2
Cell1965	1	4	1	1
Cell1966	1	1	1	1
Cell1967	1	5	2	2
Cell1968	1	10	1	1
Cell1969	1	4	1	1
Cell1970	1	8	1	1
Cell1971	1	8	1	1
Cell1972	1	5	2	2
Cell1973	1	9	2	2
Cell1974	1	2	2	2
Cell1975	1	2	2	2
Cell1976	1	6	2	2
Cell1977	1	2	2	2
Cell1978	1	8	1	1
Cell1979	1	3	1	1
Cell1980	1	5	2	2
Cell1981	1	4	1	1
Cell1982	1	6	2	2
Cell1983	1	8	1	1
Cell1984	1	10	1	1
Cell1985	1	10	1	1
Cell1986	1	3	1	1
Cell1987	1	10	1	1
Cell1988	1	6	2	2
Cell1989	1	10	1	1
Cell1990	1	5	2	2
Cell1991	1	7	2	2
Cell1992	1	6	2	2
Cell1993	1	5	2	2
Cell1994	1	2	2	2
Cell1995	1	4	1	1
Cell1996	1	4	1	1
Cell1997	1	9	2	2
Cell1998	1	3	1	1
Cell1999	1	4	1	1
Cell2000	1	12	2	2
Cell2001	1	12	2	2
Cell2002	1	9	2	2
Cell2003	1	11	1	1
Cell2004	1	12	2	2
Cell2005	1	11	1	1
Cell2006	1	12	2	2
Cell2007	1	8	1	1
Cell2008	1	10	1	1
Cell2009	1	5	2	2
Cell2010	1	9	2	2
Cell2011	1	2	2	2
Cell2012	1	7	2	2
Cell2013	1	12	2	2
Cell2014	1	10	1	1
Cell2015	1	1	1	1
Cell2016	1	2	2	2
Cell2017	1	5	2	2
Cell2018	1	3	1	1
Cell2019	1	1	1	1
Cell2020	1	9	2	2
Cell2021	1	2	2	2
Cell2022	1	11	1	1
Cell2023	1	11	1	1
Cell2024	1	2	2	2
Cell2025	1	11	1	1
Cell2026	1	11	1	1
Cell2027	1	10	1	1
Cell2028	1	4	1	1
Cell2029	1	5	2	2
Cell2030	1	5	2	2
Cell2031	1	8	1	1
Cell2032	1	3	1	1
Cell2033	1	6	2	2
Cell2034	1	5	2	2
Cell2035	1	9	2	2
Cell2037	1	10	1	1
Cell2038	1	3	1	1
Cell2039	1	2	2	2
Cell2040	1	9	2	2
Cell2041	1	7	2	2
Cell2042	1	4	1	1
Cell2043	1	10	1	1
Cell2044	1	3	1	1
Cell2045	1	7	2	2
Cell2046	1	8	1	1
Cell2047	1	5	2	2
Cell2048	1	1	1	1
Cell2049	1	4	1	1
Cell2050	1	9	2	2
Cell2051	1	10	1	1
Cell2052	1	12	2	2
Cell2053	1	8	1	1
Cell2054	1	2	2	2
Cell2055	1	6	2	2
Cell2056	1	8	1	1
Cell2057	1	7	2	2
Cell2058	1	4	1	1
Cell2059	1	6	2	2
Cell2060	1	2	2	2
Cell2061	1	3	1	1
Cell2062	1	1	1	1
Cell2063	1	3	1	1
Cell2064	1	8	1	1
Cell2065	1	2	2	2
Cell2066	1	7	2	2
Cell2067	1	11	1	1
Cell2068	1	7	2	2
Cell2069	1	8	1	1
Cell2070	1	1	1	1
Cell2071	1	6	2	2
Cell2072	1	7	2	2
Cell2073	1	7	2	2
Cell2074	1	10	1	1
Cell2075	1	11	1	1
Cell2076	1	2	2	2
Cell2078	1	2	2	2
Cell2079	1	4	1	1
Cell2080	1	5	2	2
Cell2081	1	4	1	1
Cell2082	1	6	2	2
Cell2083	1	1	1	1
Cell2084	1	1	1	1
Cell2085	1	5	2	2
Cell2086	1	8	1	1
Cell2087	1	4	1	1
Cell2088	1	2	2	2
Cell2089	1	3	1	1
Cell2090	1	6	2	2
Cell2091	1	7	2	2
Cell2092	1	8	1	1
Cell2093	1	8	1	1
Cell2094	1	4	1	1
Cell2095	1	10	1	1
Cell2096	1	12	2	2
Cell2097	1	5	2	2
Cell2098	1	3	1	1
Cell2099	1	7	2	2
Cell2100	1	10	1	1
Cell2101	1	10	1	1
Cell2102	1	6	2	2
Cell2103	1	5	2	2
Cell2104	1	4	1	1
Cell2105	1	4	1	1
Cell2106	1	4	1	1
Cell2107	1	9	2	2
Cell2108	1	5	2	2
Cell2109	1	1	1	1
Cell2110	1	7	2	2
Cell2111	1	4	1	1
Cell2112	1	9	2	2
Cell2113	1	4	1	1
Cell2114	1	1	1	1
Cell2115	1	5	2	2
Cell2116	1	7	2	2
Cell2117	1	6	2	2
Cell2119	1	6	2	2
Cell2120	1	4	1	1
Cell2121	1	6	2	2
Cell2122	1	5	2	2
Cell2123	1	4	1	1
Cell2124	1	11	1	1
Cell2125	1	6	2	2
Cell2126	1	9	2	2
Cell2127	1	6	2	2
Cell2128	1	1	1	1
Cell2129	1	1	1	1
Cell2130	1	12	2	2
Cell2131	1	3	1	1
Cell2132	1	10	1	1
Cell2133	1	7	2	2
Cell2134	1	1	1	1
Cell2135	1	2	2	2
Cell2136	1	10	1	1
Cell2137	1	10	1	1
Cell2138	1	11	1	1
Cell2139	1	1	1	1
Cell2141	1	6	2	2
Cell2142	1	1	1	1
Cell2143	1	6	2	2
Cell2145	1	6	2	2
Cell2146	1	4	1	1
Cell2147	1	8	1	1
Cell2148	1	2	2	2
Cell2149	1	9	2	2
Cell2150	1	10	1	1
Cell2151	1	5	2	2
Cell2152	1	9	2	2
Cell2154	1	5	2	2
Cell2155	1	1	1	1
Cell2156	1	4	1	1
Cell2157	1	10	1	1
Cell2158	1	1	1	1
Cell2159	1	6	2	2
Cell2160	1	4	1	1
Cell2161	1	7	2	2
Cell2162	1	5	2	2
Cell2163	1	6	2	2
Cell2164	1	2	2	2
Cell2165	1	1	1	1
Cell2166	1	3	1	1
Cell2167	1	2	2	2
Cell2168	1	12	2	2
Cell2169	1	4	1	1
Cell2170	1	2	2	2
Cell2171	1	2	2	2
Cell2172	1	4	1	1
Cell2173	1	7	2	2
Cell2174	1	8	1	1
Cell2175	1	2	2	2
Cell2176	1	11	1	1
Cell2177	1	10	1	1
Cell2178	1	5	2	2
Cell2179	1	11	1	1
Cell2180	1	10	1	1
Cell2181	1	10	1	1
Cell2182	1	4	1	1
Cell2183	1	4	1	1
Cell2184	1	3	1	1
Cell2185	1	4	1	1
Cell2186	1	4	1	1
Cell2187	1	7	2	2
Cell2188	1	5	2	2
Cell2189	1	1	1	1
Cell2190	1	4	1	1
Cell2191	1	6	2	2
Cell2192	1	11	1	1
Cell2193	1	1	1	1
Cell2194	1	6	2	2
Cell2195	1	5	2	2
Cell2196	1	3	1	1
Cell2197	1	2	2	2
Cell2198	1	8	1	1
Cell2199	1	1	1	1
Cell2200	1	4	1	1
Cell2201	1	6	2	2
Cell2202	1	2	2	2
Cell2203	1	5	2	2
Cell2204	1	5	2	2
Cell2206	1	5	2	2
Cell2207	1	7	2	2
Cell2208	1	10	1	1
Cell2209	1	6	2	2
Cell2210	1	6	2	2
Cell2211	1	10	1	1
Cell2212	1	7	2	2
Cell2213	1	6	2	2
Cell2214	1	9	2	2
Cell2215	1	2	2	2
Cell2216	1	8	1	1
Cell2217	1	3	1	1
Cell2218	1	3	1	1
Cell2219	1	2	2	2
Cell2220	1	3	1	1
Cell2221	1	7	2	2
Cell2222	1	8	1	1
Cell2224	1	1	1	1
Cell2225	1	7	2	2
Cell2226	1	4	1	1
Cell2227	1	8	1	1
Cell2229	1	5	2	2
Cell2230	1	9	2	2
Cell2231	1	6	2	2
Cell2232	1	4	1	1
Cell2234	1	8	1	1
Cell2235	1	8	1	1
Cell2236	1	8	1	1
Cell2237	1	3	1	1
Cell2238	1	3	1	1
Cell2239	1	5	2	2
Cell2240	1	10	1	1
Cell2243	1	9	2	2
Cell2244	1	4	1	1
Cell2245	1	3	1	1
Cell2246	1	10	1	1
Cell2247	1	3	1	1
Cell2248	1	5	2	2
Cell2249	1	1	1	1
Cell2250	1	12	2	2
Cell2251	1	9	2	2
Cell2252	1	4	1	1
Cell2253	1	9	2	2
Cell2254	1	9	2	2
Cell2255	1	8	1	1
Cell2256	1	10	1	1
Cell2257	1	3	1	1
Cell2258	1	1	1	1
Cell2259	1	3	1	1
Cell2260	1	9	2	2
Cell2261	1	5	2	2
Cell2262	1	2	2	2
Cell2263	1	8	1	1
Cell2264	1	3	1	1
Cell2265	1	7	2	2
Cell2266	1	9	2	2
Cell2267	1	4	1	1
Cell2268	1	8	1	1
Cell2269	1	12	2	2
Cell2270	1	11	1	1
Cell2271	1	3	1	1
Cell2272	1	6	2	2
Cell2273	1	8	1	1
Cell2274	1	5	2	2
Cell2276	1	2	2	2
Cell2277	1	2	2	2
Cell2278	1	4	1	1
Cell2280	1	9	2	2
Cell2281	1	10	1	1
Cell2282	1	6	2	2
Cell2283	1	4	1	1
Cell2284	1	11	1	1
Cell2285	1	8	1	1
Cell2287	1	7	2	2
Cell2288	1	4	1	1
Cell2289	1	2	2	2
Cell2290	1	7	2	2
Cell2291	1	3	1	1
Cell2292	1	12	2	2
Cell2293	1	3	1	1
Cell2294	1	3	1	1
Cell2295	1	5	2	2
Cell2296	1	8	1	1
Cell2297	1	11	1	1
Cell2298	1	2	2	2
Cell2299	1	4	1	1
Cell2300	1	1	1	1
Cell2301	1	4	1	1
Cell2302	1	2	2	2
Cell2303	1	9	2	2
Cell2304	1	6	2	2
Cell2305	1	9	2	2
Cell2306	1	6	2	2
Cell2307	1	4	1	1
Cell2308	1	6	2	2
Cell2309	1	11	1	1
Cell2310	1	8	1	1
Cell2311	1	4	1	1
Cell2312	1	6	2	2
Cell2313	1	9	2	2
Cell2314	1	1	1	1
Cell2315	1	4	1	1
Cell2316	1	11	1	1
Cell2317	1	4	1	1
Cell2318	1	6	2	2
Cell2319	1	3	1	1
Cell2320	1	4	1	1
Cell2321	1	1	1	1
Cell2322	1	3	1	1
Cell2323	1	2	2	2
Cell2324	1	10	1	1
Cell2325	1	4	1	1
Cell2326	1	2	2	2
Cell2327	1	8	1	1
Cell2328	1	4	1	1
Cell2329	1	12	2	2
Cell2330	1	8	1	1
Cell2331	1	1	1	1
Cell2332	1	1	1	1
Cell2333	1	1	1	1
Cell2334	1	4	1	1
Cell2335	1	7	2	2
Cell2336	1	8	1	1
Cell2337	1	8	1	1
Cell2339	1	4	1	1
Cell2340	1	2	2	2
Cell2341	1	8	1	1
Cell2342	1	2	2	2
Cell2344	1	3	1	1
Cell2346	1	4	1	1
Cell2347	1	11	1	1
Cell2348	1	4	1	1
Cell2349	1	7	2	2
Cell2350	1	2	2	2
Cell2352	1	1	1	1
Cell2353	1	7	2	2
Cell2354	1	7	2	2
Cell2355	1	3	1	1
Cell2356	1	11	1	1
Cell2357	1	6	2	2
Cell2358	1	12	2	2
Cell2359	1	1	1	1
Cell2360	1	11	1	1
Cell2361	1	8	1	1
Cell2362	1	9	2	2
Cell2363	1	2	2	2
Cell2364	1	5	2	2
Cell2365	1	10	1	1
Cell2366	1	12	2	2
Cell2367	1	9	2	2
Cell2368	1	5	2	2
Cell2370	1	8	1	1
Cell2371	1	2	2	2
Cell2372	1	6	2	2
Cell2373	1	9	2	2
Cell2375	1	9	2	2
Cell2376	1	5	2	2
Cell2377	1	9	2	2
Cell2378	1	12	2	2
Cell2379	1	3	1	1
Cell2380	1	4	1	1
Cell2381	1	3	1	1
Cell2382	1	10	1	1
Cell2383	1	2	2	2
Cell2384	1	6	2	2
Cell2385	1	9	2	2
Cell2386	1	8	1	1
Cell2387	1	1	1	1
Cell2388	1	11	1	1
Cell2389	1	7	2	2
Cell2390	1	5	2	2
Cell2391	1	11	1	1
Cell2392	1	1	1	1
Cell2393	1	8	1	1
Cell2394	1	6	2	2
Cell2395	1	3	1	1
Cell2396	1	7	2	2
Cell2397	1	4	1	1
Cell2398	1	9	2	2
Cell2399	1	6	2	2
Cell2400	1	10	1	1
Cell2401	1	6	2	2
Cell2402	1	3	1	1
Cell2403	1	7	2	2
Cell2404	1	10	1	1
Cell2405	1	7	2	2
Cell2406	1	4	1	1
Cell2407	1	11	1	1
Cell2408	1	11	1	1
Cell2409	1	10	1	1
Cell2410	1	2	2	2
Cell2411	1	6	2	2
Cell2412	1	11	1	1
Cell2413	1	5	2	2
Cell2415	1	1	1	1
Cell2416	1	2	2	2
Cell2417	1	1	1	1
Cell2418	1	11	1	1
Cell2419	1	4	1	1
Cell2421	1	1	1	1
Cell2422	1	2	2	2
Cell2424	1	5	2	2
Cell2425	1	8	1	1
Cell2427	1	3	1	1
Cell2428	1	5	2	2
Cell2429	1	4	1	1
Cell2430	1	9	2	2
Cell2431	1	7	2	2
Cell2432	1	9	2	2
Cell2433	1	2	2	2
Cell2434	1	7	2	2
Cell2435	1	7	2	2
Cell2436	1	3	1	1
Cell2437	1	2	2	2
Cell2438	1	3	1	1
Cell2439	1	10	1	1
Cell2440	1	7	2	2
Cell2441	1	2	2	2
Cell2442	1	6	2	2
Cell2443	1	1	1	1
Cell2444	1	6	2	2
Cell2445	1	1	1	1
Cell2446	1	11	1	1
Cell2447	1	10	1	1
Cell2448	1	1	1	1
Cell2449	1	9	2	2
Cell2450	1	12	2	2
Cell2451	1	7	2	2
Cell2452	1	11	1	1
Cell2453	1	6	2	2
Cell2454	1	12	2	2
Cell2456	1	5	2	2
Cell2457	1	5	2	2
Cell2458	1	11	1	1
Cell2459	1	4	1	1
Cell2460	1	1	1	1
Cell2461	1	8	1	1
Cell2462	1	5	2	2
Cell2463	1	10	1	1
Cell2464	1	5	2	2
Cell2465	1	7	2	2
Cell2466	1	7	2	2
Cell2467	1	8	1	1
Cell2469	1	9	2	2
Cell2470	1	4	1	1
Cell2471	1	1	1	1
Cell2472	1	1	1	1
Cell2473	1	12	2	2
Cell2474	1	3	1	1
Cell2475	1	6	2	2
Cell2476	1	2	2	2
Cell2477	1	9	2	2
Cell2479	1	8	1	1
Cell2480	1	10	1	1
Cell2481	1	2	2	2
Cell2482	1	3	1	1
Cell2483	1	6	2	2
Cell2484	1	1	1	1
Cell2485	1	4	1	1
Cell2486	1	4	1	1
Cell2487	1	7	2	2
Cell2488	1	3	1	1
Cell2489	1	3	1	1
Cell2490	1	1	1	1
Cell2491	1	5	2	2
Cell2492	1	8	1	1
Cell2493	1	10	1	1
Cell2494	1	11	1	1
Cell2495	1	4	1	1
Cell2496	1	9	2	2
Cell2497	1	10	1	1
Cell2498	1	9	2	2
Cell2499	1	11	1	1
Cell2500	1	9	2	2
Cell2502	1	12	2	2
Cell2503	1	1	1	1
Cell2504	1	12	2	2
Cell2505	1	2	2	2
Cell2506	1	9	2	2
Cell2507	1	1	1	1
Cell2508	1	5	2	2
Cell2509	1	6	2	2
Cell2510	1	9	2	2
Cell2511	1	6	2	2
Cell2512	1	5	2	2
Cell2513	1	1	1	1
Cell2514	1	9	2	2
Cell2515	1	2	2	2
Cell2516	1	11	1	1
Cell2517	1	8	1	1
Cell2518	1	4	1	1
Cell2519	1	10	1	1
Cell2520	1	7	2	2
Cell2521	1	9	2	2
Cell2522	1	7	2	2
Cell2523	1	8	1	1
Cell2524	1	10	1	1
Cell2525	1	2	2	2
Cell2526	1	1	1	1
Cell2527	1	3	1	1
Cell2528	1	9	2	2
Cell2530	1	8	1	1
Cell2531	1	3	1	1
Cell2532	1	2	2	2
Cell2534	1	1	1	1
Cell2535	1	7	2	2
Cell2536	1	10	1	1
Cell2537	1	6	2	2
Cell2538	1	7	2	2
Cell2539	1	11	1	1
Cell2540	1	8	1	1
Cell2541	1	3	1	1
Cell2542	1	11	1	1
Cell2543	1	6	2	2
Cell2544	1	11	1	1
Cell2545	1	10	1	1
Cell2546	1	5	2	2
Cell2547	1	7	2	2
Cell2548	1	12	2	2
Cell2549	1	6	2	2
Cell2550	1	4	1	1
Cell2551	1	11	1	1
Cell2553	1	4	1	1
Cell2554	1	7	2	2
Cell2555	1	2	2	2
Cell2556	1	12	2	2
Cell2557	1	6	2	2
Cell2559	1	7	2	2
Cell2560	1	7	2	2
Cell2561	1	8	1	1
Cell2562	1	3	1	1
Cell2563	1	3	1	1
Cell2564	1	12	2	2
Cell2565	1	12	2	2
Cell2566	1	7	2	2
Cell2569	1	5	2	2
Cell2570	1	3	1	1
Cell2571	1	3	1	1
Cell2572	1	11	1	1
Cell2573	1	1	1	1
Cell2574	1	3	1	1
Cell2575	1	3	1	1
Cell2576	1	1	1	1
Cell2577	1	11	1	1
Cell2578	1	10	1	1
Cell2579	1	4	1	1
Cell2580	1	3	1	1
Cell2581	1	9	2	2
Cell2582	1	8	1	1
Cell2583	1	3	1	1
Cell2584	1	1	1	1
Cell2585	1	9	2	2
Cell2587	1	1	1	1
Cell2588	1	3	1	1
Cell2589	1	4	1	1
Cell2590	1	1	1	1
Cell2591	1	2	2	2
Cell2592	1	1	1	1
Cell2593	1	7	2	2
Cell2594	1	9	2	2
Cell2595	1	1	1	1
Cell2596	1	1	1	1
Cell2598	1	8	1	1
Cell2599	1	2	2	2
Cell2601	1	3	1	1
Cell2602	1	10	1	1
Cell2603	1	11	1	1
Cell2604	1	2	2	2
Cell2605	1	6	2	2
Cell2606	1	6	2	2
Cell2607	1	1	1	1
Cell2608	1	11	1	1
Cell2609	1	4	1	1
Cell2610	1	5	2	2
Cell2611	1	3	1	1
Cell2613	1	10	1	1
Cell2614	1	4	1	1
Cell2616	1	4	1	1
Cell2617	1	3	1	1
Cell2618	1	7	2	2
Cell2619	1	1	1	1
Cell2620	1	3	1	1
Cell2621	1	2	2	2
Cell2622	1	4	1	1
Cell2623	1	1	1	1
Cell2625	1	4	1	1
Cell2626	1	1	1	1
Cell2627	1	7	2	2
Cell2628	1	5	2	2
Cell2629	1	6	2	2
Cell2630	1	4	1	1
Cell2631	1	10	1	1
Cell2632	1	7	2	2
Cell2633	1	10	1	1
Cell2634	1	7	2	2
Cell2635	1	3	1	1
Cell2636	1	7	2	2
Cell2637	1	10	1	1
Cell2638	1	6	2	2
Cell2639	1	1	1	1
Cell2640	1	7	2	2
Cell2641	1	2	2	2
Cell2642	1	10	1	1
Cell2643	1	2	2	2
Cell2644	1	6	2	2
Cell2645	1	9	2	2
Cell2646	1	8	1	1
Cell2647	1	4	1	1
Cell2649	1	1	1	1
Cell2650	1	9	2	2
Cell2651	1	2	2	2
Cell2652	1	6	2	2
Cell2653	1	3	1	1
Cell2654	1	1	1	1
Cell2656	1	2	2	2
Cell2657	1	8	1	1
Cell2658	1	11	1	1
Cell2659	1	3	1	1
Cell2661	1	3	1	1
Cell2662	1	1	1	1
Cell2663	1	12	2	2
Cell2664	1	3	1	1
Cell2665	1	6	2	2
Cell2666	1	3	1	1
Cell2667	1	7	2	2
Cell2668	1	6	2	2
Cell2669	1	7	2	2
Cell2670	1	9	2	2
Cell2671	1	5	2	2
Cell2672	1	5	2	2
Cell2673	1	6	2	2
Cell2674	1	4	1	1
Cell2675	1	7	2	2
Cell2676	1	1	1	1
Cell2677	1	11	1	1
Cell2678	1	12	2	2
Cell2680	1	2	2	2
Cell2681	1	10	1	1
Cell2682	1	11	1	1
Cell2683	1	5	2	2
Cell2684	1	4	1	1
Cell2685	1	4	1	1
Cell2687	1	7	2	2
Cell2688	1	10	1	1
Cell2689	1	10	1	1
Cell2690	1	2	2	2
Cell2691	1	4	1	1
Cell2692	1	7	2	2
Cell2693	1	7	2	2
Cell2694	1	1	1	1
Cell2695	1	2	2	2
Cell2696	1	6	2	2
Cell2697	1	7	2	2
Cell2698	1	9	2	2
Cell2699	1	1	1	1
Cell2700	1	6	2	2
Cell2701	1	1	1	1
Cell2702	1	11	1	1
Cell2703	1	10	1	1
Cell2704	1	4	1	1
Cell2705	1	3	1	1
Cell2706	1	4	1	1
Cell2707	1	11	1	1
Cell2708	1	12	2	2
Cell2709	1	4	1	1
Cell2710	1	3	1	1
Cell2712	1	2	2	2
Cell2713	1	8	1	1
Cell2714	1	1	1	1
Cell2715	1	6	2	2
Cell2716	1	7	2	2
Cell2717	1	4	1	1
Cell2718	1	1	1	1
Cell2719	1	3	1	1
Cell2720	1	4	1	1
Cell2721	1	11	1	1
Cell2722	1	9	2	2
Cell2723	1	11	1	1
Cell2724	1	5	2	2
Cell2725	1	3	1	1
Cell2726	1	8	1	1
Cell2727	1	4	1	1
Cell2728	1	9	2	2
Cell2729	1	8	1	1
Cell2730	1	6	2	2
Cell2731	1	6	2	2
Cell2732	1	9	2	2
Cell2733	1	10	1	1
Cell2735	1	6	2	2
Cell2736	1	9	2	2
Cell2737	1	3	1	1
Cell2738	1	1	1	1
Cell2739	1	5	2	2
Cell2740	1	11	1	1
Cell2741	1	6	2	2
Cell2742	1	4	1	1
Cell2743	1	12	2	2
Cell2744	1	2	2	2
Cell2746	1	6	2	2
Cell2747	1	4	1	1
Cell2748	1	1	1	1
Cell2749	1	5	2	2
Cell2750	1	9	2	2
Cell2751	1	10	1	1
Cell2752	1	1	1	1
Cell2753	1	9	2	2
Cell2754	1	4	1	1
Cell2755	1	11	1	1
Cell2756	1	1	1	1
Cell2757	1	11	1	1
Cell2758	1	11	1	1
Cell2759	1	3	1	1
Cell2760	1	5	2	2
Cell2761	1	2	2	2
Cell2762	1	6	2	2
Cell2763	1	1	1	1
Cell2764	1	1	1	1
Cell2766	1	1	1	1
Cell2767	1	4	1	1
Cell2768	1	8	1	1
Cell2769	1	2	2	2
Cell2770	1	2	2	2
Cell2771	1	10	1	1
Cell2772	1	7	2	2
Cell2773	1	7	2	2
Cell2774	1	3	1	1
Cell2775	1	8	1	1
Cell2776	1	3	1	1
Cell2777	1	9	2	2
Cell2778	1	1	1	1
Cell2779	1	7	2	2
Cell2780	1	12	2	2
Cell2781	1	2	2	2
Cell2782	1	9	2	2
Cell2783	1	4	1	1
Cell2785	1	3	1	1
Cell2786	1	9	2	2
Cell2787	1	11	1	1
Cell2788	1	8	1	1
Cell2789	1	4	1	1
Cell2790	1	2	2	2
Cell2791	1	4	1	1
Cell2792	1	11	1	1
Cell2794	1	7	2	2
Cell2795	1	7	2	2
Cell2797	1	4	1	1
Cell2799	1	2	2	2
Cell2800	1	9	2	2
Cell2801	1	11	1	1
Cell2802	1	3	1	1
Cell2803	1	2	2	2
Cell2804	1	3	1	1
Cell2805	1	9	2	2
Cell2806	1	2	2	2
Cell2807	1	11	1	1
Cell2808	1	8	1	1
Cell2809	1	6	2	2
Cell2810	1	2	2	2
Cell2811	1	4	1	1
Cell2812	1	1	1	1
Cell2813	1	7	2	2
Cell2814	1	6	2	2
Cell2815	1	1	1	1
Cell2816	1	11	1	1
Cell2817	1	6	2	2
Cell2818	1	3	1	1
Cell2819	1	5	2	2
Cell2820	1	6	2	2
Cell2821	1	1	1	1
Cell2822	1	9	2	2
Cell2823	1	7	2	2
Cell2824	1	8	1	1
Cell2825	1	9	2	2
Cell2826	1	5	2	2
Cell2827	1	11	1	1
Cell2828	1	10	1	1
Cell2829	1	3	1	1
Cell2830	1	1	1	1
Cell2831	1	4	1	1
Cell2832	1	2	2	2
Cell2833	1	3	1	1
Cell2834	1	3	1	1
Cell2835	1	11	1	1
Cell2836	1	10	1	1
Cell2837	1	2	2	2
Cell2838	1	8	1	1
Cell2839	1	3	1	1
Cell2840	1	10	1	1
Cell2841	1	11	1	1
Cell2842	1	1	1	1
Cell2843	1	3	1	1
Cell2844	1	10	1	1
Cell2845	1	7	2	2
Cell2846	1	8	1	1
Cell2847	1	1	1	1
Cell2848	1	6	2	2
Cell2849	1	7	2	2
Cell2850	1	4	1	1
Cell2851	1	4	1	1
Cell2853	1	1	1	1
Cell2854	1	7	2	2
Cell2855	1	4	1	1
Cell2856	1	3	1	1
Cell2857	1	4	1	1
Cell2858	1	1	1	1
Cell2859	1	11	1	1
Cell2860	1	12	2	2
Cell2861	1	1	1	1
Cell2862	1	2	2	2
Cell2863	1	11	1	1
Cell2864	1	1	1	1
Cell2865	1	2	2	2
Cell2866	1	2	2	2
Cell2867	1	3	1	1
Cell2868	1	2	2	2
Cell2869	1	3	1	1
Cell2870	1	8	1	1
Cell2871	1	2	2	2
Cell2872	1	5	2	2
Cell2873	1	3	1	1
Cell2874	1	12	2	2
Cell2875	1	1	1	1
Cell2876	1	5	2	2
Cell2877	1	5	2	2
Cell2878	1	6	2	2
Cell2879	1	3	1	1
Cell2880	1	2	2	2
Cell2881	1	6	2	2
Cell2882	1	10	1	1
Cell2883	1	4	1	1
Cell2884	1	3	1	1
Cell2885	1	4	1	1
Cell2886	1	7	2	2
Cell2887	1	4	1	1
Cell2888	1	5	2	2
Cell2889	1	9	2	2
Cell2891	1	3	1	1
Cell2892	1	8	1	1
Cell2893	1	5	2	2
Cell2894	1	8	1	1
Cell2895	1	5	2	2
Cell2896	1	11	1	1
Cell2897	1	8	1	1
Cell2898	1	10	1	1
Cell2899	1	5	2	2
Cell2900	1	5	2	2
Cell2901	1	8	1	1
Cell2902	1	2	2	2
Cell2903	1	3	1	1
Cell2904	1	10	1	1
Cell2905	1	5	2	2
Cell2906	1	1	1	1
Cell2907	1	4	1	1
Cell2908	1	5	2	2
Cell2909	1	4	1	1
Cell2910	1	8	1	1
Cell2911	1	1	1	1
Cell2912	1	2	2	2
Cell2913	1	3	1	1
Cell2914	1	2	2	2
Cell2915	1	4	1	1
Cell2916	1	2	2	2
Cell2917	1	5	2	2
Cell2919	1	10	1	1
Cell2920	1	6	2	2
Cell2921	1	12	2	2
Cell2922	1	5	2	2
Cell2923	1	3	1	1
Cell2924	1	2	2	2
Cell2925	1	6	2	2
Cell2926	1	7	2	2
Cell2927	1	1	1	1
Cell2928	1	1	1	1
Cell2929	1	3	1	1
Cell2930	1	5	2	2
Cell2931	1	9	2	2
Cell2932	1	1	1	1
Cell2933	1	5	2	2
Cell2934	1	11	1	1
Cell2936	1	10	1	1
Cell2937	1	8	1	1
Cell2938	1	6	2	2
Cell2939	1	8	1	1
Cell2940	1	2	2	2
Cell2941	1	1	1	1
Cell2942	1	10	1	1
Cell2943	1	4	1	1
Cell2944	1	4	1	1
Cell2945	1	2	2	2
Cell2946	1	5	2	2
Cell2947	1	8	1	1
Cell2948	1	7	2	2
Cell2949	1	3	1	1
Cell2950	1	4	1	1
Cell2951	1	6	2	2
Cell2952	1	2	2	2
Cell2953	1	4	1	1
Cell2954	1	6	2	2
Cell2955	1	11	1	1
Cell2956	1	1	1	1
Cell2957	1	2	2	2
Cell2958	1	6	2	2
Cell2959	1	5	2	2
Cell2960	1	9	2	2
Cell2961	1	8	1	1
Cell2962	1	10	1	1
Cell2963	1	4	1	1
Cell2964	1	5	2	2
Cell2965	1	7	2	2
Cell2966	1	3	1	1
Cell2967	1	3	1	1
Cell2968	1	1	1	1
Cell2969	1	1	1	1
Cell2970	1	2	2	2
Cell2971	1	4	1	1
Cell2972	1	2	2	2
Cell2973	1	6	2	2
Cell2974	1	1	1	1
Cell2975	1	3	1	1
Cell2976	1	3	1	1
Cell2977	1	2	2	2
Cell2978	1	5	2	2
Cell2979	1	9	2	2
Cell2980	1	10	1	1
Cell2981	1	3	1	1
Cell2982	1	1	1	1
Cell2983	1	1	1	1
Cell2984	1	7	2	2
Cell2985	1	7	2	2
Cell2986	1	2	2	2
Cell2987	1	2	2	2
Cell2988	1	8	1	1
Cell2989	1	8	1	1
Cell2990	1	8	1	1
Cell2991	1	4	1	1
Cell2992	1	1	1	1
Cell2993	1	6	2	2
Cell2994	1	2	2	2
Cell2995	1	5	2	2
Cell2996	1	2	2	2
Cell2997	1	7	2	2
Cell2998	1	8	1	1
Cell2999	1	9	2	2
Cell3000	1	11	1	1
Cell3001	1	8	1	1
Cell3002	1	2	2	2
Cell3003	1	3	1	1
Cell3004	1	9	2	2
Cell3005	1	2	2	2
Cell3006	1	3	1	1
Cell3007	1	8	1	1
Cell3008	1	3	1	1
Cell3009	1	8	1	1
Cell3010	1	2	2	2
Cell3011	1	5	2	2
Cell3012	1	2	2	2
Cell3013	1	3	1	1
Cell3014	1	2	2	2
Cell3015	1	5	2	2
Cell3016	1	3	1	1
Cell3017	1	2	2	2
Cell3018	1	4	1	1
Cell3019	1	5	2	2
Cell3020	1	3	1	1
Cell3021	1	3	1	1
Cell3022	1	4	1	1
Cell3024	1	4	1	1
Cell3025	1	8	1	1
Cell3026	1	3	1	1
Cell3027	1	6	2	2
Cell3028	1	9	2	2
Cell3029	1	2	2	2
Cell3030	1	6	2	2
Cell3031	1	10	1	1
Cell3032	1	3	1	1
Cell3033	1	1	1	1
Cell3034	1	9	2	2
Cell3035	1	12	2	2
Cell3036	1	11	1	1
Cell3037	1	6	2	2
Cell3038	1	1	1	1
Cell3039	1	5	2	2
Cell3040	1	3	1	1
Cell3041	1	2	2	2
Cell3042	1	8	1	1
Cell3043	1	4	1	1
Cell3044	1	1	1	1
Cell3045	1	6	2	2
Cell3046	1	5	2	2
Cell3047	1	9	2	2
Cell3048	1	7	2	2
Cell3049	1	10	1	1
Cell3050	1	1	1	1
Cell3051	1	2	2	2
Cell3052	1	3	1	1
Cell3053	1	2	2	2
Cell3055	1	6	2	2
Cell3056	1	11	1	1
Cell3057	1	2	2	2
Cell3058	1	10	1	1
Cell3059	1	2	2	2
Cell3060	1	7	2	2
Cell3061	1	11	1	1
Cell3062	1	8	1	1
Cell3063	1	11	1	1
Cell3064	1	9	2	2
Cell3065	1	6	2	2
Cell3066	1	11	1	1
Cell3067	1	9	2	2
Cell3068	1	3	1	1
Cell3069	1	8	1	1
Cell3070	1	3	1	1
Cell3071	1	1	1	1
Cell3072	1	2	2	2
Cell3073	1	11	1	1
Cell3074	1	9	2	2
Cell3075	1	3	1	1
Cell3076	1	4	1	1
Cell3077	1	3	1	1
Cell3078	1	1	1	1
Cell3079	1	10	1	1
Cell3080	1	10	1	1
Cell3081	1	2	2	2
Cell3082	1	12	2	2
Cell3083	1	2	2	2
Cell3084	1	4	1	1
Cell3085	1	1	1	1
Cell3086	1	5	2	2
Cell3087	1	2	2	2
Cell3088	1	12	2	2
Cell3089	1	7	2	2
Cell3090	1	2	2	2
Cell3091	1	12	2	2
Cell3092	1	8	1	1
Cell3093	1	3	1	1
Cell3094	1	4	1	1
Cell3095	1	6	2	2
Cell3096	1	6	2	2
Cell3097	1	8	1	1
Cell3098	1	3	1	1
Cell3099	1	4	1	1
Cell3101	1	10	1	1
Cell3103	1	8	1	1
Cell3104	1	10	1	1
Cell3105	1	11	1	1
Cell3106	1	12	2	2
Cell3107	1	5	2	2
Cell3108	1	1	1	1
Cell3109	1	4	1	1
Cell3110	1	6	2	2
Cell3111	1	2	2	2
Cell3112	1	8	1	1
Cell3113	1	3	1	1
Cell3114	1	2	2	2
Cell3115	1	3	1	1
Cell3116	1	3	1	1
Cell3117	1	8	1	1
Cell3118	1	5	2	2
Cell3119	1	5	2	2
Cell3120	1	11	1	1
Cell3121	1	10	1	1
Cell3122	1	7	2	2
Cell3123	1	4	1	1
Cell3124	1	5	2	2
Cell3126	1	6	2	2
Cell3127	1	1	1	1
Cell3128	1	12	2	2
Cell3129	1	5	2	2
Cell3130	1	11	1	1
Cell3131	1	5	2	2
Cell3132	1	6	2	2
Cell3134	1	3	1	1
Cell3135	1	8	1	1
Cell3136	1	10	1	1
Cell3138	1	7	2	2
Cell3139	1	8	1	1
Cell3140	1	8	1	1
Cell3141	1	1	1	1
Cell3142	1	10	1	1
Cell3143	1	6	2	2
Cell3144	1	8	1	1
Cell3145	1	9	2	2
Cell3147	1	5	2	2
Cell3148	1	8	1	1
Cell3149	1	10	1	1
Cell3150	1	3	1	1
Cell3151	1	7	2	2
Cell3152	1	9	2	2
Cell3153	1	11	1	1
Cell3154	1	2	2	2
Cell3155	1	5	2	2
Cell3156	1	1	1	1
Cell3157	1	11	1	1
Cell3158	1	2	2	2
Cell3159	1	8	1	1
Cell3160	1	10	1	1
Cell3161	1	5	2	2
Cell3162	1	1	1	1
Cell3163	1	5	2	2
Cell3164	1	11	1	1
Cell3165	1	6	2	2
Cell3166	1	4	1	1
Cell3167	1	2	2	2
Cell3168	1	1	1	1
Cell3169	1	7	2	2
Cell3170	1	11	1	1
Cell3171	1	4	1	1
Cell3172	1	12	2	2
Cell3173	1	11	1	1
Cell3174	1	6	2	2
Cell3175	1	3	1	1
Cell3176	1	8	1	1
Cell3177	1	2	2	2
Cell3179	1	1	1	1
Cell3180	1	4	1	1
Cell3181	1	3	1	1
Cell3182	1	1	1	1
Cell3183	1	2	2	2
Cell3184	1	2	2	2
Cell3185	1	6	2	2
Cell3186	1	2	2	2
Cell3187	1	4	1	1
Cell3188	1	4	1	1
Cell3189	1	5	2	2
Cell3190	1	11	1	1
Cell3191	1	8	1	1
Cell3192	1	2	2	2
Cell3193	1	7	2	2
Cell3194	1	1	1	1
Cell3195	1	4	1	1
Cell3196	1	3	1	1
Cell3197	1	3	1	1
Cell3198	1	8	1	1
Cell3199	1	4	1	1
Cell3201	1	10	1	1
Cell3202	1	2	2	2
Cell3203	1	1	1	1
Cell3204	1	3	1	1
Cell3205	1	6	2	2
Cell3206	1	2	2	2
Cell3207	1	6	2	2
Cell3210	1	5	2	2
Cell3211	1	8	1	1
Cell3212	1	4	1	1
Cell3214	1	7	2	2
Cell3215	1	1	1	1
Cell3216	1	7	2	2
Cell3217	1	6	2	2
Cell3218	1	8	1	1
Cell3219	1	9	2	2
Cell3220	1	1	1	1
Cell3221	1	11	1	1
Cell3222	1	2	2	2
Cell3223	1	5	2	2
Cell3224	1	2	2	2
Cell3225	1	1	1	1
Cell3226	1	7	2	2
Cell3227	1	4	1	1
Cell3228	1	10	1	1
Cell3229	1	3	1	1
Cell3231	1	8	1	1
Cell3232	1	3	1	1
Cell3233	1	7	2	2
Cell3234	1	1	1	1
Cell3235	1	7	2	2
Cell3236	1	3	1	1
Cell3237	1	10	1	1
Cell3238	1	10	1	1
Cell3239	1	9	2	2
Cell3240	1	5	2	2
Cell3241	1	3	1	1
Cell3242	1	4	1	1
Cell3243	1	11	1	1
Cell3244	1	3	1	1
Cell3245	1	4	1	1
Cell3246	1	6	2	2
Cell3248	1	3	1	1
Cell3249	1	1	1	1
Cell3250	1	5	2	2
Cell3251	1	3	1	1
Cell3252	1	2	2	2
Cell3253	1	8	1	1
Cell3254	1	5	2	2
Cell3255	1	11	1	1
Cell3256	1	3	1	1
Cell3257	1	11	1	1
Cell3258	1	2	2	2
Cell3259	1	11	1	1
Cell3260	1	9	2	2
Cell3261	1	3	1	1
Cell3262	1	5	2	2
Cell3263	1	9	2	2
Cell3264	1	4	1	1
Cell3265	1	2	2	2
Cell3266	1	6	2	2
Cell3267	1	10	1	1
Cell3268	1	12	2	2
Cell3269	1	6	2	2
Cell3270	1	4	1	1
Cell3271	1	2	2	2
Cell3272	1	5	2	2
Cell3273	1	1	1	1
Cell3274	1	1	1	1
Cell3275	1	7	2	2
Cell3276	1	10	1	1
Cell3277	1	11	1	1
Cell3278	1	2	2	2
Cell3279	1	7	2	2
Cell3280	1	8	1	1
Cell3281	1	1	1	1
Cell3282	1	6	2	2
Cell3283	1	9	2	2
Cell3284	1	2	2	2
Cell3285	1	2	2	2
Cell3286	1	1	1	1
Cell3287	1	1	1	1
Cell3288	1	7	2	2
Cell3289	1	1	1	1
Cell3290	1	3	1	1
Cell3291	1	7	2	2
Cell3292	1	1	1	1
Cell3293	1	1	1	1
Cell3294	1	10	1	1
Cell3295	1	5	2	2
Cell3296	1	3	1	1
Cell3297	1	8	1	1
Cell3298	1	3	1	1
Cell3299	1	2	2	2
Cell3300	1	4	1	1
Cell3301	1	8	1	1
Cell3302	1	3	1	1
Cell3303	1	1	1	1
Cell3304	1	6	2	2
Cell3306	1	7	2	2
Cell3307	1	2	2	2
Cell3308	1	1	1	1
Cell3309	1	5	2	2
Cell3310	1	10	1	1
Cell3311	1	7	2	2
Cell3312	1	7	2	2
Cell3313	1	6	2	2
Cell3314	1	6	2	2
Cell3315	1	10	1	1
Cell3316	1	5	2	2
Cell3317	1	8	1	1
Cell3319	1	12	2	2
Cell3320	1	4	1	1
Cell3321	1	6	2	2
Cell3322	1	5	2	2
Cell3323	1	3	1	1
Cell3324	1	6	2	2
Cell3325	1	8	1	1
Cell3326	1	11	1	1
Cell3327	1	2	2	2
Cell3328	1	3	1	1
Cell3329	1	4	1	1
Cell3330	1	6	2	2
Cell3331	1	1	1	1
Cell3332	1	7	2	2
Cell3333	1	5	2	2
Cell3334	1	4	1	1
Cell3335	1	10	1	1
Cell3337	1	5	2	2
Cell3338	1	5	2	2
Cell3339	1	5	2	2
Cell3340	1	3	1	1
Cell3341	1	10	1	1
Cell3342	1	2	2	2
Cell3343	1	10	1	1
Cell3344	1	2	2	2
Cell3345	1	3	1	1
Cell3346	1	7	2	2
Cell3347	1	7	2	2
Cell3348	1	1	1	1
Cell3349	1	8	1	1
Cell3351	1	1	1	1
Cell3352	1	7	2	2
Cell3353	1	11	1	1
Cell3354	1	2	2	2
Cell3355	1	7	2	2
Cell3356	1	2	2	2
Cell3357	1	3	1	1
Cell3358	1	4	1	1
Cell3359	1	5	2	2
Cell3360	1	3	1	1
Cell3361	1	6	2	2
Cell3362	1	3	1	1
Cell3364	1	8	1	1
Cell3365	1	6	2	2
Cell3366	1	5	2	2
Cell3367	1	2	2	2
Cell3368	1	5	2	2
Cell3369	1	1	1	1
Cell3370	1	4	1	1
Cell3371	1	7	2	2
Cell3372	1	10	1	1
Cell3373	1	1	1	1
Cell3374	1	5	2	2
Cell3375	1	6	2	2
Cell3376	1	9	2	2
Cell3377	1	7	2	2
Cell3378	1	8	1	1
Cell3379	1	6	2	2
Cell3381	1	3	1	1
Cell3382	1	5	2	2
Cell3383	1	2	2	2
Cell3384	1	1	1	1
Cell3385	1	2	2	2
Cell3386	1	7	2	2
Cell3387	1	2	2	2
Cell3388	1	4	1	1
Cell3389	1	9	2	2
Cell3390	1	8	1	1
Cell3391	1	4	1	1
Cell3392	1	1	1	1
Cell3393	1	10	1	1
Cell3394	1	12	2	2
Cell3395	1	5	2	2
Cell3396	1	3	1	1
Cell3397	1	2	2	2
Cell3398	1	4	1	1
Cell3399	1	12	2	2
Cell3400	1	1	1	1
Cell3401	1	11	1	1
Cell3402	1	6	2	2
Cell3403	1	7	2	2
Cell3404	1	2	2	2
Cell3405	1	12	2	2
Cell3406	1	2	2	2
Cell3408	1	1	1	1
Cell3409	1	5	2	2
Cell3410	1	11	1	1
Cell3412	1	4	1	1
Cell3413	1	4	1	1
Cell3414	1	1	1	1
Cell3415	1	6	2	2
Cell3416	1	2	2	2
Cell3417	1	11	1	1
Cell3418	1	1	1	1
Cell3419	1	1	1	1
Cell3420	1	12	2	2
Cell3421	1	4	1	1
Cell3422	1	11	1	1
Cell3423	1	6	2	2
Cell3424	1	1	1	1
Cell3425	1	3	1	1
Cell3426	1	5	2	2
Cell3427	1	10	1	1
Cell3428	1	7	2	2
Cell3429	1	5	2	2
Cell3430	1	3	1	1
Cell3431	1	7	2	2
Cell3432	1	5	2	2
Cell3433	1	10	1	1
Cell3434	1	11	1	1
Cell3435	1	5	2	2
Cell3436	1	7	2	2
Cell3437	1	1	1	1
Cell3438	1	7	2	2
Cell3439	1	1	1	1
Cell3440	1	8	1	1
Cell3441	1	12	2	2
Cell3442	1	1	1	1
Cell3443	1	3	1	1
Cell3444	1	5	2	2
Cell3445	1	8	1	1
Cell3446	1	3	1	1
Cell3447	1	10	1	1
Cell3448	1	10	1	1
Cell3449	1	11	1	1
Cell3450	1	5	2	2
Cell3451	1	4	1	1
Cell3452	1	10	1	1
Cell3453	1	10	1	1
Cell3454	1	7	2	2
Cell3455	1	2	2	2
Cell3456	1	1	1	1
Cell3457	1	2	2	2
Cell3458	1	7	2	2
Cell3459	1	1	1	1
Cell3460	1	1	1	1
Cell3461	1	5	2	2
Cell3462	1	3	1	1
Cell3463	1	11	1	1
Cell3464	1	11	1	1
Cell3465	1	11	1	1
Cell3466	1	4	1	1
Cell3467	1	7	2	2
Cell3468	1	1	1	1
Cell3469	1	2	2	2
Cell3471	1	12	2	2
Cell3472	1	5	2	2
Cell3473	1	1	1	1
Cell3474	1	2	2	2
Cell3475	1	5	2	2
Cell3476	1	5	2	2
Cell3477	1	9	2	2
Cell3478	1	9	2	2
Cell3479	1	8	1	1
Cell3482	1	1	1	1
Cell3483	1	2	2	2
Cell3484	1	5	2	2
Cell3485	1	7	2	2
Cell3486	1	5	2	2
Cell3487	1	11	1	1
Cell3488	1	2	2	2
Cell3489	1	3	1	1
Cell3490	1	10	1	1
Cell3491	1	1	1	1
Cell3492	1	5	2	2
Cell3493	1	4	1	1
Cell3495	1	7	2	2
Cell3496	1	5	2	2
Cell3497	1	2	2	2
Cell3498	1	9	2	2
Cell3499	1	2	2	2
Cell3500	1	7	2	2
Cell3501	1	9	2	2
Cell3502	1	8	1	1
Cell3503	1	5	2	2
Cell3504	1	12	2	2
Cell3505	1	8	1	1
Cell3506	1	7	2	2
Cell3507	1	3	1	1
Cell3508	1	12	2	2
Cell3509	1	10	1	1
Cell3510	1	1	1	1
Cell3511	1	7	2	2
Cell3512	1	4	1	1
Cell3513	1	1	1	1
Cell3515	1	1	1	1
Cell3517	1	8	1	1
Cell3518	1	5	2	2
Cell3519	1	12	2	2
Cell3520	1	7	2	2
Cell3521	1	6	2	2
Cell3522	1	10	1	1
Cell3523	1	4	1	1
Cell3524	1	2	2	2
Cell3525	1	8	1	1
Cell3526	1	9	2	2
Cell3527	1	5	2	2
Cell3528	1	5	2	2
Cell3529	1	1	1	1
Cell3530	1	5	2	2
Cell3531	1	10	1	1
Cell3532	1	1	1	1
Cell3533	1	1	1	1
Cell3534	1	1	1	1
Cell3535	1	5	2	2
Cell3537	1	6	2	2
Cell3538	1	1	1	1
Cell3539	1	7	2	2
Cell3540	1	2	2	2
Cell3541	1	6	2	2
Cell3542	1	8	1	1
Cell3543	1	3	1	1
Cell3544	1	6	2	2
Cell3546	1	9	2	2
Cell3548	1	6	2	2
Cell3549	1	5	2	2
Cell3550	1	6	2	2
Cell3551	1	12	2	2
Cell3552	1	10	1	1
Cell3553	1	4	1	1
Cell3554	1	9	2	2
Cell3555	1	5	2	2
Cell3556	1	9	2	2
Cell3558	1	1	1	1
Cell3559	1	4	1	1
Cell3560	1	6	2	2
Cell3561	1	6	2	2
Cell3562	1	6	2	2
Cell3563	1	1	1	1
Cell3564	1	7	2	2
Cell3565	1	4	1	1
Cell3566	1	12	2	2
Cell3567	1	3	1	1
Cell3568	1	3	1	1
Cell3569	1	6	2	2
Cell3570	1	5	2	2
Cell3571	1	11	1	1
Cell3572	1	9	2	2
Cell3573	1	12	2	2
Cell3574	1	5	2	2
Cell3575	1	3	1	1
Cell3576	1	10	1	1
Cell3577	1	3	1	1
Cell3578	1	8	1	1
Cell3579	1	5	2	2
Cell3580	1	6	2	2
Cell3581	1	6	2	2
Cell3582	1	11	1	1
Cell3583	1	4	1	1
Cell3584	1	2	2	2
Cell3585	1	7	2	2
Cell3586	1	1	1	1
Cell3587	1	6	2	2
Cell3588	1	7	2	2
Cell3590	1	2	2	2
Cell3591	1	2	2	2
Cell3592	1	8	1	1
Cell3593	1	4	1	1
Cell3594	1	9	2	2
Cell3595	1	10	1	1
Cell3596	1	4	1	1
Cell3597	1	7	2	2
Cell3598	1	9	2	2
Cell3599	1	1	1	1
Cell3600	1	2	2	2
Cell3601	1	10	1	1
Cell3602	1	1	1	1
Cell3603	1	3	1	1
Cell3604	1	6	2	2
Cell3605	1	9	2	2
Cell3606	1	4	1	1
Cell3607	1	1	1	1
Cell3608	1	7	2	2
Cell3609	1	2	2	2
Cell3610	1	5	2	2
Cell3611	1	1	1	1
Cell3612	1	6	2	2
Cell3613	1	1	1	1
Cell3614	1	2	2	2
Cell3615	1	2	2	2
Cell3616	1	6	2	2
Cell3617	1	5	2	2
Cell3618	1	1	1	1
Cell3619	1	10	1	1
Cell3620	1	5	2	2
Cell3621	1	2	2	2
Cell3622	1	6	2	2
Cell3624	1	6	2	2
Cell3625	1	11	1	1
Cell3626	1	1	1	1
Cell3627	1	5	2	2
Cell3628	1	6	2	2
Cell3629	1	2	2	2
Cell3630	1	10	1	1
Cell3631	1	1	1	1
Cell3632	1	6	2	2
Cell3633	1	2	2	2
Cell3634	1	9	2	2
Cell3635	1	6	2	2
Cell3636	1	2	2	2
Cell3637	1	6	2	2
Cell3638	1	7	2	2
Cell3639	1	4	1	1
Cell3640	1	3	1	1
Cell3641	1	4	1	1
Cell3642	1	10	1	1
Cell3643	1	3	1	1
Cell3644	1	3	1	1
Cell3645	1	3	1	1
Cell3646	1	3	1	1
Cell3647	1	8	1	1
Cell3648	1	7	2	2
Cell3649	1	8	1	1
Cell3650	1	9	2	2
Cell3651	1	9	2	2
Cell3652	1	6	2	2
Cell3653	1	2	2	2
Cell3654	1	11	1	1
Cell3655	1	6	2	2
Cell3656	1	1	1	1
Cell3657	1	11	1	1
Cell3658	1	12	2	2
Cell3659	1	2	2	2
Cell3660	1	8	1	1
Cell3661	1	4	1	1
Cell3662	1	9	2	2
Cell3663	1	3	1	1
Cell3665	1	10	1	1
Cell3666	1	12	2	2
Cell3667	1	3	1	1
Cell3668	1	8	1	1
Cell3669	1	7	2	2
Cell3670	1	5	2	2
Cell3671	1	3	1	1
Cell3672	1	7	2	2
Cell3675	1	5	2	2
Cell3676	1	2	2	2
Cell3677	1	11	1	1
Cell3678	1	9	2	2
Cell3679	1	5	2	2
Cell3680	1	8	1	1
Cell3681	1	2	2	2
Cell3682	1	4	1	1
Cell3683	1	4	1	1
Cell3684	1	6	2	2
Cell3685	1	1	1	1
Cell3686	1	12	2	2
Cell3687	1	12	2	2
Cell3688	1	8	1	1
Cell3689	1	8	1	1
Cell3690	1	2	2	2
Cell3691	1	11	1	1
Cell3692	1	5	2	2
Cell3693	1	6	2	2
Cell3694	1	2	2	2
Cell3695	1	3	1	1
Cell3696	1	6	2	2
Cell3697	1	10	1	1
Cell3698	1	6	2	2
Cell3699	1	10	1	1
Cell3700	1	1	1	1
Cell3701	1	11	1	1
Cell3702	1	2	2	2
Cell3703	1	3	1	1
Cell3704	1	5	2	2
Cell3705	1	10	1	1
Cell3706	1	6	2	2
Cell3707	1	10	1	1
Cell3708	1	3	1	1
Cell3709	1	1	1	1
Cell3710	1	9	2	2
Cell3711	1	4	1	1
Cell3712	1	4	1	1
Cell3713	1	7	2	2
Cell3714	1	1	1	1
Cell3716	1	2	2	2
Cell3717	1	11	1	1
Cell3718	1	12	2	2
Cell3719	1	7	2	2
Cell3720	1	1	1	1
Cell3721	1	7	2	2
Cell3722	1	5	2	2
Cell3723	1	2	2	2
Cell3724	1	2	2	2
Cell3725	1	10	1	1
Cell3726	1	9	2	2
Cell3727	1	6	2	2
Cell3728	1	6	2	2
Cell3729	1	4	1	1
Cell3730	1	2	2	2
Cell3731	1	11	1	1
Cell3732	1	8	1	1
Cell3733	1	7	2	2
Cell3734	1	3	1	1
Cell3735	1	2	2	2
Cell3736	1	5	2	2
Cell3737	1	6	2	2
Cell3738	1	2	2	2
Cell3739	1	3	1	1
Cell3740	1	5	2	2
Cell3741	1	1	1	1
Cell3742	1	8	1	1
Cell3743	1	8	1	1
Cell3744	1	6	2	2
Cell3745	1	6	2	2
Cell3746	1	5	2	2
Cell3747	1	5	2	2
Cell3748	1	1	1	1
Cell3749	1	1	1	1
Cell3750	1	3	1	1
Cell3751	1	7	2	2
Cell3752	1	10	1	1
Cell3753	1	8	1	1
Cell3754	1	2	2	2
Cell3755	1	4	1	1
Cell3756	1	1	1	1
Cell3757	1	4	1	1
Cell3758	1	3	1	1
Cell3759	1	9	2	2
Cell3760	1	4	1	1
Cell3761	1	7	2	2
Cell3762	1	6	2	2
Cell3763	1	12	2	2
Cell3764	1	10	1	1
Cell3765	1	2	2	2
Cell3766	1	7	2	2
Cell3767	1	11	1	1
Cell3768	1	5	2	2
Cell3769	1	1	1	1
Cell3770	1	7	2	2
Cell3772	1	5	2	2
Cell3773	1	4	1	1
Cell3774	1	6	2	2
Cell3775	1	6	2	2
Cell3776	1	5	2	2
Cell3777	1	1	1	1
Cell3778	1	10	1	1
Cell3779	1	1	1	1
Cell3780	1	8	1	1
Cell3781	1	3	1	1
Cell3782	1	11	1	1
Cell3784	1	10	1	1
Cell3785	1	2	2	2
Cell3786	1	5	2	2
Cell3787	1	4	1	1
Cell3788	1	8	1	1
Cell3790	1	4	1	1
Cell3791	1	5	2	2
Cell3792	1	11	1	1
Cell3793	1	6	2	2
Cell3794	1	2	2	2
Cell3795	1	4	1	1
Cell3796	1	9	2	2
Cell3798	1	10	1	1
Cell3799	1	9	2	2
Cell3800	1	3	1	1
Cell3801	1	8	1	1
Cell3802	1	7	2	2
Cell3803	1	4	1	1
Cell3804	1	12	2	2
Cell3805	1	3	1	1
Cell3806	1	4	1	1
Cell3807	1	2	2	2
Cell3808	1	4	1	1
Cell3809	1	7	2	2
Cell3811	1	12	2	2
Cell3812	1	3	1	1
Cell3813	1	3	1	1
Cell3814	1	5	2	2
Cell3815	1	5	2	2
Cell3816	1	9	2	2
Cell3817	1	3	1	1
Cell3818	1	2	2	2
Cell3819	1	2	2	2
Cell3820	1	2	2	2
Cell3821	1	3	1	1
Cell3822	1	9	2	2
Cell3823	1	3	1	1
Cell3824	1	5	2	2
Cell3825	1	9	2	2
Cell3826	1	1	1	1
Cell3827	1	8	1	1
Cell3828	1	6	2	2
Cell3829	1	9	2	2
Cell3830	1	3	1	1
Cell3831	1	7	2	2
Cell3832	1	6	2	2
Cell3833	1	10	1	1
Cell3834	1	8	1	1
Cell3835	1	3	1	1
Cell3836	1	3	1	1
Cell3837	1	1	1	1
Cell3838	1	4	1	1
Cell3839	1	11	1	1
Cell3840	1	1	1	1
Cell3841	1	11	1	1
Cell3842	1	3	1	1
Cell3843	1	5	2	2
Cell3844	1	1	1	1
Cell3845	1	3	1	1
Cell3846	1	6	2	2
Cell3847	1	11	1	1
Cell3848	1	3	1	1
Cell3849	1	8	1	1
Cell3850	1	7	2	2
Cell3852	1	9	2	2
Cell3853	1	10	1	1
Cell3855	1	8	1	1
Cell3856	1	1	1	1
Cell3857	1	4	1	1
Cell3858	1	4	1	1
Cell3859	1	2	2	2
Cell3860	1	8	1	1
Cell3861	1	6	2	2
Cell3862	1	4	1	1
Cell3863	1	10	1	1
Cell3864	1	1	1	1
Cell3865	1	1	1	1
Cell3866	1	2	2	2
Cell3867	1	9	2	2
Cell3868	1	10	1	1
Cell3869	1	7	2	2
Cell3870	1	7	2	2
Cell3871	1	3	1	1
Cell3873	1	6	2	2
Cell3874	1	9	2	2
Cell3875	1	6	2	2
Cell3876	1	2	2	2
Cell3877	1	3	1	1
Cell3878	1	1	1	1
Cell3879	1	5	2	2
Cell3880	1	2	2	2
Cell3881	1	3	1	1
Cell3882	1	2	2	2
Cell3883	1	4	1	1
Cell3884	1	4	1	1
Cell3885	1	5	2	2
Cell3886	1	6	2	2
Cell3887	1	4	1	1
Cell3888	1	4	1	1
Cell3889	1	2	2	2
Cell3890	1	3	1	1
Cell3891	1	4	1	1
Cell3892	1	7	2	2
Cell3893	1	6	2	2
Cell3894	1	1	1	1
Cell3895	1	11	1	1
Cell3896	1	5	2	2
Cell3897	1	10	1	1
Cell3898	1	11	1	1
Cell3899	1	5	2	2
Cell3900	1	5	2	2
Cell3901	1	3	1	1
Cell3902	1	3	1	1
Cell3903	1	11	1	1
Cell3904	1	11	1	1
Cell3905	1	4	1	1
Cell3906	1	3	1	1
Cell3907	1	7	2	2
Cell3908	1	5	2	2
Cell3909	1	5	2	2
Cell3910	1	11	1	1
Cell3911	1	2	2	2
Cell3912	1	7	2	2
Cell3913	1	3	1	1
Cell3914	1	2	2	2
Cell3915	1	9	2	2
Cell3916	1	1	1	1
Cell3918	1	11	1	1
Cell3920	1	3	1	1
Cell3921	1	5	2	2
Cell3922	1	5	2	2
Cell3923	1	3	1	1
Cell3924	1	4	1	1
Cell3925	1	4	1	1
Cell3926	1	12	2	2
Cell3927	1	3	1	1
Cell3928	1	5	2	2
Cell3929	1	2	2	2
Cell3930	1	4	1	1
Cell3931	1	4	1	1
Cell3932	1	8	1	1
Cell3933	1	3	1	1
Cell3934	1	2	2	2
Cell3935	1	1	1	1
Cell3936	1	3	1	1
Cell3937	1	2	2	2
Cell3938	1	9	2	2
Cell3940	1	3	1	1
Cell3941	1	9	2	2
Cell3942	1	4	1	1
Cell3943	1	6	2	2
Cell3944	1	1	1	1
Cell3945	1	2	2	2
Cell3946	1	5	2	2
Cell3947	1	3	1	1
Cell3948	1	5	2	2
Cell3949	1	9	2	2
Cell3951	1	5	2	2
Cell3952	1	6	2	2
Cell3953	1	5	2	2
Cell3954	1	9	2	2
Cell3955	1	4	1	1
Cell3956	1	6	2	2
Cell3957	1	7	2	2
Cell3958	1	4	1	1
Cell3959	1	2	2	2
Cell3960	1	2	2	2
Cell3961	1	2	2	2
Cell3962	1	6	2	2
Cell3963	1	7	2	2
Cell3964	1	10	1	1
Cell3965	1	2	2	2
Cell3966	1	9	2	2
Cell3967	1	5	2	2
Cell3968	1	4	1	1
Cell3969	1	5	2	2
Cell3971	1	3	1	1
Cell3972	1	9	2	2
Cell3973	1	8	1	1
Cell3974	1	7	2	2
Cell3976	1	4	1	1
Cell3977	1	6	2	2
Cell3978	1	8	1	1
Cell3979	1	4	1	1
Cell3980	1	1	1	1
Cell3982	1	5	2	2
Cell3983	1	1	1	1
Cell3984	1	2	2	2
Cell3985	1	5	2	2
Cell3986	1	10	1	1
Cell3987	1	3	1	1
Cell3988	1	4	1	1
Cell3989	1	2	2	2
Cell3990	1	2	2	2
Cell3991	1	7	2	2
Cell3992	1	5	2	2
Cell3993	1	6	2	2
Cell3994	1	11	1	1
Cell3995	1	8	1	1
Cell3996	1	9	2	2
Cell3997	1	1	1	1
Cell3998	1	6	2	2
Cell3999	1	9	2	2
Cell4000	1	1	1	1
Cell4001	1	3	1	1
Cell4002	1	3	1	1
Cell4003	1	9	2	2
Cell4004	1	6	2	2
Cell4005	1	12	2	2
Cell4006	1	10	1	1
Cell4007	1	2	2	2
Cell4008	1	5	2	2
Cell4009	1	3	1	1
Cell4010	1	4	1	1
Cell4012	1	1	1	1
Cell4014	1	1	1	1
Cell4015	1	11	1	1
Cell4016	1	3	1	1
Cell4017	1	5	2	2
Cell4018	1	2	2	2
Cell4019	1	2	2	2
Cell4020	1	7	2	2
Cell4021	1	10	1	1
Cell4023	1	7	2	2
Cell4024	1	6	2	2
Cell4025	1	10	1	1
Cell4026	1	7	2	2
Cell4027	1	6	2	2
Cell4028	1	6	2	2
Cell4029	1	10	1	1
Cell4030	1	9	2	2
Cell4031	1	3	1	1
Cell4032	1	9	2	2
Cell4033	1	7	2	2
Cell4034	1	1	1	1
Cell4035	1	8	1	1
Cell4036	1	3	1	1
Cell4037	1	7	2	2
Cell4038	1	10	1	1
Cell4039	1	2	2	2
Cell4040	1	2	2	2
Cell4041	1	3	1	1
Cell4042	1	6	2	2
Cell4043	1	2	2	2
Cell4044	1	11	1	1
Cell4045	1	6	2	2
Cell4046	1	8	1	1
Cell4047	1	11	1	1
Cell4048	1	7	2	2
Cell4049	1	4	1	1
Cell4050	1	3	1	1
Cell4051	1	7	2	2
Cell4052	1	7	2	2
Cell4053	1	6	2	2
Cell4054	1	9	2	2
Cell4055	1	12	2	2
Cell4056	1	4	1	1
Cell4057	1	7	2	2
Cell4058	1	9	2	2
Cell4059	1	1	1	1
Cell4060	1	5	2	2
Cell4061	1	1	1	1
Cell4062	1	6	2	2
Cell4063	1	6	2	2
Cell4064	1	1	1	1
Cell4065	1	7	2	2
Cell4066	1	6	2	2
Cell4067	1	3	1	1
Cell4068	1	1	1	1
Cell4069	1	3	1	1
Cell4070	1	4	1	1
Cell4071	1	9	2	2
Cell4072	1	1	1	1
Cell4073	1	3	1	1
Cell4074	1	3	1	1
Cell4076	1	11	1	1
Cell4077	1	12	2	2
Cell4078	1	11	1	1
Cell4079	1	10	1	1
Cell4080	1	3	1	1
Cell4081	1	9	2	2
Cell4082	1	12	2	2
Cell4083	1	4	1	1
Cell4084	1	8	1	1
Cell4085	1	2	2	2
Cell4086	1	12	2	2
Cell4087	1	8	1	1
Cell4088	1	1	1	1
Cell4089	1	7	2	2
Cell4090	1	1	1	1
Cell4091	1	5	2	2
Cell4092	1	9	2	2
Cell4093	1	4	1	1
Cell4094	1	7	2	2
Cell4095	1	3	1	1
Cell4096	1	2	2	2
Cell4097	1	11	1	1
Cell4098	1	2	2	2
Cell4099	1	4	1	1
Cell4100	1	9	2	2
Cell4101	1	1	1	1
Cell4102	1	10	1	1
Cell4103	1	3	1	1
Cell4104	1	12	2	2
Cell4105	1	5	2	2
Cell4106	1	5	2	2
Cell4107	1	2	2	2
Cell4108	1	9	2	2
Cell4109	1	4	1	1
Cell4110	1	1	1	1
Cell4111	1	10	1	1
Cell4112	1	12	2	2
Cell4113	1	7	2	2
Cell4114	1	4	1	1
Cell4115	1	1	1	1
Cell4116	1	8	1	1
Cell4117	1	5	2	2
Cell4118	1	10	1	1
Cell4119	1	4	1	1
Cell4120	1	5	2	2
Cell4121	1	7	2	2
Cell4122	1	6	2	2
Cell4124	1	3	1	1
Cell4125	1	1	1	1
Cell4126	1	4	1	1
Cell4128	1	9	2	2
Cell4129	1	5	2	2
Cell4130	1	2	2	2
Cell4131	1	1	1	1
Cell4132	1	8	1	1
Cell4133	1	6	2	2
Cell4134	1	6	2	2
Cell4135	1	8	1	1
Cell4136	1	8	1	1
Cell4138	1	8	1	1
Cell4139	1	2	2	2
Cell4140	1	3	1	1
Cell4141	1	9	2	2
Cell4142	1	5	2	2
Cell4143	1	7	2	2
Cell4144	1	10	1	1
Cell4145	1	7	2	2
Cell4146	1	6	2	2
Cell4147	1	1	1	1
Cell4148	1	6	2	2
Cell4149	1	1	1	1
Cell4150	1	6	2	2
Cell4151	1	1	1	1
Cell4152	1	12	2	2
Cell4153	1	1	1	1
Cell4154	1	9	2	2
Cell4155	1	3	1	1
Cell4156	1	1	1	1
Cell4157	1	3	1	1
Cell4158	1	10	1	1
Cell4159	1	3	1	1
Cell4161	1	5	2	2
Cell4162	1	3	1	1
Cell4163	1	5	2	2
Cell4164	1	8	1	1
Cell4165	1	1	1	1
Cell4166	1	9	2	2
Cell4167	1	8	1	1
Cell4168	1	9	2	2
Cell4169	1	3	1	1
Cell4170	1	3	1	1
Cell4171	1	8	1	1
Cell4172	1	3	1	1
Cell4173	1	1	1	1
Cell4174	1	10	1	1
Cell4175	1	3	1	1
Cell4176	1	1	1	1
Cell4177	1	9	2	2
Cell4178	1	9	2	2
Cell4179	1	9	2	2
Cell4180	1	8	1	1
Cell4181	1	9	2	2
Cell4182	1	10	1	1
Cell4183	1	5	2	2
Cell4184	1	2	2	2
Cell4185	1	5	2	2
Cell4186	1	4	1	1
Cell4187	1	5	2	2
Cell4188	1	4	1	1
Cell4189	1	5	2	2
Cell4190	1	6	2	2
Cell4191	1	11	1	1
Cell4192	1	11	1	1
Cell4193	1	7	2	2
Cell4194	1	1	1	1
Cell4195	1	7	2	2
Cell4196	1	2	2	2
Cell4198	1	6	2	2
Cell4199	1	3	1	1
Cell4200	1	7	2	2
Cell4201	1	10	1	1
Cell4202	1	10	1	1
Cell4203	1	10	1	1
Cell4204	1	3	1	1
Cell4205	1	7	2	2
Cell4206	1	2	2	2
Cell4207	1	11	1	1
Cell4208	1	6	2	2
Cell4209	1	10	1	1
Cell4210	1	1	1	1
Cell4211	1	2	2	2
Cell4212	1	7	2	2
Cell4213	1	5	2	2
Cell4214	1	8	1	1
Cell4215	1	9	2	2
Cell4216	1	8	1	1
Cell4217	1	8	1	1
Cell4218	1	3	1	1
Cell4219	1	8	1	1
Cell4220	1	9	2	2
Cell4221	1	4	1	1
Cell4222	1	2	2	2
Cell4223	1	11	1	1
Cell4224	1	2	2	2
Cell4225	1	10	1	1
Cell4226	1	8	1	1
Cell4227	1	9	2	2
Cell4228	1	5	2	2
Cell4230	1	11	1	1
Cell4231	1	3	1	1
Cell4232	1	1	1	1
Cell4233	1	7	2	2
Cell4234	1	9	2	2
Cell4235	1	8	1	1
Cell4236	1	2	2	2
Cell4237	1	1	1	1
Cell4238	1	9	2	2
Cell4239	1	1	1	1
Cell4240	1	1	1	1
Cell4241	1	2	2	2
Cell4242	1	3	1	1
Cell4243	1	6	2	2
Cell4244	1	6	2	2
Cell4245	1	9	2	2
Cell4246	1	11	1	1
Cell4247	1	4	1	1
Cell4248	1	6	2	2
Cell4249	1	12	2	2
Cell4250	1	1	1	1
Cell4251	1	1	1	1
Cell4252	1	7	2	2
Cell4253	1	1	1	1
Cell4254	1	12	2	2
Cell4255	1	1	1	1
Cell4256	1	3	1	1
Cell4258	1	3	1	1
Cell4259	1	2	2	2
Cell4260	1	7	2	2
Cell4261	1	3	1	1
Cell4262	1	7	2	2
Cell4263	1	10	1	1
Cell4264	1	4	1	1
Cell4265	1	2	2	2
Cell4266	1	6	2	2
Cell4267	1	9	2	2
Cell4268	1	3	1	1
Cell4270	1	12	2	2
Cell4271	1	1	1	1
Cell4272	1	9	2	2
Cell4273	1	3	1	1
Cell4274	1	3	1	1
Cell4275	1	5	2	2
Cell4276	1	2	2	2
Cell4277	1	10	1	1
Cell4278	1	10	1	1
Cell4279	1	3	1	1
Cell4280	1	10	1	1
Cell4281	1	11	1	1
Cell4282	1	6	2	2
Cell4283	1	1	1	1
Cell4284	1	7	2	2
Cell4285	1	9	2	2
Cell4286	1	5	2	2
Cell4287	1	9	2	2
Cell4288	1	1	1	1
Cell4289	1	3	1	1
Cell4290	1	12	2	2
Cell4291	1	1	1	1
Cell4292	1	8	1	1
Cell4293	1	5	2	2
Cell4294	1	1	1	1
Cell4295	1	9	2	2
Cell4296	1	7	2	2
Cell4297	1	9	2	2
Cell4298	1	1	1	1
Cell4299	1	5	2	2
Cell4300	1	5	2	2
Cell4301	1	3	1	1
Cell4302	1	6	2	2
Cell4303	1	10	1	1
Cell4304	1	7	2	2
Cell4305	1	7	2	2
Cell4306	1	11	1	1
Cell4307	1	8	1	1
Cell4308	1	2	2	2
Cell4309	1	5	2	2
Cell4310	1	9	2	2
Cell4311	1	1	1	1
Cell4313	1	7	2	2
Cell4314	1	5	2	2
Cell4315	1	7	2	2
Cell4316	1	7	2	2
Cell4317	1	11	1	1
Cell4318	1	5	2	2
Cell4319	1	9	2	2
Cell4321	1	6	2	2
Cell4322	1	6	2	2
Cell4323	1	1	1	1
Cell4324	1	3	1	1
Cell4325	1	6	2	2
Cell4326	1	7	2	2
Cell4327	1	8	1	1
Cell4328	1	7	2	2
Cell4329	1	7	2	2
Cell4330	1	9	2	2
Cell4331	1	12	2	2
Cell4332	1	1	1	1
Cell4333	1	2	2	2
Cell4335	1	2	2	2
Cell4336	1	12	2	2
Cell4337	1	2	2	2
Cell4338	1	12	2	2
Cell4339	1	9	2	2
Cell4340	1	3	1	1
Cell4341	1	4	1	1
Cell4342	1	10	1	1
Cell4343	1	2	2	2
Cell4344	1	4	1	1
Cell4345	1	5	2	2
Cell4346	1	11	1	1
Cell4347	1	8	1	1
Cell4348	1	3	1	1
Cell4349	1	2	2	2
Cell4350	1	3	1	1
Cell4351	1	1	1	1
Cell4352	1	1	1	1
Cell4353	1	2	2	2
Cell4354	1	3	1	1
Cell4355	1	3	1	1
Cell4356	1	12	2	2
Cell4357	1	8	1	1
Cell4358	1	12	2	2
Cell4359	1	3	1	1
Cell4360	1	6	2	2
Cell4361	1	2	2	2
Cell4362	1	3	1	1
Cell4363	1	12	2	2
Cell4364	1	12	2	2
Cell4365	1	5	2	2
Cell4366	1	2	2	2
Cell4367	1	4	1	1
Cell4368	1	7	2	2
Cell4369	1	8	1	1
Cell4370	1	3	1	1
Cell4371	1	1	1	1
Cell4372	1	12	2	2
Cell4373	1	6	2	2
Cell4374	1	9	2	2
Cell4375	1	5	2	2
Cell4376	1	3	1	1
Cell4377	1	9	2	2
Cell4378	1	3	1	1
Cell4379	1	5	2	2
Cell4380	1	1	1	1
Cell4381	1	9	2	2
Cell4382	1	1	1	1
Cell4383	1	6	2	2
Cell4384	1	8	1	1
Cell4385	1	10	1	1
Cell4386	1	3	1	1
Cell4387	1	3	1	1
Cell4388	1	4	1	1
Cell4389	1	9	2	2
Cell4390	1	11	1	1
Cell4391	1	7	2	2
Cell4392	1	10	1	1
Cell4393	1	8	1	1
Cell4394	1	4	1	1
Cell4395	1	11	1	1
Cell4396	1	10	1	1
Cell4397	1	1	1	1
Cell4398	1	5	2	2
Cell4399	1	6	2	2
Cell4400	1	9	2	2
Cell4401	1	3	1	1
Cell4402	1	6	2	2
Cell4403	1	12	2	2
Cell4404	1	4	1	1
Cell4405	1	11	1	1
Cell4406	1	12	2	2
Cell4407	1	2	2	2
Cell4408	1	1	1	1
Cell4409	1	4	1	1
Cell4410	1	7	2	2
Cell4411	1	6	2	2
Cell4412	1	2	2	2
Cell4413	1	5	2	2
Cell4414	1	9	2	2
Cell4415	1	9	2	2
Cell4416	1	2	2	2
Cell4417	1	12	2	2
Cell4418	1	4	1	1
Cell4419	1	1	1	1
Cell4420	1	1	1	1
Cell4421	1	2	2	2
Cell4422	1	3	1	1
Cell4423	1	3	1	1
Cell4424	1	2	2	2
Cell4425	1	4	1	1
Cell4427	1	1	1	1
Cell4428	1	2	2	2
Cell4429	1	8	1	1
Cell4430	1	3	1	1
Cell4431	1	8	1	1
Cell4432	1	7	2	2
Cell4433	1	6	2	2
Cell4434	1	12	2	2
Cell4435	1	5	2	2
Cell4436	1	3	1	1
Cell4437	1	3	1	1
Cell4438	1	2	2	2
Cell4439	1	7	2	2
Cell4440	1	5	2	2
Cell4441	1	4	1	1
Cell4442	1	8	1	1
Cell4443	1	10	1	1
Cell4444	1	2	2	2
Cell4445	1	1	1	1
Cell4446	1	6	2	2
Cell4447	1	1	1	1
Cell4448	1	8	1	1
Cell4449	1	3	1	1
Cell4451	1	7	2	2
Cell4452	1	3	1	1
Cell4453	1	3	1	1
Cell4454	1	12	2	2
Cell4455	1	1	1	1
Cell4456	1	8	1	1
Cell4457	1	7	2	2
Cell4458	1	2	2	2
Cell4459	1	3	1	1
Cell4460	1	8	1	1
Cell4461	1	5	2	2
Cell4462	1	8	1	1
Cell4463	1	1	1	1
Cell4465	1	9	2	2
Cell4466	1	11	1	1
Cell4467	1	10	1	1
Cell4468	1	3	1	1
Cell4469	1	11	1	1
Cell4470	1	7	2	2
Cell4471	1	4	1	1
Cell4472	1	4	1	1
Cell4473	1	5	2	2
Cell4474	1	12	2	2
Cell4475	1	2	2	2
Cell4476	1	1	1	1
Cell4478	1	3	1	1
Cell4479	1	9	2	2
Cell4480	1	1	1	1
Cell4481	1	3	1	1
Cell4482	1	5	2	2
Cell4483	1	8	1	1
Cell4485	1	2	2	2
Cell4487	1	7	2	2
Cell4488	1	7	2	2
Cell4489	1	4	1	1
Cell4491	1	2	2	2
Cell4492	1	1	1	1
Cell4493	1	5	2	2
Cell4494	1	12	2	2
Cell4495	1	5	2	2
Cell4496	1	6	2	2
Cell4497	1	8	1	1
Cell4498	1	8	1	1
Cell4499	1	11	1	1
Cell4500	1	10	1	1
Cell4501	1	10	1	1
Cell4502	1	9	2	2
Cell4503	1	10	1	1
Cell4504	1	10	1	1
Cell4505	1	4	1	1
Cell4506	1	5	2	2
Cell4507	1	9	2	2
Cell4508	1	6	2	2
Cell4509	1	3	1	1
Cell4510	1	9	2	2
Cell4511	1	2	2	2
Cell4513	1	7	2	2
Cell4514	1	1	1	1
Cell4515	1	12	2	2
Cell4516	1	1	1	1
Cell4517	1	12	2	2
Cell4518	1	8	1	1
Cell4519	1	2	2	2
Cell4520	1	5	2	2
Cell4521	1	3	1	1
Cell4522	1	12	2	2
Cell4523	1	3	1	1
Cell4524	1	4	1	1
Cell4525	1	1	1	1
Cell4526	1	5	2	2
Cell4527	1	6	2	2
Cell4528	1	5	2	2
Cell4529	1	4	1	1
Cell4530	1	3	1	1
Cell4531	1	6	2	2
Cell4532	1	1	1	1
Cell4533	1	2	2	2
Cell4534	1	4	1	1
Cell4535	1	5	2	2
Cell4536	1	10	1	1
Cell4538	1	7	2	2
Cell4539	1	12	2	2
Cell4540	1	5	2	2
Cell4542	1	5	2	2
Cell4543	1	3	1	1
Cell4544	1	4	1	1
Cell4545	1	4	1	1
Cell4546	1	1	1	1
Cell4547	1	9	2	2
Cell4549	1	7	2	2
Cell4550	1	4	1	1
Cell4551	1	8	1	1
Cell4552	1	2	2	2
Cell4553	1	9	2	2
Cell4554	1	6	2	2
Cell4555	1	8	1	1
Cell4556	1	2	2	2
Cell4557	1	3	1	1
Cell4558	1	2	2	2
Cell4559	1	8	1	1
Cell4560	1	7	2	2
Cell4561	1	2	2	2
Cell4562	1	1	1	1
Cell4563	1	10	1	1
Cell4564	1	6	2	2
Cell4566	1	8	1	1
Cell4567	1	11	1	1
Cell4568	1	1	1	1
Cell4569	1	1	1	1
Cell4570	1	6	2	2
Cell4571	1	7	2	2
Cell4572	1	5	2	2
Cell4573	1	1	1	1
Cell4574	1	4	1	1
Cell4575	1	2	2	2
Cell4576	1	7	2	2
Cell4577	1	4	1	1
Cell4578	1	3	1	1
Cell4579	1	3	1	1
Cell4580	1	4	1	1
Cell4581	1	6	2	2
Cell4582	1	5	2	2
Cell4583	1	6	2	2
Cell4584	1	3	1	1
Cell4585	1	4	1	1
Cell4586	1	6	2	2
Cell4587	1	12	2	2
Cell4588	1	8	1	1
Cell4589	1	5	2	2
Cell4590	1	12	2	2
Cell4591	1	3	1	1
Cell4592	1	7	2	2
Cell4593	1	3	1	1
Cell4594	1	7	2	2
Cell4595	1	5	2	2
Cell4596	1	9	2	2
Cell4597	1	12	2	2
Cell4598	1	2	2	2
Cell4599	1	8	1	1
Cell4600	1	9	2	2
Cell4601	1	5	2	2
Cell4602	1	3	1	1
Cell4603	1	5	2	2
Cell4604	1	8	1	1
Cell4605	1	1	1	1
Cell4606	1	6	2	2
Cell4607	1	2	2	2
Cell4608	1	2	2	2
Cell4609	1	8	1	1
Cell4610	1	8	1	1
Cell4611	1	2	2	2
Cell4612	1	10	1	1
Cell4613	1	5	2	2
Cell4614	1	3	1	1
Cell4615	1	9	2	2
Cell4616	1	9	2	2
Cell4617	1	6	2	2
Cell4618	1	2	2	2
Cell4619	1	2	2	2
Cell4620	1	7	2	2
Cell4621	1	8	1	1
Cell4622	1	9	2	2
Cell4623	1	6	2	2
Cell4624	1	9	2	2
Cell4625	1	7	2	2
Cell4627	1	2	2	2
Cell4628	1	9	2	2
Cell4629	1	1	1	1
Cell4630	1	8	1	1
Cell4631	1	1	1	1
Cell4632	1	12	2	2
Cell4633	1	2	2	2
Cell4634	1	4	1	1
Cell4635	1	7	2	2
Cell4636	1	7	2	2
Cell4637	1	5	2	2
Cell4638	1	4	1	1
Cell4639	1	4	1	1
Cell4640	1	1	1	1
Cell4641	1	10	1	1
Cell4643	1	6	2	2
Cell4644	1	4	1	1
Cell4645	1	6	2	2
Cell4646	1	2	2	2
Cell4647	1	8	1	1
Cell4648	1	7	2	2
Cell4649	1	6	2	2
Cell4650	1	3	1	1
Cell4651	1	10	1	1
Cell4652	1	6	2	2
Cell4653	1	1	1	1
Cell4654	1	3	1	1
Cell4655	1	10	1	1
Cell4657	1	10	1	1
Cell4658	1	3	1	1
Cell4659	1	2	2	2
Cell4660	1	4	1	1
Cell4661	1	2	2	2
Cell4662	1	12	2	2
Cell4663	1	2	2	2
Cell4664	1	2	2	2
Cell4665	1	5	2	2
Cell4666	1	10	1	1
Cell4667	1	6	2	2
Cell4668	1	6	2	2
Cell4669	1	5	2	2
Cell4670	1	5	2	2
Cell4671	1	2	2	2
Cell4672	1	12	2	2
Cell4673	1	3	1	1
Cell4674	1	11	1	1
Cell4675	1	6	2	2
Cell4676	1	2	2	2
Cell4678	1	6	2	2
Cell4679	1	6	2	2
Cell4680	1	6	2	2
Cell4681	1	6	2	2
Cell4682	1	6	2	2
Cell4683	1	12	2	2
Cell4684	1	2	2	2
Cell4685	1	1	1	1
Cell4686	1	12	2	2
Cell4687	1	1	1	1
Cell4688	1	3	1	1
Cell4689	1	6	2	2
Cell4690	1	11	1	1
Cell4691	1	6	2	2
Cell4692	1	6	2	2
Cell4693	1	3	1	1
Cell4694	1	12	2	2
Cell4695	1	10	1	1
Cell4696	1	11	1	1
Cell4697	1	4	1	1
Cell4698	1	3	1	1
Cell4699	1	1	1	1
Cell4700	1	9	2	2
Cell4701	1	2	2	2
Cell4703	1	4	1	1
Cell4704	1	8	1	1
Cell4705	1	12	2	2
Cell4706	1	10	1	1
Cell4707	1	3	1	1
Cell4708	1	3	1	1
Cell4709	1	6	2	2
Cell4710	1	5	2	2
Cell4711	1	6	2	2
Cell4712	1	6	2	2
Cell4713	1	2	2	2
Cell4714	1	2	2	2
Cell4715	1	1	1	1
Cell4716	1	4	1	1
Cell4718	1	11	1	1
Cell4719	1	2	2	2
Cell4720	1	2	2	2
Cell4721	1	2	2	2
Cell4722	1	4	1	1
Cell4723	1	2	2	2
Cell4724	1	4	1	1
Cell4726	1	3	1	1
Cell4727	1	1	1	1
Cell4728	1	4	1	1
Cell4729	1	4	1	1
Cell4730	1	5	2	2
Cell4731	1	3	1	1
Cell4732	1	2	2	2
Cell4733	1	5	2	2
Cell4734	1	1	1	1
Cell4735	1	5	2	2
Cell4736	1	5	2	2
Cell4737	1	1	1	1
Cell4738	1	1	1	1
Cell4739	1	5	2	2
Cell4740	1	1	1	1
Cell4742	1	2	2	2
Cell4743	1	12	2	2
Cell4744	1	7	2	2
Cell4745	1	8	1	1
Cell4746	1	12	2	2
Cell4747	1	3	1	1
Cell4748	1	6	2	2
Cell4749	1	1	1	1
Cell4750	1	12	2	2
Cell4751	1	10	1	1
Cell4752	1	3	1	1
Cell4753	1	7	2	2
Cell4754	1	11	1	1
Cell4755	1	4	1	1
Cell4756	1	7	2	2
Cell4757	1	7	2	2
Cell4758	1	9	2	2
Cell4760	1	8	1	1
Cell4761	1	9	2	2
Cell4762	1	8	1	1
Cell4763	1	7	2	2
Cell4764	1	3	1	1
Cell4765	1	2	2	2
Cell4766	1	5	2	2
Cell4767	1	7	2	2
Cell4768	1	7	2	2
Cell4769	1	11	1	1
Cell4770	1	4	1	1
Cell4771	1	7	2	2
Cell4772	1	5	2	2
Cell4773	1	6	2	2
Cell4774	1	7	2	2
Cell4775	1	4	1	1
Cell4776	1	1	1	1
Cell4777	1	6	2	2
Cell4778	1	6	2	2
Cell4779	1	1	1	1
Cell4780	1	2	2	2
Cell4781	1	8	1	1
Cell4782	1	7	2	2
Cell4783	1	2	2	2
Cell4784	1	1	1	1
Cell4785	1	5	2	2
Cell4786	1	8	1	1
Cell4787	1	1	1	1
Cell4788	1	11	1	1
Cell4789	1	4	1	1
Cell4790	1	3	1	1
Cell4792	1	4	1	1
Cell4793	1	8	1	1
Cell4794	1	5	2	2
Cell4795	1	5	2	2
Cell4796	1	1	1	1
Cell4797	1	4	1	1
Cell4798	1	5	2	2
Cell4799	1	12	2	2
Cell4800	1	6	2	2
Cell4802	1	2	2	2
Cell4803	1	1	1	1
Cell4804	1	3	1	1
Cell4805	1	4	1	1
Cell4807	1	4	1	1
Cell4808	1	9	2	2
Cell4810	1	6	2	2
Cell4811	1	3	1	1
Cell4812	1	3	1	1
Cell4813	1	9	2	2
Cell4814	1	7	2	2
Cell4815	1	5	2	2
Cell4816	1	1	1	1
Cell4817	1	6	2	2
Cell4818	1	1	1	1
Cell4819	1	2	2	2
Cell4820	1	11	1	1
Cell4821	1	3	1	1
Cell4822	1	2	2	2
Cell4823	1	10	1	1
Cell4824	1	3	1	1
Cell4826	1	9	2	2
Cell4827	1	5	2	2
Cell4828	1	1	1	1
Cell4829	1	9	2	2
Cell4830	1	10	1	1
Cell4831	1	11	1	1
Cell4832	1	9	2	2
Cell4833	1	3	1	1
Cell4834	1	7	2	2
Cell4835	1	6	2	2
Cell4836	1	8	1	1
Cell4837	1	1	1	1
Cell4838	1	7	2	2
Cell4839	1	3	1	1
Cell4840	1	2	2	2
Cell4841	1	2	2	2
Cell4842	1	10	1	1
Cell4843	1	3	1	1
Cell4844	1	8	1	1
Cell4845	1	7	2	2
Cell4846	1	3	1	1
Cell4847	1	3	1	1
Cell4848	1	6	2	2
Cell4849	1	2	2	2
Cell4850	1	3	1	1
Cell4851	1	4	1	1
Cell4852	1	12	2	2
Cell4853	1	7	2	2
Cell4854	1	11	1	1
Cell4855	1	5	2	2
Cell4856	1	2	2	2
Cell4857	1	2	2	2
Cell4858	1	9	2	2
Cell4859	1	12	2	2
Cell4860	1	3	1	1
Cell4861	1	1	1	1
Cell4862	1	9	2	2
Cell4863	1	5	2	2
Cell4864	1	1	1	1
Cell4865	1	8	1	1
Cell4866	1	6	2	2
Cell4867	1	8	1	1
Cell4868	1	8	1	1
Cell4869	1	5	2	2
Cell4870	1	3	1	1
Cell4871	1	1	1	1
Cell4872	1	3	1	1
Cell4873	1	11	1	1
Cell4874	1	2	2	2
Cell4875	1	1	1	1
Cell4876	1	3	1	1
Cell4877	1	2	2	2
Cell4878	1	7	2	2
Cell4879	1	6	2	2
Cell4880	1	1	1	1
Cell4881	1	10	1	1
Cell4882	1	4	1	1
Cell4883	1	3	1	1
Cell4884	1	11	1	1
Cell4885	1	2	2	2
Cell4886	1	11	1	1
Cell4887	1	5	2	2
Cell4888	1	12	2	2
Cell4889	1	2	2	2
Cell4890	1	4	1	1
Cell4891	1	2	2	2
Cell4892	1	5	2	2
Cell4893	1	5	2	2
Cell4894	1	7	2	2
Cell4895	1	10	1	1
Cell4897	1	10	1	1
Cell4898	1	12	2	2
Cell4899	1	10	1	1
Cell4900	1	9	2	2
Cell4901	1	5	2	2
Cell4902	1	7	2	2
Cell4903	1	9	2	2
Cell4904	1	2	2	2
Cell4905	1	4	1	1
Cell4906	1	7	2	2
Cell4907	1	10	1	1
Cell4909	1	5	2	2
Cell4911	1	7	2	2
Cell4912	1	12	2	2
Cell4913	1	11	1	1
Cell4914	1	6	2	2
Cell4915	1	7	2	2
Cell4916	1	1	1	1
Cell4917	1	10	1	1
Cell4918	1	2	2	2
Cell4919	1	9	2	2
Cell4920	1	1	1	1
Cell4921	1	1	1	1
Cell4922	1	8	1	1
Cell4923	1	7	2	2
Cell4924	1	1	1	1
Cell4925	1	6	2	2
Cell4926	1	6	2	2
Cell4927	1	2	2	2
Cell4928	1	3	1	1
Cell4929	1	1	1	1
Cell4930	1	3	1	1
Cell4931	1	7	2	2
Cell4932	1	4	1	1
Cell4933	1	2	2	2
Cell4934	1	5	2	2
Cell4935	1	1	1	1
Cell4936	1	2	2	2
Cell4937	1	4	1	1
Cell4938	1	8	1	1
Cell4939	1	2	2	2
Cell4940	1	4	1	1
Cell4941	1	6	2	2
Cell4942	1	8	1	1
Cell4943	1	6	2	2
Cell4944	1	1	1	1
Cell4945	1	9	2	2
Cell4946	1	9	2	2
Cell4947	1	9	2	2
Cell4948	1	1	1	1
Cell4949	1	6	2	2
Cell4950	1	5	2	2
Cell4951	1	2	2	2
Cell4952	1	5	2	2
Cell4953	1	3	1	1
Cell4954	1	9	2	2
Cell4955	1	5	2	2
Cell4956	1	9	2	2
Cell4957	1	1	1	1
Cell4958	1	12	2	2
Cell4959	1	1	1	1
Cell4960	1	1	1	1
Cell4961	1	4	1	1
Cell4962	1	4	1	1
Cell4963	1	11	1	1
Cell4964	1	9	2	2
Cell4965	1	4	1	1
Cell4966	1	6	2	2
Cell4967	1	9	2	2
Cell4968	1	1	1	1
Cell4970	1	2	2	2
Cell4971	1	9	2	2
Cell4972	1	2	2	2
Cell4973	1	5	2	2
Cell4974	1	3	1	1
Cell4975	1	1	1	1
Cell4976	1	2	2	2
Cell4977	1	7	2	2
Cell4978	1	8	1	1
Cell4979	1	7	2	2
Cell4980	1	11	1	1
Cell4981	1	11	1	1
Cell4982	1	6	2	2
Cell4983	1	9	2	2
Cell4984	1	3	1	1
Cell4985	1	7	2	2
Cell4986	1	6	2	2
Cell4987	1	3	1	1
Cell4988	1	1	1	1
Cell4989	1	3	1	1
Cell4990	1	1	1	1
Cell4991	1	5	2	2
Cell4992	1	3	1	1
Cell4993	1	9	2	2
Cell4994	1	9	2	2
Cell4995	1	6	2	2
Cell4996	1	6	2	2
Cell4997	1	2	2	2
Cell4998	1	1	1	1
Cell4999	1	7	2	2
Cell5000	1	1	1	1
