ID	did	seurat_cluster	kmeans_cluster	labels
Cell1	1	4	8	32
Cell2	1	1	10	31
Cell3	1	20	31	13
Cell4	1	1	24	16
Cell5	1	14	3	26
Cell6	1	20	31	13
Cell7	1	16	19	8
Cell8	1	7	14	25
Cell9	1	2	5	29
Cell10	1	7	14	25
Cell11	1	16	19	8
Cell12	1	1	10	15
Cell13	1	20	31	13
Cell14	1	2	20	15
Cell15	1	21	30	5
Cell16	1	15	5	29
Cell17	1	4	8	32
Cell18	1	1	24	15
Cell19	1	22	10	17
Cell20	1	10	27	11
Cell21	1	14	3	15
Cell22	1	13	16	9
Cell23	1	18	6	18
Cell24	1	21	32	5
Cell25	1	13	16	9
Cell26	1	22	14	17
Cell27	1	18	6	18
Cell28	1	5	7	23
Cell29	1	2	21	11
Cell30	1	2	5	29
Cell31	1	12	25	15
Cell32	1	16	19	8
Cell33	1	21	30	5
Cell34	1	17	15	4
Cell35	1	5	18	14
Cell36	1	15	11	2
Cell37	1	10	27	28
Cell38	1	17	15	4
Cell39	1	1	19	11
Cell40	1	24	18	14
Cell41	1	2	2	27
Cell42	1	4	9	16
Cell43	1	2	20	24
Cell44	1	2	5	31
Cell45	1	14	3	26
Cell46	1	4	8	16
Cell47	1	8	29	21
Cell48	1	3	4	1
Cell49	1	4	8	27
Cell50	1	18	13	18
Cell51	1	5	23	23
Cell52	1	3	4	20
Cell53	1	1	10	31
Cell54	1	10	27	28
Cell55	1	9	12	30
Cell56	1	13	16	9
Cell57	1	5	7	23
Cell58	1	3	4	20
Cell59	1	17	15	4
Cell60	1	3	7	20
Cell61	1	7	14	25
Cell62	1	24	18	14
Cell63	1	14	3	26
Cell64	1	1	24	10
Cell65	1	17	15	4
Cell66	1	25	23	6
Cell67	1	10	27	28
Cell68	1	1	24	15
Cell69	1	6	22	3
Cell70	1	17	15	24
Cell71	1	2	2	16
Cell72	1	16	19	8
Cell73	1	10	27	28
Cell74	1	3	4	20
Cell75	1	20	31	13
Cell76	1	8	29	21
Cell77	1	9	12	30
Cell78	1	23	7	19
Cell79	1	16	19	8
Cell80	1	13	16	9
Cell81	1	3	4	20
Cell82	1	4	9	27
Cell83	1	11	17	22
Cell84	1	1	24	10
Cell85	1	13	16	9
Cell86	1	9	12	30
Cell88	1	4	8	27
Cell89	1	23	7	19
Cell90	1	24	18	14
Cell92	1	3	4	1
Cell93	1	3	4	20
Cell94	1	1	10	31
Cell95	1	9	12	24
Cell96	1	24	18	14
Cell97	1	1	10	31
Cell98	1	8	29	21
Cell99	1	25	23	6
Cell100	1	1	10	31
Cell101	1	1	10	31
Cell102	1	11	17	22
Cell103	1	21	30	5
Cell104	1	19	26	7
Cell105	1	10	27	28
Cell106	1	2	21	11
Cell108	1	24	18	13
Cell109	1	2	20	11
Cell110	1	17	15	4
Cell111	1	12	25	12
Cell112	1	1	24	10
Cell113	1	2	9	16
Cell114	1	6	22	3
Cell115	1	1	10	31
Cell116	1	11	17	22
Cell117	1	12	25	12
Cell118	1	12	25	12
Cell119	1	10	27	28
Cell120	1	10	27	28
Cell121	1	16	19	8
Cell122	1	10	27	28
Cell123	1	1	24	10
Cell124	1	18	28	18
Cell125	1	11	1	22
Cell126	1	3	4	1
Cell127	1	5	7	23
Cell128	1	19	26	7
Cell129	1	20	31	20
Cell131	1	4	8	32
Cell132	1	9	12	30
Cell133	1	12	25	12
Cell134	1	3	4	1
Cell135	1	18	6	18
Cell137	1	9	12	30
Cell138	1	15	11	2
Cell139	1	16	19	8
Cell140	1	20	31	13
Cell141	1	22	10	17
Cell142	1	19	26	7
Cell143	1	6	22	3
Cell144	1	15	11	2
Cell145	1	1	24	10
Cell146	1	16	19	8
Cell147	1	1	24	11
Cell148	1	9	12	30
Cell149	1	4	9	32
Cell150	1	15	11	6
Cell151	1	7	14	25
Cell152	1	9	12	30
Cell153	1	8	29	21
Cell154	1	24	18	14
Cell155	1	15	11	2
Cell156	1	1	24	10
Cell157	1	20	31	13
Cell158	1	22	14	17
Cell159	1	17	15	4
Cell160	1	11	17	22
Cell161	1	11	1	22
Cell162	1	13	16	9
Cell163	1	12	25	12
Cell164	1	10	27	28
Cell165	1	3	10	15
Cell166	1	18	13	18
Cell167	1	16	19	8
Cell168	1	21	32	5
Cell169	1	23	7	19
Cell170	1	2	2	16
Cell171	1	5	7	23
Cell172	1	18	28	18
Cell173	1	13	16	9
Cell174	1	6	22	2
Cell175	1	24	18	14
Cell176	1	10	27	28
Cell177	1	1	24	10
Cell178	1	3	4	20
Cell179	1	1	24	10
Cell180	1	20	31	13
Cell181	1	10	27	28
Cell182	1	1	10	31
Cell183	1	10	27	28
Cell184	1	21	32	5
Cell185	1	7	14	25
Cell186	1	7	14	25
Cell187	1	21	30	5
Cell188	1	6	22	3
Cell189	1	9	12	30
Cell190	1	19	26	7
Cell191	1	1	24	16
Cell192	1	4	9	27
Cell193	1	16	19	8
Cell194	1	10	27	28
Cell196	1	4	8	32
Cell197	1	18	28	18
Cell198	1	11	1	22
Cell199	1	8	29	21
Cell200	1	25	23	6
Cell201	1	14	3	26
Cell202	1	12	25	12
Cell203	1	15	11	6
Cell204	1	16	19	8
Cell205	1	4	9	27
Cell206	1	24	18	14
Cell207	1	17	15	4
Cell208	1	13	16	9
Cell209	1	6	5	29
Cell210	1	6	22	24
Cell211	1	4	9	27
Cell212	1	24	18	14
Cell214	1	4	8	27
Cell215	1	2	21	11
Cell216	1	3	4	20
Cell217	1	5	7	23
Cell218	1	2	5	29
Cell219	1	16	19	8
Cell220	1	4	8	32
Cell221	1	24	18	14
Cell222	1	2	5	11
Cell223	1	24	18	14
Cell225	1	15	11	2
Cell226	1	18	6	18
Cell227	1	16	19	8
Cell228	1	5	7	23
Cell229	1	25	23	6
Cell230	1	21	32	5
Cell231	1	6	22	3
Cell232	1	7	14	25
Cell233	1	1	24	15
Cell234	1	21	32	5
Cell235	1	10	27	28
Cell236	1	21	32	5
Cell237	1	3	10	15
Cell238	1	6	22	29
Cell239	1	15	11	2
Cell240	1	2	5	29
Cell241	1	1	24	10
Cell242	1	12	25	12
Cell243	1	3	4	20
Cell244	1	20	31	13
Cell245	1	23	7	19
Cell246	1	6	22	3
Cell247	1	5	7	23
Cell248	1	21	30	5
Cell249	1	1	24	10
Cell250	1	10	27	28
Cell251	1	13	16	9
Cell252	1	10	27	28
Cell253	1	14	3	26
Cell254	1	8	29	21
Cell255	1	19	26	7
Cell256	1	1	19	15
Cell257	1	12	25	12
Cell258	1	20	31	13
Cell259	1	7	14	25
Cell260	1	13	16	9
Cell261	1	24	18	14
Cell262	1	7	14	25
Cell263	1	6	22	24
Cell264	1	9	12	30
Cell265	1	22	10	24
Cell266	1	4	9	27
Cell267	1	3	4	15
Cell268	1	9	12	30
Cell269	1	24	18	14
Cell270	1	22	14	17
Cell271	1	2	2	16
Cell272	1	5	7	23
Cell273	1	16	19	8
Cell274	1	14	3	26
Cell275	1	22	10	17
Cell277	1	9	12	30
Cell278	1	3	4	24
Cell279	1	7	14	25
Cell280	1	10	27	28
Cell281	1	8	29	21
Cell282	1	12	25	12
Cell283	1	18	28	18
Cell284	1	17	15	4
Cell285	1	5	7	23
Cell286	1	3	4	1
Cell287	1	14	3	26
Cell289	1	11	17	22
Cell290	1	3	4	1
Cell292	1	11	17	22
Cell293	1	14	3	26
Cell294	1	14	3	26
Cell295	1	11	17	22
Cell296	1	12	25	12
Cell297	1	19	26	7
Cell298	1	19	26	7
Cell299	1	25	23	6
Cell300	1	24	18	14
Cell301	1	4	8	32
Cell302	1	16	19	8
Cell303	1	1	24	10
Cell304	1	21	30	5
Cell305	1	13	16	9
Cell306	1	15	11	24
Cell307	1	4	8	27
Cell308	1	4	8	32
Cell309	1	5	7	23
Cell310	1	3	4	20
Cell311	1	6	22	3
Cell313	1	5	7	24
Cell314	1	12	25	12
Cell315	1	7	14	25
Cell316	1	15	11	2
Cell317	1	11	1	24
Cell318	1	5	7	23
Cell319	1	19	26	16
Cell320	1	14	3	26
Cell321	1	13	16	9
Cell322	1	3	4	1
Cell323	1	4	8	32
Cell324	1	7	14	25
Cell325	1	10	27	28
Cell326	1	3	4	1
Cell327	1	1	10	31
Cell328	1	3	4	1
Cell329	1	13	16	9
Cell330	1	18	13	18
Cell331	1	3	4	1
Cell332	1	1	24	24
Cell333	1	1	10	31
Cell334	1	16	19	24
Cell335	1	8	29	21
Cell336	1	14	3	26
Cell337	1	9	12	30
Cell338	1	2	5	29
Cell339	1	24	18	14
Cell340	1	3	4	1
Cell341	1	1	24	31
Cell343	1	24	18	24
Cell344	1	24	18	14
Cell345	1	14	3	26
Cell346	1	5	7	23
Cell347	1	3	4	20
Cell348	1	14	3	26
Cell350	1	2	5	29
Cell351	1	4	9	27
Cell352	1	15	11	2
Cell353	1	6	5	29
Cell355	1	9	12	30
Cell356	1	4	9	27
Cell357	1	18	6	18
Cell358	1	12	25	12
Cell359	1	19	26	7
Cell360	1	5	23	23
Cell361	1	19	26	7
Cell362	1	12	25	12
Cell364	1	7	14	25
Cell365	1	10	27	28
Cell366	1	1	10	31
Cell367	1	13	16	9
Cell368	1	16	19	10
Cell369	1	5	7	23
Cell370	1	20	31	13
Cell371	1	13	16	9
Cell372	1	21	30	5
Cell373	1	12	25	12
Cell374	1	16	19	8
Cell375	1	2	21	11
Cell376	1	7	14	25
Cell377	1	12	25	22
Cell378	1	2	21	11
Cell379	1	23	7	19
Cell380	1	8	29	15
Cell381	1	9	12	30
Cell383	1	8	29	21
Cell385	1	21	30	5
Cell387	1	4	9	27
Cell388	1	20	31	13
Cell389	1	18	28	18
Cell390	1	8	29	21
Cell391	1	2	21	16
Cell392	1	25	23	6
Cell393	1	19	26	7
Cell394	1	6	22	3
Cell395	1	4	9	16
Cell396	1	3	4	31
Cell397	1	2	21	11
Cell398	1	15	5	29
Cell399	1	11	17	22
Cell400	1	18	13	13
Cell401	1	9	12	30
Cell402	1	2	21	11
Cell403	1	24	18	14
Cell404	1	1	24	10
Cell406	1	1	24	10
Cell407	1	8	29	21
Cell408	1	9	12	30
Cell409	1	17	15	4
Cell411	1	11	17	22
Cell412	1	1	19	31
Cell413	1	16	19	8
Cell414	1	22	14	17
Cell415	1	19	26	7
Cell416	1	12	25	12
Cell417	1	11	1	24
Cell418	1	14	3	26
Cell419	1	1	23	31
Cell420	1	9	12	30
Cell421	1	7	14	25
Cell422	1	2	21	16
Cell423	1	19	26	7
Cell424	1	19	26	7
Cell425	1	1	10	31
Cell426	1	19	26	7
Cell427	1	13	16	27
Cell428	1	1	24	16
Cell429	1	17	15	4
Cell430	1	10	27	28
Cell431	1	17	15	4
Cell432	1	17	15	4
Cell433	1	12	25	12
Cell434	1	22	10	24
Cell435	1	18	28	18
Cell436	1	11	17	22
Cell437	1	2	21	11
Cell438	1	9	12	30
Cell439	1	18	6	18
Cell440	1	7	14	25
Cell441	1	4	8	32
Cell442	1	25	23	6
Cell443	1	13	16	9
Cell444	1	16	19	8
Cell445	1	13	16	9
Cell446	1	3	4	1
Cell447	1	14	3	26
Cell448	1	4	1	27
Cell449	1	24	18	14
Cell450	1	10	27	28
Cell451	1	19	26	7
Cell452	1	14	3	26
Cell453	1	3	4	1
Cell454	1	4	8	32
Cell455	1	14	3	26
Cell456	1	4	8	32
Cell457	1	20	31	13
Cell458	1	15	11	20
Cell459	1	17	15	4
Cell460	1	19	26	7
Cell461	1	7	14	25
Cell462	1	5	7	15
Cell463	1	3	4	1
Cell466	1	9	12	30
Cell467	1	13	16	9
Cell468	1	1	10	31
Cell469	1	8	29	21
Cell470	1	9	12	30
Cell471	1	3	4	20
Cell473	1	13	16	9
Cell474	1	13	16	9
Cell475	1	15	11	2
Cell476	1	12	25	12
Cell477	1	5	7	23
Cell478	1	22	14	17
Cell479	1	7	14	25
Cell480	1	11	17	22
Cell481	1	25	23	6
Cell482	1	2	2	16
Cell483	1	18	13	18
Cell484	1	11	1	22
Cell485	1	22	10	17
Cell486	1	1	10	31
Cell487	1	14	3	26
Cell488	1	10	27	28
Cell489	1	2	2	16
Cell490	1	4	8	27
Cell491	1	7	14	31
Cell492	1	3	4	20
Cell493	1	20	31	13
Cell494	1	23	7	19
Cell495	1	3	4	20
Cell496	1	25	23	6
Cell497	1	10	27	28
Cell498	1	25	23	6
Cell499	1	3	4	1
Cell500	1	1	24	10
Cell501	1	1	24	10
Cell502	1	18	13	18
Cell503	1	20	31	13
Cell504	1	4	9	16
Cell505	1	2	21	24
Cell506	1	9	12	30
Cell507	1	1	24	31
Cell508	1	5	7	23
Cell509	1	11	17	22
Cell510	1	10	27	28
Cell511	1	1	10	31
Cell512	1	4	8	32
Cell513	1	13	16	9
Cell514	1	24	18	14
Cell515	1	10	27	28
Cell516	1	9	12	30
Cell518	1	9	12	30
Cell519	1	1	10	17
Cell520	1	23	7	19
Cell521	1	25	23	6
Cell522	1	15	11	2
Cell523	1	18	13	18
Cell524	1	21	30	5
Cell525	1	6	22	3
Cell526	1	18	6	18
Cell527	1	12	25	12
Cell528	1	25	23	15
Cell529	1	15	11	2
Cell530	1	10	27	28
Cell531	1	3	4	20
Cell532	1	2	21	24
Cell533	1	1	10	31
Cell534	1	4	9	27
Cell535	1	13	16	9
Cell536	1	25	23	6
Cell537	1	16	19	8
Cell538	1	3	4	20
Cell539	1	8	29	21
Cell540	1	10	27	28
Cell541	1	22	14	17
Cell542	1	6	22	3
Cell543	1	21	30	5
Cell544	1	25	23	6
Cell545	1	19	26	7
Cell547	1	7	14	25
Cell548	1	6	11	2
Cell549	1	15	11	2
Cell550	1	23	7	24
Cell551	1	20	31	13
Cell552	1	20	31	13
Cell553	1	5	18	24
Cell554	1	17	15	4
Cell555	1	17	15	4
Cell556	1	14	3	26
Cell557	1	17	15	4
Cell558	1	1	24	24
Cell559	1	3	4	1
Cell560	1	1	10	31
Cell561	1	3	4	20
Cell564	1	18	13	18
Cell565	1	2	2	16
Cell566	1	5	7	23
Cell567	1	17	15	4
Cell568	1	7	14	25
Cell569	1	8	29	21
Cell570	1	2	5	29
Cell571	1	16	19	8
Cell572	1	12	25	12
Cell573	1	16	19	8
Cell574	1	24	18	14
Cell575	1	25	23	6
Cell576	1	12	25	12
Cell577	1	19	26	7
Cell578	1	3	4	20
Cell579	1	23	7	24
Cell580	1	17	15	4
Cell581	1	11	17	22
Cell582	1	4	8	32
Cell583	1	12	25	12
Cell584	1	1	24	10
Cell585	1	3	4	15
Cell586	1	13	16	9
Cell587	1	7	14	25
Cell589	1	2	5	29
Cell590	1	15	11	2
Cell591	1	11	1	22
Cell592	1	1	24	10
Cell593	1	15	11	10
Cell594	1	24	18	14
Cell595	1	11	1	24
Cell597	1	23	7	19
Cell598	1	20	31	13
Cell599	1	4	9	27
Cell600	1	4	8	32
Cell601	1	23	7	19
Cell602	1	19	26	7
Cell603	1	9	12	30
Cell604	1	1	10	31
Cell605	1	15	11	2
Cell606	1	6	22	3
Cell607	1	3	4	1
Cell608	1	8	29	21
Cell609	1	5	7	24
Cell610	1	1	10	31
Cell611	1	25	23	6
Cell612	1	3	4	20
Cell613	1	19	26	7
Cell614	1	16	19	8
Cell615	1	3	4	20
Cell616	1	19	26	7
Cell617	1	15	23	6
Cell618	1	12	25	12
Cell619	1	9	12	30
Cell620	1	9	12	30
Cell622	1	8	29	21
Cell623	1	18	6	18
Cell624	1	11	17	22
Cell626	1	2	2	16
Cell627	1	18	6	18
Cell628	1	17	15	4
Cell629	1	4	8	32
Cell630	1	11	1	22
Cell631	1	10	27	28
Cell632	1	2	20	11
Cell633	1	12	25	12
Cell634	1	22	14	17
Cell635	1	11	17	22
Cell636	1	5	18	16
Cell639	1	18	6	18
Cell640	1	19	26	7
Cell641	1	16	19	8
Cell642	1	7	14	25
Cell643	1	2	5	11
Cell644	1	18	13	18
Cell645	1	21	32	11
Cell646	1	25	23	6
Cell647	1	8	29	21
Cell648	1	15	11	2
Cell649	1	24	18	14
Cell650	1	14	3	26
Cell651	1	15	11	2
Cell652	1	3	4	20
Cell653	1	5	23	15
Cell654	1	21	30	5
Cell655	1	13	16	9
Cell656	1	14	3	26
Cell657	1	11	17	22
Cell658	1	6	22	2
Cell659	1	20	31	13
Cell660	1	2	21	11
Cell661	1	25	23	6
Cell662	1	2	2	16
Cell663	1	11	17	22
Cell664	1	21	30	5
Cell665	1	3	4	1
Cell666	1	4	8	32
Cell667	1	3	4	20
Cell668	1	21	30	5
Cell669	1	23	7	19
Cell670	1	24	18	14
Cell671	1	23	7	19
Cell673	1	23	7	19
Cell674	1	20	31	13
Cell675	1	24	18	24
Cell676	1	4	9	16
Cell677	1	15	11	2
Cell678	1	17	15	4
Cell679	1	19	26	15
Cell680	1	12	25	12
Cell681	1	7	14	25
Cell682	1	8	29	21
Cell684	1	24	18	14
Cell685	1	20	31	13
Cell686	1	16	19	8
Cell687	1	18	13	18
Cell688	1	4	8	27
Cell689	1	25	23	6
Cell690	1	4	9	27
Cell691	1	8	29	21
Cell692	1	21	30	5
Cell694	1	5	23	24
Cell695	1	11	17	22
Cell696	1	4	8	32
Cell697	1	11	1	22
Cell698	1	22	14	17
Cell699	1	15	11	2
Cell700	1	13	16	9
Cell701	1	17	15	4
Cell702	1	5	7	23
Cell703	1	8	29	21
Cell704	1	3	4	20
Cell705	1	2	20	11
Cell706	1	6	22	27
Cell707	1	4	8	27
Cell708	1	16	19	8
Cell709	1	6	22	3
Cell710	1	13	16	9
Cell711	1	6	22	3
Cell712	1	16	19	8
Cell713	1	14	3	26
Cell714	1	7	14	25
Cell715	1	3	4	20
Cell716	1	6	22	3
Cell717	1	22	10	17
Cell718	1	7	14	25
Cell719	1	19	26	7
Cell720	1	1	24	10
Cell721	1	6	22	3
Cell722	1	18	13	18
Cell723	1	21	30	5
Cell724	1	23	7	19
Cell725	1	14	3	26
Cell726	1	23	7	19
Cell727	1	6	22	29
Cell728	1	5	7	24
Cell729	1	22	10	17
Cell730	1	17	15	4
Cell731	1	24	18	14
Cell732	1	19	26	16
Cell733	1	15	11	16
Cell734	1	10	27	28
Cell735	1	16	19	8
Cell738	1	2	5	29
Cell739	1	21	30	5
Cell740	1	21	32	5
Cell741	1	18	6	18
Cell742	1	12	25	12
Cell743	1	8	29	21
Cell744	1	5	7	23
Cell745	1	7	14	24
Cell746	1	22	14	17
Cell747	1	2	5	29
Cell748	1	20	31	13
Cell749	1	12	25	12
Cell750	1	3	4	24
Cell751	1	19	26	7
Cell752	1	18	13	18
Cell754	1	10	27	28
Cell756	1	13	16	9
Cell757	1	19	26	7
Cell758	1	9	12	30
Cell759	1	11	1	22
Cell760	1	20	31	13
Cell761	1	12	25	12
Cell762	1	8	29	21
Cell763	1	4	8	27
Cell764	1	8	29	21
Cell765	1	18	13	18
Cell766	1	20	31	13
Cell767	1	5	7	23
Cell768	1	3	4	31
Cell769	1	9	12	30
Cell770	1	9	12	30
Cell771	1	4	8	32
Cell772	1	23	7	19
Cell773	1	17	15	4
Cell774	1	1	24	15
Cell775	1	1	24	29
Cell776	1	20	31	13
Cell777	1	15	11	16
Cell778	1	3	4	20
Cell779	1	10	27	28
Cell780	1	8	29	21
Cell781	1	5	7	24
Cell782	1	15	11	10
Cell783	1	14	3	26
Cell784	1	23	7	19
Cell785	1	25	23	6
Cell786	1	4	9	27
Cell787	1	9	12	30
Cell788	1	20	31	13
Cell789	1	1	10	31
Cell790	1	8	29	21
Cell791	1	3	4	20
Cell792	1	22	14	17
Cell793	1	25	23	6
Cell794	1	15	11	2
Cell795	1	19	26	7
Cell796	1	17	15	4
Cell797	1	4	8	32
Cell798	1	14	3	26
Cell799	1	8	29	21
Cell800	1	17	15	24
Cell801	1	12	25	12
Cell802	1	13	16	9
Cell803	1	17	15	4
Cell804	1	6	22	29
Cell805	1	8	29	21
Cell806	1	8	29	21
Cell807	1	22	14	17
Cell808	1	13	16	9
Cell809	1	24	18	14
Cell810	1	2	5	29
Cell811	1	2	5	11
Cell812	1	2	2	16
Cell814	1	8	29	21
Cell815	1	2	2	16
Cell816	1	7	14	25
Cell817	1	5	7	23
Cell818	1	12	25	12
Cell819	1	5	7	23
Cell820	1	3	4	1
Cell821	1	16	19	8
Cell822	1	19	26	7
Cell823	1	16	19	8
Cell824	1	8	29	21
Cell826	1	17	15	4
Cell827	1	13	16	9
Cell829	1	11	1	22
Cell830	1	4	8	32
Cell831	1	23	7	19
Cell832	1	11	17	22
Cell833	1	7	14	25
Cell834	1	21	30	5
Cell836	1	4	8	16
Cell837	1	25	23	6
Cell838	1	13	16	9
Cell839	1	10	27	28
Cell840	1	6	22	3
Cell841	1	21	30	5
Cell842	1	11	17	22
Cell843	1	15	11	2
Cell844	1	14	3	26
Cell845	1	10	27	28
Cell846	1	4	8	32
Cell848	1	21	30	5
Cell850	1	11	1	15
Cell851	1	20	31	13
Cell852	1	1	10	31
Cell853	1	3	4	1
Cell854	1	3	4	20
Cell855	1	3	4	1
Cell856	1	9	12	30
Cell857	1	25	23	6
Cell858	1	20	31	13
Cell859	1	3	4	15
Cell860	1	16	19	8
Cell861	1	1	24	10
Cell862	1	20	31	13
Cell863	1	10	27	28
Cell864	1	9	12	30
Cell865	1	11	17	22
Cell866	1	5	7	23
Cell867	1	4	8	32
Cell868	1	5	7	23
Cell869	1	12	25	12
Cell870	1	9	12	30
Cell871	1	3	4	20
Cell872	1	3	4	1
Cell873	1	1	10	15
Cell874	1	23	7	19
Cell875	1	17	15	15
Cell876	1	7	14	25
Cell877	1	25	23	6
Cell879	1	9	12	30
Cell880	1	12	25	12
Cell881	1	8	29	21
Cell882	1	11	17	22
Cell883	1	4	8	27
Cell884	1	17	15	4
Cell885	1	24	18	24
Cell886	1	2	21	11
Cell887	1	1	24	31
Cell888	1	6	22	3
Cell889	1	21	32	5
Cell890	1	15	11	2
Cell891	1	18	13	18
Cell892	1	2	20	11
Cell893	1	16	19	8
Cell894	1	20	31	1
Cell895	1	6	5	29
Cell896	1	12	25	12
Cell897	1	10	27	28
Cell898	1	1	10	31
Cell899	1	15	11	2
Cell900	1	7	14	25
Cell901	1	7	14	25
Cell902	1	12	25	12
Cell903	1	14	3	26
Cell904	1	13	16	9
Cell905	1	18	28	18
Cell906	1	3	4	20
Cell907	1	21	32	5
Cell908	1	4	9	27
Cell909	1	6	22	3
Cell910	1	23	7	19
Cell911	1	12	25	12
Cell912	1	19	26	7
Cell913	1	16	19	27
Cell914	1	10	27	28
Cell915	1	24	18	14
Cell916	1	7	14	25
Cell917	1	3	4	1
Cell918	1	9	12	30
Cell919	1	6	22	3
Cell920	1	11	17	22
Cell921	1	16	19	8
Cell922	1	6	22	3
Cell923	1	1	10	31
Cell924	1	14	3	26
Cell925	1	21	30	5
Cell926	1	23	7	19
Cell927	1	3	4	1
Cell928	1	6	22	29
Cell929	1	23	7	19
Cell930	1	24	18	14
Cell931	1	2	5	29
Cell932	1	12	25	12
Cell933	1	2	5	29
Cell934	1	6	22	3
Cell935	1	16	19	8
Cell936	1	20	31	13
Cell937	1	1	24	10
Cell938	1	10	27	28
Cell939	1	18	28	18
Cell940	1	4	8	32
Cell942	1	19	26	11
Cell943	1	6	22	3
Cell944	1	21	30	5
Cell945	1	1	10	11
Cell947	1	1	10	15
Cell948	1	17	15	4
Cell949	1	25	23	6
Cell950	1	19	26	7
Cell951	1	9	12	30
Cell952	1	19	26	7
Cell953	1	4	8	32
Cell954	1	4	8	27
Cell955	1	24	18	14
Cell956	1	3	4	13
Cell957	1	15	11	2
Cell958	1	2	2	16
Cell959	1	20	31	13
Cell960	1	1	10	11
Cell961	1	3	4	20
Cell962	1	17	15	4
Cell963	1	10	27	28
Cell964	1	2	2	16
Cell965	1	23	7	31
Cell966	1	3	4	1
Cell968	1	9	12	30
Cell969	1	20	31	13
Cell970	1	6	22	3
Cell972	1	1	24	10
Cell973	1	19	26	7
Cell974	1	7	14	25
Cell975	1	10	27	28
Cell976	1	17	15	24
Cell977	1	16	19	8
Cell978	1	1	24	10
Cell979	1	5	7	24
Cell980	1	13	16	9
Cell981	1	20	31	13
Cell982	1	15	11	2
Cell983	1	9	12	30
Cell984	1	22	14	17
Cell985	1	18	6	18
Cell986	1	14	3	26
Cell987	1	4	8	27
Cell988	1	2	2	24
Cell989	1	24	18	24
Cell990	1	1	10	31
Cell991	1	23	7	19
Cell992	1	24	18	14
Cell993	1	24	18	14
Cell994	1	4	9	27
Cell995	1	21	32	5
Cell996	1	14	3	26
Cell997	1	19	26	7
Cell998	1	23	7	19
Cell999	1	22	14	17
Cell1000	1	16	19	8
Cell1001	1	21	30	5
Cell1002	1	21	32	30
Cell1003	1	10	27	28
Cell1004	1	20	31	13
Cell1005	1	22	14	17
Cell1006	1	9	12	30
Cell1007	1	2	20	15
Cell1008	1	17	15	4
Cell1009	1	25	23	6
Cell1010	1	14	3	26
Cell1012	1	25	23	6
Cell1013	1	7	14	25
Cell1014	1	16	19	8
Cell1015	1	23	7	15
Cell1016	1	1	24	10
Cell1017	1	1	10	15
Cell1018	1	23	7	19
Cell1020	1	4	8	32
Cell1021	1	1	24	31
Cell1022	1	7	14	25
Cell1023	1	6	22	3
Cell1024	1	3	4	20
Cell1025	1	10	27	28
Cell1026	1	6	5	29
Cell1028	1	2	2	16
Cell1029	1	1	10	15
Cell1030	1	17	15	4
Cell1031	1	3	4	1
Cell1032	1	4	9	27
Cell1033	1	18	6	18
Cell1034	1	2	9	27
Cell1035	1	10	27	16
Cell1036	1	5	7	23
Cell1037	1	9	12	30
Cell1038	1	9	12	30
Cell1039	1	7	14	25
Cell1040	1	24	18	14
Cell1041	1	2	5	16
Cell1043	1	19	26	7
Cell1044	1	12	25	12
Cell1045	1	15	11	2
Cell1046	1	18	13	13
Cell1047	1	17	15	4
Cell1048	1	2	2	16
Cell1049	1	11	1	22
Cell1050	1	4	8	32
Cell1051	1	24	18	14
Cell1052	1	5	7	23
Cell1053	1	14	3	26
Cell1054	1	19	26	7
Cell1055	1	24	18	14
Cell1056	1	4	9	27
Cell1057	1	6	5	29
Cell1058	1	4	8	32
Cell1059	1	24	18	27
Cell1060	1	4	9	27
Cell1061	1	16	19	8
Cell1062	1	5	7	23
Cell1063	1	13	16	9
Cell1064	1	4	8	32
Cell1065	1	18	13	18
Cell1066	1	24	18	14
Cell1067	1	1	10	15
Cell1068	1	8	29	21
Cell1069	1	13	16	9
Cell1070	1	19	26	7
Cell1071	1	4	9	24
Cell1072	1	2	2	27
Cell1073	1	1	10	15
Cell1074	1	1	24	16
Cell1075	1	10	27	28
Cell1076	1	2	5	29
Cell1077	1	14	3	26
Cell1078	1	10	27	28
Cell1080	1	19	26	7
Cell1082	1	10	27	28
Cell1083	1	17	15	4
Cell1084	1	12	25	12
Cell1085	1	1	24	10
Cell1086	1	25	23	6
Cell1087	1	2	21	11
Cell1088	1	25	23	6
Cell1089	1	1	24	10
Cell1090	1	24	18	14
Cell1091	1	22	14	17
Cell1092	1	25	23	6
Cell1093	1	9	12	30
Cell1095	1	19	26	7
Cell1096	1	24	18	14
Cell1097	1	12	25	31
Cell1098	1	19	26	7
Cell1099	1	22	10	17
Cell1100	1	17	15	4
Cell1101	1	5	7	23
Cell1102	1	15	11	2
Cell1103	1	24	18	14
Cell1104	1	11	1	22
Cell1105	1	13	16	9
Cell1106	1	5	7	24
Cell1107	1	13	16	9
Cell1108	1	20	31	13
Cell1109	1	8	29	21
Cell1110	1	22	14	17
Cell1111	1	1	24	31
Cell1112	1	12	25	12
Cell1113	1	6	22	3
Cell1114	1	16	19	8
Cell1115	1	20	31	13
Cell1116	1	22	14	25
Cell1118	1	11	1	22
Cell1119	1	7	14	16
Cell1120	1	7	14	25
Cell1121	1	21	20	11
Cell1122	1	21	30	5
Cell1123	1	6	22	3
Cell1124	1	19	26	7
Cell1126	1	6	22	3
Cell1127	1	21	30	5
Cell1128	1	13	16	9
Cell1129	1	14	3	26
Cell1130	1	5	7	23
Cell1131	1	13	16	9
Cell1133	1	19	26	7
Cell1135	1	2	2	16
Cell1136	1	19	26	7
Cell1137	1	15	11	2
Cell1138	1	2	2	16
Cell1139	1	6	22	3
Cell1140	1	17	15	4
Cell1141	1	23	7	19
Cell1142	1	23	7	19
Cell1143	1	23	7	19
Cell1144	1	25	23	6
Cell1145	1	18	13	18
Cell1146	1	4	8	27
Cell1147	1	22	14	17
Cell1148	1	3	4	1
Cell1149	1	9	12	30
Cell1150	1	3	4	24
Cell1151	1	1	24	10
Cell1152	1	8	29	21
Cell1153	1	10	27	28
Cell1154	1	2	5	29
Cell1155	1	3	4	1
Cell1156	1	3	31	20
Cell1157	1	25	23	6
Cell1158	1	14	3	26
Cell1159	1	1	24	31
Cell1161	1	8	29	21
Cell1162	1	10	27	28
Cell1163	1	7	14	25
Cell1164	1	8	29	21
Cell1165	1	11	17	22
Cell1166	1	23	7	24
Cell1167	1	10	27	28
Cell1168	1	16	19	8
Cell1169	1	23	7	15
Cell1170	1	11	17	24
Cell1171	1	18	13	18
Cell1172	1	21	32	5
Cell1173	1	3	4	1
Cell1174	1	3	4	1
Cell1175	1	14	3	26
Cell1176	1	15	11	2
Cell1177	1	8	29	21
Cell1178	1	21	30	5
Cell1179	1	3	4	20
Cell1180	1	1	24	10
Cell1181	1	12	25	12
Cell1182	1	16	19	8
Cell1183	1	19	26	7
Cell1184	1	11	1	22
Cell1185	1	7	14	25
Cell1186	1	18	28	18
Cell1187	1	1	24	10
Cell1188	1	8	29	21
Cell1189	1	4	8	32
Cell1190	1	1	10	15
Cell1191	1	24	18	14
Cell1192	1	6	22	3
Cell1193	1	13	16	9
Cell1194	1	3	4	1
Cell1195	1	23	7	19
Cell1196	1	15	11	6
Cell1197	1	3	4	20
Cell1198	1	23	7	19
Cell1199	1	7	14	25
Cell1200	1	21	30	5
Cell1201	1	10	27	28
Cell1202	1	12	25	15
Cell1203	1	22	14	24
Cell1204	1	15	11	2
Cell1205	1	2	5	29
Cell1206	1	3	4	1
Cell1207	1	3	4	1
Cell1208	1	16	19	8
Cell1209	1	15	11	6
Cell1210	1	20	31	13
Cell1211	1	21	30	5
Cell1212	1	20	31	13
Cell1213	1	9	12	30
Cell1214	1	15	11	2
Cell1215	1	12	25	12
Cell1216	1	20	31	13
Cell1217	1	17	15	4
Cell1218	1	12	25	12
Cell1219	1	3	4	20
Cell1220	1	8	29	21
Cell1221	1	3	4	20
Cell1222	1	4	9	32
Cell1223	1	8	29	21
Cell1224	1	17	15	4
Cell1225	1	11	17	22
Cell1226	1	8	29	21
Cell1227	1	23	7	19
Cell1228	1	11	17	22
Cell1229	1	2	2	16
Cell1230	1	11	1	22
Cell1231	1	10	27	28
Cell1232	1	12	25	15
Cell1235	1	4	8	32
Cell1236	1	11	1	22
Cell1237	1	21	30	5
Cell1238	1	19	26	7
Cell1239	1	4	1	27
Cell1240	1	23	7	19
Cell1241	1	14	3	26
Cell1242	1	1	19	31
Cell1243	1	18	6	18
Cell1244	1	22	14	17
Cell1245	1	4	9	27
Cell1246	1	13	16	9
Cell1247	1	14	3	26
Cell1248	1	22	10	17
Cell1249	1	2	5	31
Cell1250	1	13	16	9
Cell1251	1	8	29	21
Cell1252	1	17	15	4
Cell1253	1	1	10	15
Cell1254	1	18	28	18
Cell1255	1	5	7	23
Cell1256	1	1	24	24
Cell1257	1	14	3	26
Cell1258	1	15	11	2
Cell1259	1	24	18	14
Cell1260	1	3	4	20
Cell1261	1	9	12	30
Cell1262	1	21	32	5
Cell1263	1	9	12	30
Cell1264	1	21	32	5
Cell1265	1	15	11	2
Cell1266	1	19	26	7
Cell1267	1	10	27	28
Cell1268	1	10	27	28
Cell1269	1	18	13	18
Cell1270	1	14	3	26
Cell1271	1	21	30	5
Cell1272	1	22	14	17
Cell1273	1	2	21	11
Cell1274	1	7	14	25
Cell1275	1	17	15	4
Cell1276	1	19	26	7
Cell1277	1	2	5	2
Cell1278	1	9	12	30
Cell1279	1	6	22	3
Cell1280	1	15	11	2
Cell1281	1	13	16	9
Cell1282	1	17	15	4
Cell1283	1	2	2	16
Cell1284	1	1	10	31
Cell1285	1	1	10	31
Cell1287	1	1	10	31
Cell1288	1	7	14	25
Cell1289	1	15	11	2
Cell1290	1	14	3	26
Cell1291	1	12	25	12
Cell1292	1	21	30	5
Cell1293	1	4	8	32
Cell1294	1	23	7	19
Cell1295	1	4	8	27
Cell1297	1	9	12	30
Cell1298	1	20	31	13
Cell1299	1	5	7	10
Cell1300	1	23	7	24
Cell1301	1	25	23	6
Cell1302	1	3	4	20
Cell1303	1	2	21	11
Cell1304	1	24	18	14
Cell1305	1	2	21	11
Cell1306	1	12	25	12
Cell1307	1	8	29	21
Cell1308	1	22	14	17
Cell1310	1	9	12	30
Cell1311	1	3	4	1
Cell1312	1	11	17	22
Cell1313	1	13	16	9
Cell1314	1	5	7	23
Cell1315	1	24	18	14
Cell1316	1	1	10	31
Cell1317	1	16	19	8
Cell1318	1	23	7	19
Cell1319	1	14	3	26
Cell1320	1	11	1	22
Cell1321	1	25	23	6
Cell1322	1	17	15	4
Cell1323	1	5	7	23
Cell1324	1	11	1	24
Cell1325	1	25	23	6
Cell1326	1	8	29	21
Cell1327	1	5	7	23
Cell1328	1	20	31	13
Cell1329	1	21	32	5
Cell1330	1	25	23	6
Cell1331	1	5	7	23
Cell1332	1	14	3	26
Cell1333	1	25	23	6
Cell1335	1	22	10	15
Cell1338	1	10	27	28
Cell1339	1	1	24	10
Cell1340	1	20	31	13
Cell1341	1	25	23	6
Cell1342	1	23	7	19
Cell1343	1	1	2	16
Cell1344	1	24	18	14
Cell1345	1	2	2	24
Cell1346	1	9	12	30
Cell1347	1	4	8	32
Cell1348	1	7	14	17
Cell1349	1	2	20	11
Cell1350	1	4	8	32
Cell1351	1	20	31	13
Cell1352	1	19	26	7
Cell1353	1	7	14	25
Cell1354	1	1	10	15
Cell1355	1	1	10	31
Cell1356	1	3	4	15
Cell1357	1	20	31	13
Cell1358	1	18	6	18
Cell1359	1	2	5	27
Cell1360	1	9	12	30
Cell1361	1	16	19	8
Cell1362	1	4	9	16
Cell1363	1	25	23	6
Cell1364	1	19	26	11
Cell1365	1	19	26	7
Cell1366	1	11	17	22
Cell1367	1	23	7	19
Cell1368	1	21	30	5
Cell1369	1	3	4	15
Cell1370	1	16	19	8
Cell1371	1	2	5	29
Cell1372	1	19	26	7
Cell1373	1	7	14	15
Cell1374	1	8	29	21
Cell1375	1	24	18	14
Cell1376	1	15	11	2
Cell1377	1	22	14	17
Cell1378	1	2	5	16
Cell1379	1	3	4	1
Cell1380	1	3	4	1
Cell1381	1	22	14	17
Cell1383	1	21	32	5
Cell1384	1	4	8	32
Cell1385	1	14	3	26
Cell1386	1	24	18	14
Cell1387	1	25	23	6
Cell1388	1	4	8	32
Cell1389	1	21	32	5
Cell1390	1	24	18	14
Cell1391	1	8	29	21
Cell1392	1	10	27	28
Cell1393	1	7	14	25
Cell1394	1	23	7	19
Cell1395	1	8	29	31
Cell1396	1	1	10	31
Cell1397	1	17	15	4
Cell1398	1	6	22	3
Cell1399	1	5	7	23
Cell1400	1	14	3	26
Cell1401	1	1	19	31
Cell1402	1	5	7	15
Cell1403	1	6	22	3
Cell1404	1	24	18	14
Cell1405	1	2	5	29
Cell1406	1	1	10	15
Cell1407	1	8	29	24
Cell1408	1	14	3	26
Cell1409	1	2	21	11
Cell1410	1	5	7	23
Cell1412	1	8	29	21
Cell1413	1	6	22	3
Cell1414	1	22	14	17
Cell1415	1	22	14	17
Cell1416	1	10	27	28
Cell1417	1	14	3	26
Cell1418	1	1	24	10
Cell1419	1	6	22	27
Cell1421	1	1	24	10
Cell1422	1	12	25	12
Cell1423	1	10	27	28
Cell1424	1	6	22	3
Cell1425	1	19	26	7
Cell1426	1	22	14	17
Cell1427	1	21	30	5
Cell1428	1	22	14	17
Cell1429	1	4	8	32
Cell1430	1	15	11	2
Cell1431	1	7	14	25
Cell1432	1	17	15	4
Cell1433	1	9	12	30
Cell1434	1	20	31	13
Cell1436	1	4	8	27
Cell1437	1	6	22	3
Cell1438	1	12	25	12
Cell1439	1	22	14	24
Cell1440	1	16	19	27
Cell1441	1	2	2	16
Cell1442	1	4	8	32
Cell1443	1	21	32	5
Cell1444	1	10	27	28
Cell1445	1	2	2	16
Cell1446	1	4	8	32
Cell1447	1	16	19	8
Cell1448	1	4	8	32
Cell1449	1	1	10	31
Cell1450	1	8	29	21
Cell1451	1	5	7	23
Cell1452	1	1	24	10
Cell1453	1	1	24	24
Cell1455	1	4	8	32
Cell1456	1	23	7	19
Cell1458	1	11	17	22
Cell1459	1	6	22	3
Cell1460	1	24	18	14
Cell1461	1	18	13	18
Cell1462	1	3	4	20
Cell1464	1	7	14	25
Cell1465	1	2	5	29
Cell1466	1	5	7	23
Cell1468	1	7	14	25
Cell1469	1	23	7	19
Cell1470	1	5	7	23
Cell1471	1	3	4	20
Cell1472	1	4	9	29
Cell1473	1	4	9	32
Cell1474	1	25	23	6
Cell1475	1	6	22	3
Cell1476	1	7	14	25
Cell1477	1	23	7	19
Cell1478	1	4	8	32
Cell1479	1	18	28	18
Cell1480	1	2	20	11
Cell1481	1	6	22	3
Cell1482	1	9	12	30
Cell1483	1	21	30	5
Cell1484	1	21	32	5
Cell1485	1	11	1	22
Cell1486	1	23	7	19
Cell1487	1	14	3	26
Cell1488	1	7	14	25
Cell1489	1	1	2	10
Cell1490	1	14	3	26
Cell1491	1	21	30	5
Cell1492	1	15	5	29
Cell1493	1	21	32	5
Cell1494	1	20	31	13
Cell1495	1	3	4	1
Cell1496	1	18	13	18
Cell1497	1	3	4	1
Cell1498	1	2	21	11
Cell1499	1	8	29	21
Cell1500	1	1	23	15
Cell1501	1	10	27	28
Cell1502	1	23	7	15
Cell1503	1	19	26	7
Cell1504	1	9	12	15
Cell1505	1	15	11	2
Cell1506	1	11	1	22
Cell1507	1	2	5	16
Cell1508	1	3	4	1
Cell1509	1	16	19	8
Cell1510	1	19	26	7
Cell1511	1	13	16	9
Cell1512	1	24	18	14
Cell1513	1	9	12	30
Cell1514	1	21	30	5
Cell1515	1	3	4	1
Cell1516	1	9	12	30
Cell1517	1	2	5	2
Cell1518	1	20	4	24
Cell1519	1	1	24	10
Cell1520	1	14	3	26
Cell1521	1	16	19	8
Cell1522	1	1	24	10
Cell1523	1	4	8	32
Cell1524	1	3	4	20
Cell1525	1	3	31	20
Cell1526	1	1	24	10
Cell1527	1	25	23	6
Cell1528	1	7	14	25
Cell1529	1	2	19	11
Cell1530	1	3	4	20
Cell1531	1	23	7	19
Cell1532	1	4	9	27
Cell1533	1	11	1	22
Cell1534	1	23	7	19
Cell1535	1	14	3	26
Cell1536	1	2	21	24
Cell1537	1	20	31	13
Cell1538	1	7	14	25
Cell1539	1	19	26	7
Cell1540	1	1	10	31
Cell1541	1	6	22	29
Cell1542	1	5	7	23
Cell1543	1	17	15	4
Cell1544	1	16	19	8
Cell1545	1	7	14	25
Cell1546	1	25	23	2
Cell1547	1	23	7	19
Cell1548	1	25	23	6
Cell1549	1	1	24	10
Cell1550	1	1	2	16
Cell1551	1	12	25	12
Cell1553	1	13	16	15
Cell1554	1	18	6	18
Cell1555	1	13	16	9
Cell1556	1	15	11	2
Cell1557	1	23	7	19
Cell1558	1	16	19	8
Cell1559	1	17	15	4
Cell1560	1	24	18	14
Cell1561	1	12	25	12
Cell1562	1	25	23	6
Cell1563	1	13	16	9
Cell1564	1	20	31	13
Cell1565	1	3	4	1
Cell1566	1	18	6	18
Cell1567	1	16	19	8
Cell1568	1	3	4	1
Cell1569	1	13	16	9
Cell1570	1	9	12	30
Cell1571	1	20	4	20
Cell1572	1	11	1	22
Cell1573	1	4	8	32
Cell1574	1	3	4	20
Cell1575	1	23	7	19
Cell1576	1	14	3	26
Cell1577	1	7	14	25
Cell1579	1	1	10	31
Cell1580	1	17	15	4
Cell1581	1	18	6	18
Cell1582	1	24	18	14
Cell1583	1	17	15	4
Cell1584	1	7	14	25
Cell1585	1	13	16	9
Cell1586	1	1	24	10
Cell1587	1	4	8	32
Cell1588	1	25	23	6
Cell1589	1	20	31	13
Cell1590	1	23	7	19
Cell1591	1	9	12	30
Cell1592	1	23	7	19
Cell1593	1	3	4	20
Cell1594	1	1	10	31
Cell1595	1	2	2	16
Cell1597	1	6	22	3
Cell1598	1	24	18	14
Cell1599	1	13	16	9
Cell1600	1	10	27	28
Cell1601	1	5	7	23
Cell1602	1	24	18	14
Cell1603	1	19	26	24
Cell1604	1	2	20	11
Cell1605	1	9	12	24
Cell1606	1	9	12	30
Cell1607	1	19	26	7
Cell1608	1	14	3	26
Cell1609	1	4	8	32
Cell1610	1	1	10	31
Cell1611	1	23	7	19
Cell1612	1	7	14	24
Cell1613	1	3	4	20
Cell1614	1	4	8	32
Cell1615	1	9	12	30
Cell1616	1	19	26	7
Cell1619	1	20	31	13
Cell1620	1	13	16	9
Cell1621	1	14	3	26
Cell1622	1	24	18	14
Cell1623	1	21	30	5
Cell1624	1	2	5	29
Cell1625	1	8	29	21
Cell1626	1	1	10	15
Cell1627	1	14	3	26
Cell1628	1	17	15	4
Cell1629	1	10	27	28
Cell1630	1	18	13	18
Cell1631	1	20	4	20
Cell1632	1	3	4	1
Cell1633	1	6	22	3
Cell1634	1	14	3	26
Cell1635	1	24	18	14
Cell1636	1	3	4	1
Cell1637	1	20	31	13
Cell1638	1	8	29	21
Cell1639	1	18	13	29
Cell1640	1	5	7	23
Cell1641	1	20	31	13
Cell1642	1	10	27	28
Cell1643	1	11	1	22
Cell1644	1	3	4	20
Cell1645	1	1	10	11
Cell1646	1	25	23	6
Cell1647	1	5	7	23
Cell1648	1	24	18	14
Cell1650	1	14	3	26
Cell1651	1	20	31	13
Cell1652	1	4	8	32
Cell1653	1	16	19	8
Cell1654	1	15	11	2
Cell1656	1	11	17	22
Cell1657	1	2	9	27
Cell1658	1	12	25	24
Cell1660	1	3	4	1
Cell1661	1	2	5	24
Cell1662	1	2	2	16
Cell1663	1	21	32	5
Cell1664	1	18	13	13
Cell1665	1	22	14	25
Cell1666	1	21	32	15
Cell1667	1	4	8	32
Cell1668	1	4	9	11
Cell1669	1	4	9	27
Cell1670	1	19	26	7
Cell1671	1	2	21	11
Cell1672	1	21	30	5
Cell1673	1	1	24	15
Cell1674	1	2	5	24
Cell1675	1	4	9	27
Cell1676	1	5	7	23
Cell1677	1	5	7	23
Cell1678	1	21	32	5
Cell1679	1	8	29	21
Cell1680	1	22	14	31
Cell1681	1	3	4	1
Cell1683	1	3	4	1
Cell1684	1	17	15	4
Cell1685	1	15	11	6
Cell1686	1	4	8	32
Cell1687	1	1	10	15
Cell1688	1	6	11	3
Cell1689	1	5	7	23
Cell1690	1	7	14	25
Cell1691	1	18	28	18
Cell1692	1	4	8	32
Cell1693	1	7	14	25
Cell1694	1	13	16	9
Cell1695	1	4	9	11
Cell1696	1	1	24	10
Cell1697	1	17	15	4
Cell1698	1	15	11	2
Cell1699	1	24	18	14
Cell1700	1	8	29	21
Cell1701	1	6	22	2
Cell1702	1	5	7	23
Cell1703	1	19	26	11
Cell1704	1	15	11	2
Cell1705	1	19	26	7
Cell1706	1	11	1	22
Cell1707	1	5	7	23
Cell1708	1	1	24	10
Cell1709	1	25	23	6
Cell1710	1	10	27	28
Cell1711	1	14	3	26
Cell1712	1	17	15	4
Cell1713	1	8	29	21
Cell1715	1	1	10	15
Cell1716	1	5	7	23
Cell1717	1	10	27	28
Cell1718	1	19	26	7
Cell1719	1	1	24	10
Cell1720	1	21	32	5
Cell1721	1	25	23	6
Cell1722	1	22	14	17
Cell1723	1	15	11	2
Cell1724	1	10	27	28
Cell1725	1	23	7	19
Cell1726	1	2	5	24
Cell1727	1	6	5	29
Cell1728	1	2	21	11
Cell1729	1	4	8	32
Cell1730	1	3	4	1
Cell1731	1	24	18	14
Cell1732	1	3	4	20
Cell1733	1	21	30	5
Cell1734	1	10	27	28
Cell1735	1	7	14	25
Cell1736	1	13	16	9
Cell1737	1	1	2	16
Cell1738	1	12	25	12
Cell1739	1	16	19	8
Cell1740	1	24	18	14
Cell1741	1	3	4	20
Cell1742	1	12	25	12
Cell1743	1	9	12	30
Cell1744	1	2	21	11
Cell1745	1	7	14	24
Cell1747	1	7	14	25
Cell1748	1	25	23	6
Cell1749	1	1	10	31
Cell1750	1	20	31	29
Cell1751	1	20	31	13
Cell1752	1	3	4	20
Cell1753	1	20	31	13
Cell1754	1	2	5	29
Cell1755	1	17	15	4
Cell1756	1	1	24	10
Cell1757	1	13	16	9
Cell1758	1	6	5	29
Cell1759	1	16	19	8
Cell1760	1	14	3	26
Cell1761	1	13	16	9
Cell1762	1	15	11	2
Cell1763	1	15	11	2
Cell1764	1	23	7	19
Cell1765	1	3	4	20
Cell1766	1	20	31	13
Cell1767	1	14	3	26
Cell1768	1	12	25	12
Cell1769	1	1	19	31
Cell1770	1	2	21	15
Cell1771	1	12	25	12
Cell1772	1	5	7	23
Cell1773	1	4	8	32
Cell1774	1	22	14	17
Cell1775	1	22	14	17
Cell1776	1	1	24	10
Cell1777	1	23	7	19
Cell1778	1	8	29	21
Cell1779	1	16	19	8
Cell1780	1	10	27	28
Cell1781	1	23	7	24
Cell1782	1	3	4	31
Cell1783	1	12	25	12
Cell1784	1	14	3	26
Cell1785	1	3	4	20
Cell1786	1	19	26	7
Cell1787	1	21	30	5
Cell1788	1	5	7	23
Cell1789	1	6	22	24
Cell1790	1	10	27	28
Cell1791	1	5	7	23
Cell1792	1	17	15	4
Cell1793	1	10	27	28
Cell1794	1	3	4	1
Cell1795	1	3	4	20
Cell1796	1	1	24	10
Cell1797	1	15	11	2
Cell1798	1	17	15	4
Cell1799	1	1	24	10
Cell1800	1	3	4	31
Cell1801	1	6	22	3
Cell1802	1	8	29	21
Cell1803	1	12	25	12
Cell1804	1	10	27	28
Cell1805	1	2	2	24
Cell1806	1	2	21	11
Cell1807	1	14	3	26
Cell1808	1	4	8	32
Cell1809	1	1	24	11
Cell1810	1	22	10	17
Cell1811	1	8	29	21
Cell1812	1	1	24	10
Cell1813	1	1	10	31
Cell1814	1	17	15	4
Cell1815	1	2	5	29
Cell1816	1	12	25	12
Cell1817	1	20	31	13
Cell1818	1	10	27	28
Cell1819	1	20	31	13
Cell1820	1	2	21	11
Cell1821	1	3	4	1
Cell1822	1	22	14	17
Cell1823	1	1	23	15
Cell1824	1	15	11	2
Cell1825	1	1	24	24
Cell1826	1	19	26	7
Cell1827	1	4	8	32
Cell1828	1	1	2	16
Cell1829	1	21	30	5
Cell1830	1	12	25	12
Cell1831	1	16	19	8
Cell1832	1	6	22	3
Cell1833	1	5	7	23
Cell1834	1	5	7	23
Cell1835	1	25	23	6
Cell1836	1	14	3	26
Cell1837	1	14	3	26
Cell1838	1	11	1	22
Cell1839	1	7	14	25
Cell1840	1	4	9	27
Cell1841	1	4	8	16
Cell1842	1	6	22	3
Cell1843	1	20	31	13
Cell1845	1	19	26	7
Cell1846	1	1	24	10
Cell1847	1	21	30	5
Cell1848	1	12	25	12
Cell1849	1	7	14	25
Cell1850	1	10	27	28
Cell1851	1	13	16	9
Cell1853	1	2	2	16
Cell1854	1	6	22	3
Cell1855	1	7	14	25
Cell1856	1	19	26	7
Cell1858	1	16	19	8
Cell1859	1	22	14	17
Cell1860	1	19	26	7
Cell1861	1	19	26	7
Cell1862	1	3	31	20
Cell1863	1	8	29	21
Cell1864	1	6	22	3
Cell1865	1	1	24	31
Cell1866	1	10	27	28
Cell1867	1	14	3	26
Cell1868	1	4	8	32
Cell1869	1	23	7	19
Cell1870	1	16	19	10
Cell1871	1	22	14	17
Cell1872	1	7	14	25
Cell1873	1	13	16	9
Cell1874	1	19	26	11
Cell1875	1	5	7	23
Cell1877	1	9	12	24
Cell1878	1	10	27	28
Cell1879	1	13	16	9
Cell1880	1	4	9	27
Cell1881	1	13	16	31
Cell1882	1	16	19	8
Cell1883	1	2	5	29
Cell1884	1	25	23	6
Cell1885	1	2	5	29
Cell1886	1	4	9	27
Cell1887	1	19	26	7
Cell1888	1	15	11	2
Cell1889	1	14	3	26
Cell1890	1	20	4	20
Cell1891	1	16	19	8
Cell1892	1	12	25	12
Cell1893	1	13	16	9
Cell1894	1	5	7	23
Cell1895	1	5	7	23
Cell1896	1	9	12	30
Cell1897	1	11	17	22
Cell1898	1	1	10	15
Cell1899	1	10	27	28
Cell1900	1	17	15	4
Cell1901	1	2	5	29
Cell1902	1	25	23	6
Cell1903	1	19	26	7
Cell1904	1	11	1	22
Cell1906	1	1	10	15
Cell1907	1	25	23	6
Cell1908	1	1	24	10
Cell1909	1	11	17	22
Cell1910	1	14	3	26
Cell1911	1	2	2	16
Cell1912	1	25	23	6
Cell1913	1	20	31	5
Cell1914	1	14	3	26
Cell1915	1	14	3	26
Cell1916	1	11	1	22
Cell1917	1	3	7	20
Cell1918	1	16	19	8
Cell1919	1	4	8	32
Cell1920	1	16	19	8
Cell1921	1	4	8	32
Cell1922	1	17	15	4
Cell1923	1	15	11	2
Cell1924	1	14	3	26
Cell1925	1	11	17	22
Cell1926	1	13	16	9
Cell1927	1	14	3	26
Cell1928	1	4	8	32
Cell1929	1	13	16	9
Cell1930	1	15	11	2
Cell1931	1	16	19	8
Cell1932	1	19	26	7
Cell1933	1	20	31	13
Cell1934	1	4	8	27
Cell1935	1	17	15	4
Cell1936	1	17	15	4
Cell1937	1	14	3	26
Cell1938	1	4	8	32
Cell1939	1	25	23	6
Cell1940	1	1	24	10
Cell1941	1	6	22	3
Cell1942	1	9	12	30
Cell1943	1	25	23	6
Cell1944	1	21	30	5
Cell1945	1	5	7	23
Cell1946	1	24	18	14
Cell1947	1	21	30	5
Cell1948	1	14	3	26
Cell1949	1	11	17	22
Cell1950	1	22	14	17
Cell1951	1	5	7	15
Cell1952	1	5	7	23
Cell1953	1	22	14	17
Cell1954	1	12	25	12
Cell1955	1	7	14	25
Cell1956	1	2	2	27
Cell1957	1	3	4	1
Cell1958	1	2	5	16
Cell1959	1	2	21	11
Cell1960	1	2	2	16
Cell1961	1	21	30	5
Cell1962	1	4	8	32
Cell1963	1	21	30	5
Cell1965	1	3	4	1
Cell1966	1	23	7	19
Cell1967	1	4	9	11
Cell1968	1	20	31	24
Cell1969	1	3	4	1
Cell1970	1	1	10	31
Cell1971	1	11	17	22
Cell1972	1	25	23	6
Cell1973	1	17	15	4
Cell1974	1	25	23	6
Cell1975	1	24	18	14
Cell1976	1	19	26	7
Cell1977	1	13	16	9
Cell1978	1	7	14	25
Cell1979	1	8	29	21
Cell1980	1	20	31	13
Cell1981	1	1	10	31
Cell1982	1	20	31	13
Cell1983	1	3	4	20
Cell1984	1	3	4	1
Cell1985	1	5	7	23
Cell1986	1	5	7	23
Cell1987	1	14	3	26
Cell1988	1	15	11	2
Cell1989	1	4	9	27
Cell1990	1	12	25	12
Cell1991	1	15	11	2
Cell1992	1	2	21	11
Cell1993	1	15	11	2
Cell1994	1	25	23	6
Cell1995	1	8	29	21
Cell1996	1	2	5	29
Cell1997	1	1	24	10
Cell1998	1	10	27	28
Cell1999	1	18	13	18
Cell2000	1	12	25	12
Cell2001	1	6	22	3
Cell2002	1	2	2	16
Cell2003	1	7	14	25
Cell2004	1	25	23	6
Cell2005	1	1	10	31
Cell2006	1	21	30	5
Cell2007	1	9	12	30
Cell2008	1	10	27	28
Cell2009	1	25	23	6
Cell2010	1	24	18	14
Cell2011	1	20	31	13
Cell2012	1	1	24	10
Cell2013	1	19	26	7
Cell2014	1	3	4	1
Cell2015	1	4	8	32
Cell2016	1	24	18	14
Cell2017	1	19	26	7
Cell2018	1	11	17	22
Cell2019	1	7	14	25
Cell2020	1	9	12	13
Cell2021	1	15	11	2
Cell2022	1	18	13	18
Cell2023	1	22	14	25
Cell2024	1	19	26	7
Cell2025	1	2	5	29
Cell2026	1	7	14	25
Cell2027	1	4	8	27
Cell2028	1	1	10	31
Cell2029	1	21	30	5
Cell2030	1	1	24	2
Cell2031	1	11	17	22
Cell2032	1	5	7	23
Cell2033	1	15	11	6
Cell2034	1	12	25	12
Cell2035	1	12	25	12
Cell2037	1	23	7	19
Cell2038	1	4	8	32
Cell2039	1	15	11	2
Cell2040	1	3	4	15
Cell2041	1	5	7	15
Cell2042	1	5	7	23
Cell2043	1	2	5	29
Cell2044	1	14	3	26
Cell2045	1	22	14	17
Cell2046	1	2	5	29
Cell2047	1	5	11	16
Cell2048	1	9	12	30
Cell2049	1	1	10	31
Cell2050	1	2	5	11
Cell2051	1	14	3	26
Cell2052	1	12	25	12
Cell2053	1	5	7	23
Cell2054	1	15	23	6
Cell2055	1	17	15	4
Cell2056	1	9	12	30
Cell2057	1	19	26	7
Cell2058	1	11	1	22
Cell2059	1	16	19	8
Cell2060	1	2	21	11
Cell2061	1	9	12	30
Cell2062	1	14	3	26
Cell2063	1	10	27	28
Cell2064	1	7	14	25
Cell2065	1	22	14	17
Cell2066	1	1	24	10
Cell2067	1	4	8	27
Cell2068	1	15	11	2
Cell2069	1	18	13	18
Cell2070	1	8	29	24
Cell2071	1	12	25	12
Cell2072	1	1	24	10
Cell2073	1	13	16	9
Cell2074	1	18	13	18
Cell2075	1	3	4	20
Cell2076	1	6	22	3
Cell2078	1	19	26	7
Cell2079	1	8	29	21
Cell2080	1	13	16	9
Cell2081	1	7	14	25
Cell2082	1	12	25	12
Cell2083	1	3	4	1
Cell2084	1	9	12	30
Cell2085	1	2	2	16
Cell2086	1	14	3	26
Cell2087	1	4	8	32
Cell2088	1	12	25	12
Cell2089	1	4	8	32
Cell2090	1	17	15	4
Cell2091	1	6	22	3
Cell2092	1	18	13	18
Cell2093	1	3	4	20
Cell2094	1	5	7	23
Cell2095	1	18	6	18
Cell2096	1	2	2	16
Cell2097	1	6	22	3
Cell2098	1	5	7	23
Cell2099	1	16	19	11
Cell2100	1	3	4	1
Cell2101	1	3	4	1
Cell2102	1	12	25	12
Cell2103	1	15	11	2
Cell2104	1	5	23	23
Cell2105	1	20	31	24
Cell2106	1	18	6	18
Cell2107	1	16	19	8
Cell2109	1	9	12	30
Cell2110	1	24	18	14
Cell2111	1	10	27	28
Cell2112	1	19	26	7
Cell2113	1	11	1	22
Cell2114	1	14	3	26
Cell2115	1	13	16	9
Cell2116	1	24	18	14
Cell2117	1	25	23	6
Cell2118	1	2	5	29
Cell2119	1	6	22	3
Cell2120	1	4	9	27
Cell2121	1	5	7	14
Cell2122	1	19	26	7
Cell2123	1	3	4	20
Cell2124	1	2	2	29
Cell2125	1	19	26	7
Cell2126	1	25	23	6
Cell2127	1	15	22	2
Cell2128	1	14	3	26
Cell2129	1	4	8	32
Cell2130	1	22	10	17
Cell2131	1	4	8	32
Cell2132	1	7	14	25
Cell2133	1	1	24	10
Cell2134	1	4	9	27
Cell2135	1	2	21	11
Cell2136	1	14	3	26
Cell2137	1	14	3	26
Cell2138	1	5	7	23
Cell2139	1	18	13	18
Cell2141	1	16	19	8
Cell2142	1	6	5	29
Cell2143	1	15	11	2
Cell2145	1	20	31	13
Cell2146	1	11	17	22
Cell2147	1	1	10	31
Cell2148	1	25	23	6
Cell2149	1	2	21	11
Cell2150	1	6	5	29
Cell2151	1	2	2	6
Cell2152	1	16	19	8
Cell2154	1	12	25	12
Cell2155	1	21	32	31
Cell2156	1	8	29	21
Cell2157	1	18	28	18
Cell2158	1	8	29	21
Cell2159	1	1	19	11
Cell2160	1	1	10	31
Cell2161	1	22	14	17
Cell2162	1	17	15	4
Cell2163	1	17	15	4
Cell2164	1	12	25	12
Cell2165	1	14	3	26
Cell2166	1	23	7	19
Cell2167	1	21	30	5
Cell2168	1	1	24	10
Cell2169	1	5	7	23
Cell2170	1	16	19	8
Cell2171	1	15	11	2
Cell2172	1	3	4	20
Cell2173	1	12	25	12
Cell2174	1	3	4	20
Cell2175	1	24	18	14
Cell2176	1	8	29	21
Cell2177	1	18	28	18
Cell2178	1	21	30	5
Cell2179	1	8	29	21
Cell2180	1	3	4	1
Cell2181	1	10	27	28
Cell2182	1	20	31	24
Cell2183	1	23	7	19
Cell2184	1	3	4	20
Cell2185	1	11	1	22
Cell2186	1	6	5	29
Cell2187	1	17	15	4
Cell2188	1	6	22	3
Cell2189	1	3	4	20
Cell2190	1	9	12	30
Cell2191	1	12	25	12
Cell2192	1	1	24	31
Cell2193	1	4	8	32
Cell2194	1	21	30	5
Cell2195	1	6	22	3
Cell2196	1	8	29	21
Cell2197	1	1	10	15
Cell2198	1	2	5	29
Cell2199	1	22	14	25
Cell2200	1	11	17	22
Cell2201	1	2	2	16
Cell2202	1	19	26	7
Cell2203	1	6	22	3
Cell2204	1	19	26	7
Cell2206	1	12	25	12
Cell2207	1	15	11	3
Cell2208	1	6	5	27
Cell2209	1	12	25	12
Cell2210	1	2	2	16
Cell2211	1	1	10	31
Cell2212	1	6	22	3
Cell2213	1	20	31	13
Cell2214	1	1	24	10
Cell2215	1	22	10	10
Cell2216	1	18	13	18
Cell2217	1	2	5	29
Cell2218	1	9	12	30
Cell2219	1	12	25	12
Cell2220	1	1	10	1
Cell2221	1	19	26	7
Cell2222	1	8	29	21
Cell2224	1	3	4	1
Cell2225	1	15	11	2
Cell2226	1	10	27	28
Cell2227	1	5	7	23
Cell2229	1	1	2	15
Cell2230	1	6	22	3
Cell2231	1	3	4	2
Cell2232	1	9	12	30
Cell2234	1	8	29	21
Cell2235	1	7	14	25
Cell2236	1	8	29	21
Cell2237	1	18	6	18
Cell2238	1	4	8	24
Cell2239	1	16	19	8
Cell2240	1	4	8	32
Cell2242	1	24	18	14
Cell2243	1	2	2	16
Cell2244	1	4	8	32
Cell2245	1	18	28	18
Cell2246	1	4	8	32
Cell2247	1	23	7	19
Cell2248	1	15	11	2
Cell2249	1	5	7	23
Cell2250	1	1	24	15
Cell2251	1	20	31	13
Cell2252	1	11	17	22
Cell2253	1	6	22	3
Cell2254	1	20	31	13
Cell2255	1	8	29	21
Cell2256	1	5	7	23
Cell2257	1	7	14	25
Cell2258	1	7	14	25
Cell2259	1	14	3	26
Cell2260	1	15	11	2
Cell2261	1	19	26	7
Cell2262	1	1	10	10
Cell2263	1	10	27	28
Cell2264	1	14	3	26
Cell2265	1	19	26	7
Cell2266	1	20	31	13
Cell2267	1	3	4	1
Cell2268	1	7	14	25
Cell2269	1	1	24	10
Cell2270	1	4	8	27
Cell2271	1	4	8	32
Cell2272	1	24	18	14
Cell2273	1	14	3	26
Cell2274	1	1	24	10
Cell2276	1	13	16	9
Cell2277	1	22	14	17
Cell2278	1	7	14	25
Cell2280	1	1	24	10
Cell2281	1	7	14	25
Cell2282	1	22	14	17
Cell2283	1	18	6	18
Cell2284	1	15	11	24
Cell2285	1	5	7	23
Cell2287	1	2	5	16
Cell2288	1	23	7	24
Cell2289	1	6	22	3
Cell2290	1	25	23	6
Cell2291	1	8	29	21
Cell2292	1	25	23	6
Cell2293	1	1	10	31
Cell2294	1	5	7	23
Cell2295	1	1	24	15
Cell2296	1	18	6	18
Cell2297	1	5	7	24
Cell2298	1	13	16	9
Cell2299	1	5	7	23
Cell2300	1	4	8	32
Cell2301	1	14	3	26
Cell2302	1	6	22	3
Cell2303	1	12	25	12
Cell2304	1	25	23	6
Cell2305	1	21	30	5
Cell2306	1	22	14	17
Cell2307	1	23	7	19
Cell2308	1	12	25	12
Cell2309	1	22	10	24
Cell2310	1	9	12	30
Cell2311	1	4	8	32
Cell2312	1	1	24	10
Cell2313	1	20	31	13
Cell2314	1	24	18	24
Cell2315	1	23	7	19
Cell2316	1	12	25	24
Cell2317	1	5	7	23
Cell2318	1	17	15	4
Cell2319	1	11	17	22
Cell2320	1	7	14	25
Cell2321	1	10	27	28
Cell2322	1	2	5	29
Cell2323	1	15	11	2
Cell2324	1	4	9	27
Cell2325	1	11	17	22
Cell2326	1	25	23	16
Cell2327	1	8	29	21
Cell2328	1	2	5	29
Cell2329	1	22	14	17
Cell2330	1	3	4	1
Cell2331	1	4	9	27
Cell2332	1	8	29	21
Cell2333	1	4	8	32
Cell2334	1	11	17	22
Cell2335	1	13	16	9
Cell2336	1	11	1	24
Cell2337	1	4	9	27
Cell2339	1	4	8	32
Cell2340	1	22	14	17
Cell2341	1	2	5	29
Cell2342	1	2	21	11
Cell2344	1	5	7	23
Cell2346	1	7	14	25
Cell2347	1	10	27	28
Cell2348	1	3	4	20
Cell2349	1	6	22	2
Cell2350	1	1	24	10
Cell2352	1	4	8	32
Cell2353	1	1	24	15
Cell2354	1	21	30	5
Cell2355	1	18	13	18
Cell2356	1	5	7	23
Cell2357	1	19	26	7
Cell2358	1	20	31	13
Cell2359	1	5	7	23
Cell2360	1	7	14	25
Cell2361	1	11	17	22
Cell2362	1	15	11	2
Cell2363	1	24	18	14
Cell2364	1	13	16	9
Cell2365	1	11	1	22
Cell2366	1	21	32	5
Cell2367	1	21	32	5
Cell2368	1	13	16	9
Cell2370	1	4	9	27
Cell2371	1	13	16	9
Cell2372	1	25	23	6
Cell2373	1	6	22	3
Cell2375	1	12	25	12
Cell2376	1	19	26	7
Cell2377	1	19	26	7
Cell2378	1	12	25	12
Cell2379	1	5	7	23
Cell2380	1	1	10	31
Cell2381	1	7	14	25
Cell2382	1	11	1	22
Cell2383	1	16	19	8
Cell2384	1	17	15	4
Cell2385	1	2	21	11
Cell2386	1	8	29	21
Cell2387	1	3	4	20
Cell2388	1	9	12	30
Cell2389	1	15	11	2
Cell2390	1	3	7	15
Cell2391	1	7	14	25
Cell2392	1	8	29	21
Cell2393	1	4	8	32
Cell2394	1	2	2	16
Cell2395	1	11	1	22
Cell2396	1	20	31	13
Cell2397	1	8	29	21
Cell2398	1	2	21	11
Cell2399	1	22	14	17
Cell2400	1	9	12	30
Cell2401	1	6	22	3
Cell2402	1	23	7	19
Cell2403	1	25	23	6
Cell2404	1	14	3	26
Cell2405	1	2	5	2
Cell2406	1	7	14	25
Cell2407	1	14	3	26
Cell2408	1	10	27	28
Cell2409	1	2	5	29
Cell2410	1	6	22	3
Cell2411	1	20	31	13
Cell2412	1	3	4	20
Cell2413	1	2	21	11
Cell2415	1	18	6	18
Cell2416	1	25	23	6
Cell2417	1	2	5	29
Cell2418	1	23	7	19
Cell2419	1	4	8	32
Cell2421	1	5	7	23
Cell2422	1	20	31	13
Cell2424	1	13	16	9
Cell2425	1	9	12	30
Cell2427	1	11	17	22
Cell2428	1	13	16	9
Cell2429	1	4	8	32
Cell2430	1	24	18	16
Cell2431	1	22	14	17
Cell2432	1	20	31	13
Cell2433	1	25	23	6
Cell2434	1	12	25	12
Cell2435	1	17	15	4
Cell2436	1	23	7	19
Cell2437	1	15	11	10
Cell2438	1	2	5	29
Cell2439	1	7	14	25
Cell2440	1	16	19	8
Cell2441	1	12	25	12
Cell2442	1	6	22	3
Cell2443	1	4	9	32
Cell2444	1	16	19	8
Cell2445	1	7	14	25
Cell2446	1	1	24	31
Cell2447	1	14	3	26
Cell2448	1	2	5	27
Cell2449	1	25	23	6
Cell2450	1	6	22	3
Cell2451	1	16	19	8
Cell2452	1	8	29	21
Cell2453	1	1	24	10
Cell2454	1	16	19	8
Cell2456	1	21	30	5
Cell2457	1	21	32	11
Cell2458	1	11	1	22
Cell2459	1	7	14	25
Cell2460	1	4	8	32
Cell2461	1	11	1	22
Cell2462	1	17	15	4
Cell2463	1	11	17	22
Cell2464	1	16	19	8
Cell2465	1	21	30	5
Cell2466	1	25	23	6
Cell2467	1	9	12	30
Cell2469	1	22	14	17
Cell2470	1	1	24	31
Cell2471	1	3	4	1
Cell2472	1	4	8	32
Cell2473	1	13	16	9
Cell2474	1	2	5	29
Cell2475	1	24	18	14
Cell2476	1	1	24	10
Cell2477	1	19	26	7
Cell2479	1	18	6	18
Cell2480	1	4	9	32
Cell2481	1	1	24	15
Cell2482	1	7	14	25
Cell2483	1	21	32	5
Cell2484	1	3	4	20
Cell2485	1	4	8	32
Cell2486	1	9	12	30
Cell2487	1	16	19	8
Cell2488	1	23	7	19
Cell2489	1	9	12	30
Cell2490	1	7	14	25
Cell2491	1	16	19	8
Cell2492	1	4	8	32
Cell2493	1	10	27	28
Cell2494	1	8	29	21
Cell2495	1	1	10	31
Cell2496	1	6	22	3
Cell2497	1	1	10	31
Cell2498	1	1	24	10
Cell2499	1	11	17	22
Cell2500	1	2	21	11
Cell2502	1	22	14	17
Cell2503	1	18	13	18
Cell2504	1	19	26	7
Cell2505	1	20	31	13
Cell2506	1	24	18	14
Cell2507	1	4	8	32
Cell2508	1	20	31	13
Cell2509	1	17	15	4
Cell2510	1	1	2	10
Cell2511	1	22	14	17
Cell2512	1	17	15	4
Cell2513	1	9	12	30
Cell2514	1	2	2	16
Cell2515	1	2	2	16
Cell2516	1	3	4	1
Cell2517	1	4	8	32
Cell2518	1	18	13	18
Cell2519	1	9	12	30
Cell2520	1	22	14	17
Cell2521	1	6	22	3
Cell2522	1	20	31	13
Cell2523	1	23	7	19
Cell2524	1	13	16	22
Cell2525	1	2	21	11
Cell2526	1	1	10	31
Cell2527	1	23	7	19
Cell2528	1	16	19	8
Cell2530	1	4	8	32
Cell2531	1	3	4	1
Cell2532	1	2	21	11
Cell2534	1	4	8	32
Cell2535	1	2	2	16
Cell2536	1	4	8	32
Cell2537	1	12	25	12
Cell2538	1	6	22	3
Cell2539	1	3	4	20
Cell2540	1	11	1	22
Cell2541	1	8	29	21
Cell2542	1	3	4	20
Cell2543	1	13	16	15
Cell2544	1	18	13	29
Cell2545	1	10	27	28
Cell2546	1	6	22	3
Cell2547	1	2	2	16
Cell2548	1	17	15	4
Cell2549	1	1	24	10
Cell2550	1	5	7	24
Cell2551	1	23	7	19
Cell2553	1	14	3	26
Cell2554	1	1	24	15
Cell2555	1	17	15	4
Cell2556	1	2	21	11
Cell2557	1	16	19	8
Cell2559	1	16	19	8
Cell2560	1	17	15	4
Cell2561	1	23	7	19
Cell2562	1	6	22	24
Cell2563	1	3	23	1
Cell2564	1	15	11	2
Cell2565	1	20	31	13
Cell2566	1	1	24	15
Cell2569	1	19	26	7
Cell2570	1	10	27	28
Cell2571	1	11	17	22
Cell2572	1	3	4	20
Cell2573	1	10	27	28
Cell2574	1	9	12	30
Cell2575	1	9	12	30
Cell2576	1	18	6	18
Cell2577	1	9	12	30
Cell2578	1	23	7	19
Cell2579	1	2	5	29
Cell2580	1	14	3	26
Cell2581	1	6	22	2
Cell2582	1	4	8	32
Cell2583	1	18	13	18
Cell2584	1	23	7	19
Cell2585	1	1	24	10
Cell2586	1	6	22	3
Cell2587	1	3	4	20
Cell2588	1	4	9	27
Cell2589	1	4	9	27
Cell2590	1	11	17	22
Cell2591	1	15	11	2
Cell2592	1	23	7	19
Cell2593	1	25	23	6
Cell2594	1	15	11	2
Cell2595	1	14	3	26
Cell2596	1	11	17	22
Cell2598	1	5	7	23
Cell2599	1	21	30	5
Cell2601	1	7	14	25
Cell2602	1	7	14	25
Cell2603	1	4	9	27
Cell2604	1	12	25	12
Cell2605	1	22	14	17
Cell2606	1	15	11	2
Cell2607	1	4	9	27
Cell2608	1	1	24	31
Cell2609	1	23	7	19
Cell2610	1	4	9	16
Cell2611	1	7	14	25
Cell2613	1	10	27	28
Cell2614	1	4	8	32
Cell2616	1	25	23	1
Cell2617	1	2	9	24
Cell2618	1	1	24	10
Cell2619	1	18	28	18
Cell2620	1	9	12	30
Cell2621	1	21	32	5
Cell2622	1	11	17	22
Cell2623	1	9	12	30
Cell2625	1	7	14	25
Cell2626	1	11	1	22
Cell2627	1	6	22	3
Cell2628	1	1	10	15
Cell2629	1	12	25	12
Cell2630	1	10	27	28
Cell2631	1	9	12	30
Cell2632	1	19	26	7
Cell2633	1	5	7	23
Cell2634	1	21	30	5
Cell2635	1	1	10	31
Cell2636	1	2	20	11
Cell2637	1	9	12	30
Cell2638	1	12	25	12
Cell2639	1	10	27	28
Cell2640	1	22	14	17
Cell2641	1	13	16	9
Cell2642	1	5	7	23
Cell2643	1	22	14	17
Cell2644	1	8	29	15
Cell2645	1	12	25	12
Cell2646	1	10	27	28
Cell2647	1	1	24	31
Cell2649	1	9	12	31
Cell2650	1	13	16	9
Cell2651	1	22	10	17
Cell2652	1	6	22	3
Cell2653	1	10	27	28
Cell2654	1	10	27	28
Cell2656	1	1	24	10
Cell2657	1	7	14	25
Cell2658	1	5	7	24
Cell2659	1	11	17	22
Cell2661	1	5	7	23
Cell2662	1	11	1	22
Cell2663	1	2	21	11
Cell2664	1	10	27	28
Cell2665	1	6	22	3
Cell2666	1	4	8	32
Cell2667	1	6	22	3
Cell2668	1	12	25	12
Cell2669	1	13	16	9
Cell2670	1	22	14	17
Cell2671	1	16	19	8
Cell2672	1	1	24	10
Cell2673	1	15	11	2
Cell2674	1	4	8	32
Cell2675	1	9	12	5
Cell2676	1	8	29	21
Cell2677	1	23	7	19
Cell2678	1	6	22	3
Cell2680	1	1	24	10
Cell2681	1	10	27	28
Cell2682	1	3	4	1
Cell2683	1	13	16	9
Cell2684	1	8	29	21
Cell2685	1	11	17	22
Cell2687	1	16	19	8
Cell2688	1	5	7	23
Cell2689	1	10	27	28
Cell2690	1	15	11	2
Cell2691	1	9	12	24
Cell2692	1	1	24	10
Cell2693	1	1	24	10
Cell2694	1	8	29	21
Cell2695	1	19	26	7
Cell2696	1	24	18	14
Cell2697	1	1	10	15
Cell2698	1	1	24	10
Cell2699	1	3	4	20
Cell2700	1	17	15	4
Cell2701	1	11	17	22
Cell2702	1	11	17	22
Cell2703	1	3	4	20
Cell2704	1	18	28	18
Cell2705	1	23	7	19
Cell2706	1	8	29	21
Cell2707	1	5	7	23
Cell2708	1	24	18	14
Cell2709	1	3	4	20
Cell2710	1	23	7	19
Cell2712	1	6	22	3
Cell2713	1	14	3	26
Cell2714	1	4	8	32
Cell2715	1	6	22	3
Cell2716	1	21	30	5
Cell2717	1	10	27	28
Cell2718	1	18	13	18
Cell2719	1	4	8	27
Cell2720	1	18	13	18
Cell2721	1	25	23	29
Cell2722	1	2	2	16
Cell2723	1	7	14	25
Cell2724	1	6	22	3
Cell2725	1	4	8	32
Cell2726	1	1	10	31
Cell2727	1	5	7	24
Cell2728	1	24	18	14
Cell2729	1	4	8	32
Cell2730	1	6	22	3
Cell2731	1	18	28	11
Cell2732	1	25	23	6
Cell2733	1	4	9	27
Cell2735	1	1	24	10
Cell2736	1	21	30	5
Cell2737	1	7	14	25
Cell2738	1	3	4	20
Cell2739	1	6	22	3
Cell2740	1	10	27	28
Cell2741	1	6	22	2
Cell2742	1	5	7	23
Cell2743	1	17	15	4
Cell2744	1	20	31	2
Cell2746	1	25	23	6
Cell2747	1	9	12	30
Cell2748	1	1	10	31
Cell2749	1	1	24	16
Cell2750	1	19	26	7
Cell2751	1	23	7	19
Cell2752	1	25	23	29
Cell2753	1	20	31	13
Cell2754	1	7	14	25
Cell2755	1	18	13	18
Cell2756	1	9	12	30
Cell2757	1	3	4	1
Cell2758	1	8	29	21
Cell2759	1	1	10	31
Cell2760	1	21	32	5
Cell2761	1	15	11	2
Cell2762	1	16	19	8
Cell2763	1	3	4	1
Cell2764	1	5	7	23
Cell2766	1	7	14	25
Cell2767	1	3	4	20
Cell2768	1	4	9	27
Cell2769	1	12	25	12
Cell2770	1	22	14	17
Cell2771	1	9	12	30
Cell2772	1	24	18	14
Cell2773	1	1	10	15
Cell2774	1	2	5	29
Cell2775	1	3	4	24
Cell2776	1	1	10	31
Cell2777	1	25	23	6
Cell2778	1	14	3	26
Cell2779	1	15	11	2
Cell2780	1	21	32	5
Cell2781	1	22	14	17
Cell2782	1	17	15	4
Cell2783	1	1	10	31
Cell2785	1	2	5	29
Cell2786	1	21	30	5
Cell2787	1	4	8	32
Cell2788	1	3	4	20
Cell2789	1	9	12	20
Cell2790	1	20	31	13
Cell2791	1	7	14	25
Cell2792	1	18	28	18
Cell2794	1	19	26	7
Cell2795	1	1	24	10
Cell2797	1	8	29	21
Cell2799	1	22	14	17
Cell2800	1	20	31	13
Cell2801	1	8	29	21
Cell2802	1	3	4	20
Cell2803	1	2	5	11
Cell2804	1	3	4	20
Cell2805	1	12	25	12
Cell2806	1	22	14	17
Cell2807	1	7	14	25
Cell2808	1	4	8	32
Cell2809	1	5	23	10
Cell2810	1	21	30	5
Cell2811	1	7	14	25
Cell2812	1	2	5	29
Cell2813	1	22	14	17
Cell2814	1	21	30	5
Cell2815	1	23	7	19
Cell2816	1	2	5	29
Cell2817	1	25	23	6
Cell2818	1	5	7	23
Cell2819	1	20	31	13
Cell2820	1	16	19	8
Cell2821	1	18	6	18
Cell2822	1	22	14	17
Cell2823	1	25	23	6
Cell2824	1	5	7	23
Cell2825	1	2	21	11
Cell2826	1	15	11	2
Cell2827	1	3	4	1
Cell2828	1	1	10	31
Cell2829	1	18	28	18
Cell2830	1	18	13	18
Cell2831	1	3	4	1
Cell2832	1	22	14	17
Cell2833	1	5	7	23
Cell2834	1	1	10	31
Cell2835	1	5	7	24
Cell2836	1	9	12	30
Cell2837	1	13	16	9
Cell2838	1	10	27	28
Cell2839	1	1	10	31
Cell2840	1	23	7	19
Cell2841	1	1	10	31
Cell2842	1	2	5	29
Cell2843	1	10	27	28
Cell2844	1	3	4	1
Cell2845	1	2	2	16
Cell2846	1	3	4	1
Cell2847	1	11	1	22
Cell2848	1	22	10	10
Cell2849	1	22	14	17
Cell2850	1	8	29	21
Cell2851	1	1	10	31
Cell2853	1	5	7	23
Cell2854	1	3	4	15
Cell2855	1	17	15	24
Cell2856	1	4	9	27
Cell2857	1	18	6	18
Cell2858	1	3	4	1
Cell2859	1	3	4	1
Cell2860	1	19	26	7
Cell2861	1	5	7	24
Cell2862	1	13	16	9
Cell2863	1	18	13	18
Cell2864	1	7	14	25
Cell2865	1	21	30	15
Cell2866	1	12	25	12
Cell2867	1	18	13	18
Cell2868	1	8	29	15
Cell2869	1	2	21	29
Cell2870	1	11	17	22
Cell2871	1	13	16	9
Cell2872	1	17	15	4
Cell2873	1	23	7	19
Cell2874	1	4	9	16
Cell2875	1	5	7	23
Cell2876	1	25	23	10
Cell2877	1	2	20	11
Cell2878	1	22	14	15
Cell2879	1	7	14	25
Cell2880	1	25	23	6
Cell2881	1	21	32	5
Cell2882	1	5	18	23
Cell2883	1	5	7	23
Cell2884	1	3	4	1
Cell2885	1	18	28	18
Cell2886	1	24	18	14
Cell2887	1	5	11	29
Cell2888	1	22	14	17
Cell2889	1	22	14	17
Cell2891	1	11	1	22
Cell2892	1	10	27	28
Cell2893	1	25	23	6
Cell2894	1	8	29	21
Cell2895	1	22	14	17
Cell2896	1	7	14	25
Cell2897	1	4	8	32
Cell2898	1	3	4	20
Cell2899	1	15	11	2
Cell2900	1	13	16	9
Cell2901	1	2	5	29
Cell2902	1	22	14	17
Cell2903	1	3	4	1
Cell2904	1	15	11	24
Cell2905	1	17	15	4
Cell2906	1	23	7	19
Cell2907	1	4	9	27
Cell2908	1	22	14	17
Cell2909	1	3	4	1
Cell2910	1	5	23	24
Cell2911	1	18	6	18
Cell2912	1	21	32	5
Cell2913	1	10	27	28
Cell2914	1	22	14	17
Cell2915	1	2	5	29
Cell2916	1	6	22	3
Cell2917	1	1	24	10
Cell2919	1	3	4	1
Cell2920	1	13	16	9
Cell2921	1	21	30	5
Cell2922	1	2	20	11
Cell2923	1	3	4	1
Cell2924	1	25	23	6
Cell2925	1	19	26	7
Cell2926	1	1	10	15
Cell2927	1	15	11	20
Cell2928	1	11	17	24
Cell2929	1	5	7	23
Cell2930	1	16	19	8
Cell2931	1	12	25	12
Cell2932	1	10	27	28
Cell2933	1	24	18	14
Cell2934	1	3	4	1
Cell2936	1	14	3	26
Cell2937	1	10	27	28
Cell2938	1	13	16	9
Cell2939	1	8	29	21
Cell2940	1	25	23	6
Cell2941	1	11	17	22
Cell2942	1	8	29	21
Cell2943	1	1	24	24
Cell2944	1	10	27	28
Cell2945	1	24	18	14
Cell2946	1	12	25	12
Cell2947	1	4	8	32
Cell2949	1	2	5	29
Cell2950	1	23	7	19
Cell2951	1	17	15	4
Cell2952	1	6	22	3
Cell2953	1	18	28	18
Cell2954	1	8	29	11
Cell2955	1	8	29	21
Cell2956	1	11	1	22
Cell2957	1	21	32	11
Cell2958	1	13	16	9
Cell2959	1	2	21	16
Cell2960	1	15	11	2
Cell2961	1	8	29	21
Cell2962	1	11	1	22
Cell2963	1	8	29	21
Cell2964	1	2	21	11
Cell2965	1	1	24	10
Cell2966	1	9	12	24
Cell2967	1	14	3	26
Cell2968	1	3	4	20
Cell2969	1	7	14	25
Cell2970	1	20	31	13
Cell2971	1	1	24	31
Cell2972	1	16	19	8
Cell2973	1	21	32	5
Cell2974	1	2	5	29
Cell2975	1	20	4	20
Cell2976	1	4	8	32
Cell2977	1	12	25	12
Cell2978	1	17	15	4
Cell2979	1	22	14	17
Cell2980	1	11	17	22
Cell2981	1	9	12	30
Cell2982	1	9	12	30
Cell2983	1	11	17	22
Cell2984	1	16	19	8
Cell2985	1	13	16	9
Cell2986	1	24	18	14
Cell2987	1	2	20	15
Cell2988	1	2	5	29
Cell2989	1	7	14	25
Cell2990	1	10	27	28
Cell2991	1	14	3	26
Cell2992	1	11	17	22
Cell2993	1	13	16	9
Cell2994	1	21	30	5
Cell2995	1	17	15	4
Cell2996	1	25	23	6
Cell2997	1	20	31	13
Cell2998	1	23	7	19
Cell2999	1	12	25	12
Cell3000	1	3	4	20
Cell3001	1	3	4	20
Cell3002	1	13	16	9
Cell3003	1	16	19	31
Cell3004	1	6	22	3
Cell3005	1	25	23	6
Cell3006	1	2	2	24
Cell3007	1	1	10	31
Cell3008	1	5	7	23
Cell3009	1	14	3	26
Cell3010	1	21	32	5
Cell3011	1	22	14	17
Cell3012	1	22	14	17
Cell3013	1	6	22	24
Cell3014	1	12	25	12
Cell3015	1	1	10	15
Cell3016	1	18	28	18
Cell3017	1	1	19	15
Cell3018	1	2	5	29
Cell3019	1	13	16	9
Cell3020	1	3	4	1
Cell3021	1	11	17	22
Cell3022	1	14	3	26
Cell3024	1	10	27	28
Cell3025	1	18	13	18
Cell3026	1	5	7	23
Cell3027	1	15	11	2
Cell3028	1	6	5	3
Cell3029	1	6	22	3
Cell3030	1	20	31	13
Cell3031	1	7	14	25
Cell3032	1	4	8	32
Cell3033	1	5	7	23
Cell3034	1	25	23	6
Cell3035	1	1	24	10
Cell3036	1	3	4	20
Cell3037	1	25	23	6
Cell3038	1	5	7	23
Cell3039	1	25	23	6
Cell3040	1	14	3	26
Cell3041	1	12	25	12
Cell3042	1	17	15	24
Cell3043	1	2	5	29
Cell3044	1	11	17	22
Cell3045	1	17	15	4
Cell3046	1	12	25	12
Cell3047	1	1	10	15
Cell3048	1	20	31	2
Cell3049	1	16	19	31
Cell3050	1	4	8	27
Cell3051	1	12	25	12
Cell3053	1	16	19	8
Cell3055	1	24	18	14
Cell3056	1	2	5	29
Cell3057	1	16	19	8
Cell3058	1	3	4	1
Cell3059	1	7	14	16
Cell3060	1	16	19	8
Cell3061	1	3	4	20
Cell3062	1	4	8	32
Cell3063	1	8	29	21
Cell3064	1	16	19	8
Cell3065	1	18	28	11
Cell3066	1	23	7	19
Cell3067	1	21	30	5
Cell3068	1	14	3	26
Cell3069	1	11	17	22
Cell3070	1	10	27	28
Cell3071	1	4	8	32
Cell3072	1	13	16	9
Cell3073	1	10	27	28
Cell3074	1	21	30	5
Cell3075	1	8	29	21
Cell3076	1	14	3	26
Cell3077	1	20	4	20
Cell3078	1	18	13	18
Cell3079	1	18	28	18
Cell3080	1	7	14	25
Cell3081	1	17	15	4
Cell3082	1	22	14	17
Cell3083	1	2	21	11
Cell3084	1	9	12	30
Cell3085	1	9	12	30
Cell3086	1	16	19	8
Cell3087	1	2	21	11
Cell3088	1	2	21	11
Cell3089	1	20	31	13
Cell3090	1	1	10	15
Cell3091	1	22	10	17
Cell3092	1	7	14	27
Cell3093	1	14	3	24
Cell3094	1	7	14	25
Cell3095	1	1	24	10
Cell3096	1	16	19	8
Cell3097	1	23	7	24
Cell3098	1	9	12	30
Cell3099	1	7	14	25
Cell3101	1	7	14	25
Cell3103	1	5	7	23
Cell3104	1	2	5	29
Cell3105	1	11	17	22
Cell3106	1	15	11	2
Cell3107	1	13	16	9
Cell3108	1	1	10	31
Cell3109	1	23	7	19
Cell3110	1	22	14	17
Cell3111	1	13	16	9
Cell3112	1	3	4	1
Cell3113	1	1	10	31
Cell3114	1	16	19	8
Cell3115	1	1	24	31
Cell3116	1	23	7	19
Cell3117	1	9	12	30
Cell3118	1	2	21	15
Cell3119	1	21	30	5
Cell3120	1	3	4	20
Cell3121	1	3	7	20
Cell3122	1	21	30	5
Cell3123	1	4	8	27
Cell3124	1	16	19	8
Cell3126	1	25	23	6
Cell3127	1	5	7	23
Cell3128	1	1	24	10
Cell3129	1	20	31	13
Cell3130	1	18	6	18
Cell3131	1	20	31	13
Cell3132	1	17	15	4
Cell3133	1	24	18	14
Cell3134	1	10	27	28
Cell3135	1	18	28	18
Cell3136	1	23	7	24
Cell3138	1	21	30	5
Cell3139	1	7	14	25
Cell3140	1	10	27	28
Cell3141	1	18	6	27
Cell3142	1	1	10	31
Cell3143	1	19	26	7
Cell3144	1	18	28	18
Cell3145	1	2	21	11
Cell3147	1	15	11	2
Cell3148	1	14	3	26
Cell3149	1	4	8	32
Cell3150	1	2	5	29
Cell3151	1	1	24	10
Cell3152	1	13	16	9
Cell3153	1	10	27	28
Cell3154	1	21	30	5
Cell3155	1	1	24	10
Cell3156	1	8	29	21
Cell3157	1	10	27	28
Cell3158	1	21	32	5
Cell3159	1	14	3	26
Cell3160	1	10	27	28
Cell3161	1	1	24	10
Cell3162	1	14	3	26
Cell3163	1	1	24	10
Cell3164	1	23	7	19
Cell3165	1	2	2	16
Cell3166	1	7	14	25
Cell3167	1	15	11	2
Cell3168	1	15	11	20
Cell3169	1	13	16	9
Cell3170	1	4	1	27
Cell3171	1	5	7	23
Cell3172	1	22	14	17
Cell3173	1	24	18	24
Cell3174	1	6	22	3
Cell3175	1	3	4	1
Cell3176	1	8	29	21
Cell3177	1	17	15	4
Cell3179	1	18	13	18
Cell3180	1	5	7	23
Cell3181	1	5	7	23
Cell3182	1	3	4	20
Cell3183	1	17	15	4
Cell3184	1	2	21	11
Cell3185	1	24	18	14
Cell3186	1	25	23	6
Cell3187	1	2	5	24
Cell3188	1	2	5	29
Cell3189	1	12	25	12
Cell3190	1	9	12	30
Cell3191	1	3	4	20
Cell3192	1	21	32	5
Cell3193	1	3	4	10
Cell3194	1	14	3	26
Cell3195	1	18	28	18
Cell3196	1	23	7	19
Cell3197	1	2	5	29
Cell3198	1	14	3	26
Cell3199	1	1	10	31
Cell3201	1	14	3	26
Cell3202	1	25	23	6
Cell3203	1	9	12	30
Cell3204	1	3	4	1
Cell3205	1	1	10	15
Cell3206	1	22	10	17
Cell3207	1	19	26	7
Cell3210	1	20	31	13
Cell3211	1	2	5	29
Cell3212	1	23	7	19
Cell3214	1	19	26	7
Cell3215	1	8	29	21
Cell3216	1	15	11	2
Cell3217	1	2	2	15
Cell3218	1	8	29	21
Cell3219	1	19	26	7
Cell3220	1	10	27	28
Cell3221	1	4	8	27
Cell3222	1	2	2	16
Cell3223	1	2	2	16
Cell3224	1	1	24	10
Cell3225	1	5	7	23
Cell3226	1	21	30	5
Cell3227	1	2	5	27
Cell3228	1	7	14	25
Cell3229	1	9	12	30
Cell3231	1	7	14	25
Cell3232	1	1	10	31
Cell3233	1	15	11	2
Cell3234	1	3	4	20
Cell3235	1	20	31	13
Cell3236	1	6	5	29
Cell3237	1	7	14	25
Cell3238	1	18	13	18
Cell3239	1	17	15	4
Cell3240	1	22	10	15
Cell3241	1	4	8	32
Cell3242	1	5	7	23
Cell3243	1	9	12	30
Cell3244	1	18	28	18
Cell3245	1	23	7	19
Cell3246	1	20	31	13
Cell3247	1	4	9	27
Cell3248	1	1	10	31
Cell3249	1	18	28	18
Cell3250	1	15	11	2
Cell3251	1	18	6	18
Cell3252	1	12	25	12
Cell3253	1	4	8	27
Cell3254	1	16	19	8
Cell3255	1	7	14	25
Cell3256	1	14	3	26
Cell3257	1	3	4	1
Cell3258	1	3	4	15
Cell3259	1	3	4	1
Cell3260	1	6	22	3
Cell3261	1	23	7	19
Cell3262	1	13	16	9
Cell3263	1	19	26	7
Cell3264	1	14	3	26
Cell3266	1	15	11	2
Cell3267	1	3	4	1
Cell3268	1	19	26	7
Cell3269	1	21	32	5
Cell3270	1	7	14	25
Cell3271	1	21	32	5
Cell3272	1	12	25	12
Cell3273	1	23	7	19
Cell3274	1	5	7	23
Cell3275	1	23	7	15
Cell3276	1	5	7	24
Cell3277	1	5	7	23
Cell3278	1	24	18	14
Cell3279	1	21	30	5
Cell3280	1	18	28	18
Cell3281	1	5	7	23
Cell3282	1	1	24	15
Cell3283	1	5	7	15
Cell3284	1	15	11	2
Cell3285	1	15	11	2
Cell3286	1	11	1	22
Cell3287	1	4	8	27
Cell3288	1	2	2	16
Cell3289	1	6	22	29
Cell3290	1	3	4	20
Cell3291	1	6	22	3
Cell3292	1	4	8	32
Cell3293	1	4	8	32
Cell3294	1	5	7	23
Cell3295	1	13	16	9
Cell3296	1	4	9	27
Cell3297	1	3	4	20
Cell3298	1	5	7	24
Cell3299	1	13	16	9
Cell3300	1	3	4	1
Cell3301	1	1	10	31
Cell3302	1	5	7	23
Cell3303	1	4	8	32
Cell3304	1	1	24	15
Cell3306	1	19	26	7
Cell3307	1	22	14	17
Cell3308	1	24	18	27
Cell3309	1	16	19	8
Cell3310	1	4	8	32
Cell3311	1	2	2	16
Cell3312	1	16	19	8
Cell3313	1	24	18	14
Cell3314	1	15	11	10
Cell3315	1	3	4	20
Cell3316	1	16	19	8
Cell3317	1	7	14	25
Cell3319	1	1	24	16
Cell3320	1	7	14	25
Cell3321	1	15	11	2
Cell3322	1	17	15	4
Cell3323	1	4	9	27
Cell3324	1	1	24	10
Cell3325	1	5	7	23
Cell3326	1	4	9	27
Cell3327	1	1	24	10
Cell3328	1	5	7	19
Cell3329	1	4	8	32
Cell3330	1	1	24	10
Cell3331	1	23	7	19
Cell3332	1	6	22	3
Cell3333	1	21	32	5
Cell3334	1	14	3	26
Cell3335	1	7	14	25
Cell3337	1	21	30	5
Cell3338	1	24	18	14
Cell3339	1	25	23	6
Cell3340	1	5	7	23
Cell3341	1	4	8	32
Cell3342	1	2	21	16
Cell3343	1	5	7	23
Cell3344	1	17	15	4
Cell3345	1	7	14	25
Cell3346	1	1	10	15
Cell3347	1	22	14	17
Cell3348	1	11	1	22
Cell3349	1	2	5	29
Cell3351	1	22	10	31
Cell3352	1	20	31	13
Cell3353	1	15	11	29
Cell3354	1	6	22	3
Cell3355	1	21	30	5
Cell3356	1	17	15	4
Cell3357	1	9	12	24
Cell3358	1	11	1	22
Cell3359	1	25	23	6
Cell3360	1	18	6	18
Cell3361	1	19	26	7
Cell3362	1	7	14	25
Cell3363	1	13	16	9
Cell3364	1	10	27	28
Cell3365	1	19	26	7
Cell3366	1	17	15	4
Cell3367	1	21	30	5
Cell3368	1	6	22	3
Cell3369	1	3	4	1
Cell3370	1	4	9	27
Cell3371	1	25	23	6
Cell3372	1	23	7	19
Cell3373	1	8	29	21
Cell3374	1	2	21	11
Cell3375	1	25	23	6
Cell3376	1	24	18	14
Cell3377	1	20	31	13
Cell3378	1	9	12	30
Cell3379	1	1	24	15
Cell3381	1	3	7	20
Cell3382	1	6	22	3
Cell3383	1	1	2	10
Cell3384	1	2	5	29
Cell3385	1	13	16	9
Cell3386	1	21	30	5
Cell3387	1	21	30	5
Cell3388	1	24	18	24
Cell3389	1	1	24	10
Cell3390	1	4	8	27
Cell3391	1	1	10	20
Cell3392	1	1	10	31
Cell3393	1	23	7	19
Cell3394	1	25	23	6
Cell3395	1	20	31	13
Cell3396	1	5	7	23
Cell3397	1	1	24	10
Cell3398	1	18	6	18
Cell3399	1	1	24	10
Cell3400	1	4	8	32
Cell3401	1	4	8	32
Cell3402	1	15	11	6
Cell3403	1	6	22	3
Cell3404	1	4	9	16
Cell3405	1	3	4	13
Cell3406	1	25	23	6
Cell3408	1	9	12	30
Cell3409	1	1	10	11
Cell3410	1	10	27	28
Cell3412	1	10	27	28
Cell3413	1	13	16	29
Cell3414	1	3	4	1
Cell3415	1	21	30	5
Cell3416	1	6	22	3
Cell3417	1	3	4	1
Cell3418	1	10	27	28
Cell3419	1	18	13	18
Cell3420	1	22	14	17
Cell3421	1	1	24	29
Cell3422	1	7	14	25
Cell3423	1	6	22	3
Cell3424	1	7	14	25
Cell3425	1	7	14	25
Cell3426	1	6	22	3
Cell3427	1	3	4	1
Cell3428	1	19	26	7
Cell3429	1	1	24	6
Cell3430	1	18	6	18
Cell3431	1	2	21	11
Cell3432	1	25	23	6
Cell3433	1	1	10	31
Cell3434	1	23	7	19
Cell3435	1	12	25	12
Cell3436	1	21	32	5
Cell3437	1	9	12	30
Cell3438	1	16	19	8
Cell3439	1	2	5	29
Cell3440	1	6	22	29
Cell3441	1	6	22	3
Cell3442	1	15	22	29
Cell3443	1	4	8	32
Cell3444	1	12	25	12
Cell3445	1	3	4	1
Cell3446	1	3	4	20
Cell3447	1	3	4	1
Cell3448	1	15	11	29
Cell3449	1	5	7	24
Cell3450	1	16	19	8
Cell3451	1	5	7	23
Cell3452	1	11	1	27
Cell3453	1	18	6	18
Cell3454	1	6	22	3
Cell3455	1	20	31	13
Cell3457	1	25	23	6
Cell3458	1	20	31	13
Cell3459	1	24	18	24
Cell3460	1	7	14	25
Cell3461	1	19	26	7
Cell3462	1	1	10	31
Cell3463	1	14	3	26
Cell3464	1	7	14	25
Cell3465	1	11	1	22
Cell3466	1	4	8	32
Cell3467	1	24	18	14
Cell3468	1	5	7	23
Cell3469	1	16	19	8
Cell3471	1	20	31	13
Cell3472	1	6	22	3
Cell3473	1	7	14	25
Cell3474	1	16	19	8
Cell3475	1	24	18	14
Cell3476	1	17	15	4
Cell3477	1	13	16	9
Cell3478	1	16	19	8
Cell3479	1	7	14	25
Cell3482	1	8	29	21
Cell3483	1	19	26	7
Cell3484	1	19	26	7
Cell3485	1	19	26	7
Cell3486	1	16	19	8
Cell3487	1	8	29	21
Cell3488	1	2	2	16
Cell3489	1	1	10	31
Cell3490	1	3	4	20
Cell3491	1	4	8	32
Cell3492	1	13	16	9
Cell3493	1	8	29	21
Cell3494	1	17	15	4
Cell3495	1	22	14	17
Cell3496	1	17	15	4
Cell3497	1	1	24	16
Cell3498	1	24	18	14
Cell3499	1	21	32	11
Cell3500	1	19	26	7
Cell3501	1	22	14	17
Cell3502	1	11	1	24
Cell3503	1	22	10	17
Cell3504	1	16	19	8
Cell3505	1	25	23	29
Cell3506	1	2	2	16
Cell3507	1	14	3	26
Cell3508	1	22	14	17
Cell3509	1	3	4	1
Cell3510	1	4	8	32
Cell3511	1	7	14	15
Cell3512	1	6	5	29
Cell3513	1	3	4	1
Cell3514	1	9	12	30
Cell3515	1	9	12	30
Cell3517	1	2	5	29
Cell3518	1	19	26	7
Cell3519	1	22	14	17
Cell3520	1	24	18	14
Cell3521	1	6	22	3
Cell3522	1	8	29	21
Cell3523	1	10	27	28
Cell3524	1	6	22	3
Cell3525	1	3	4	24
Cell3526	1	15	11	6
Cell3527	1	12	25	12
Cell3528	1	20	31	13
Cell3529	1	2	9	24
Cell3530	1	6	22	3
Cell3531	1	18	6	18
Cell3532	1	5	7	23
Cell3533	1	14	3	26
Cell3534	1	7	14	25
Cell3535	1	2	21	11
Cell3537	1	12	25	12
Cell3538	1	2	5	29
Cell3539	1	10	27	15
Cell3540	1	23	7	15
Cell3541	1	24	18	14
Cell3542	1	2	5	29
Cell3543	1	4	9	27
Cell3544	1	17	15	4
Cell3546	1	3	4	15
Cell3548	1	19	26	7
Cell3549	1	24	18	14
Cell3550	1	16	19	8
Cell3551	1	17	15	4
Cell3552	1	18	6	18
Cell3553	1	8	29	21
Cell3554	1	22	14	17
Cell3555	1	22	10	17
Cell3556	1	17	15	4
Cell3558	1	7	14	25
Cell3559	1	14	3	26
Cell3560	1	22	14	17
Cell3561	1	24	18	14
Cell3562	1	6	22	3
Cell3563	1	11	17	22
Cell3564	1	1	24	15
Cell3565	1	1	10	31
Cell3566	1	1	24	10
Cell3567	1	8	29	21
Cell3568	1	9	12	30
Cell3569	1	23	7	15
Cell3570	1	25	23	6
Cell3571	1	22	14	27
Cell3572	1	22	14	17
Cell3573	1	21	30	5
Cell3574	1	18	28	5
Cell3575	1	11	17	22
Cell3576	1	16	19	27
Cell3577	1	6	22	24
Cell3578	1	3	4	1
Cell3579	1	13	16	9
Cell3580	1	19	26	7
Cell3581	1	21	30	5
Cell3582	1	8	29	21
Cell3583	1	3	4	1
Cell3584	1	13	16	9
Cell3585	1	15	11	2
Cell3586	1	14	3	26
Cell3587	1	1	24	10
Cell3588	1	2	20	11
Cell3590	1	24	18	14
Cell3591	1	6	22	3
Cell3592	1	9	12	30
Cell3593	1	23	7	19
Cell3594	1	2	2	16
Cell3595	1	4	8	32
Cell3596	1	9	12	30
Cell3597	1	13	16	9
Cell3598	1	21	30	5
Cell3599	1	9	12	30
Cell3600	1	2	2	16
Cell3601	1	23	7	19
Cell3602	1	23	7	19
Cell3603	1	17	15	24
Cell3604	1	16	19	8
Cell3605	1	1	10	15
Cell3606	1	1	10	31
Cell3607	1	1	10	31
Cell3608	1	2	21	11
Cell3609	1	17	15	4
Cell3610	1	1	24	10
Cell3611	1	4	8	32
Cell3612	1	2	21	11
Cell3613	1	8	29	21
Cell3614	1	25	23	6
Cell3615	1	24	18	14
Cell3616	1	2	2	16
Cell3617	1	19	26	7
Cell3618	1	7	14	25
Cell3619	1	2	5	27
Cell3620	1	12	25	12
Cell3621	1	15	11	10
Cell3622	1	1	24	10
Cell3624	1	20	31	13
Cell3625	1	11	17	22
Cell3626	1	18	28	18
Cell3627	1	21	30	5
Cell3628	1	2	21	11
Cell3629	1	25	23	6
Cell3630	1	3	4	20
Cell3631	1	3	4	1
Cell3632	1	19	26	11
Cell3633	1	15	11	2
Cell3634	1	13	16	9
Cell3635	1	1	24	10
Cell3636	1	16	19	8
Cell3637	1	25	23	6
Cell3638	1	6	22	3
Cell3639	1	18	6	18
Cell3640	1	4	9	27
Cell3641	1	9	12	30
Cell3642	1	3	4	1
Cell3643	1	5	7	23
Cell3644	1	9	12	30
Cell3645	1	4	8	32
Cell3646	1	22	10	31
Cell3647	1	23	7	19
Cell3648	1	22	10	17
Cell3649	1	18	28	18
Cell3650	1	11	17	11
Cell3651	1	16	19	8
Cell3652	1	20	31	13
Cell3653	1	6	22	3
Cell3654	1	3	4	1
Cell3655	1	15	11	2
Cell3656	1	8	29	21
Cell3657	1	8	29	21
Cell3658	1	13	16	9
Cell3659	1	22	14	17
Cell3660	1	1	10	31
Cell3661	1	3	4	1
Cell3662	1	22	14	17
Cell3663	1	9	12	30
Cell3665	1	18	6	18
Cell3666	1	2	2	10
Cell3667	1	3	4	20
Cell3668	1	7	14	25
Cell3669	1	2	21	11
Cell3670	1	1	24	10
Cell3671	1	2	5	29
Cell3672	1	15	11	2
Cell3675	1	20	31	13
Cell3676	1	1	24	10
Cell3677	1	4	8	32
Cell3678	1	1	24	10
Cell3679	1	12	25	13
Cell3680	1	4	8	32
Cell3681	1	15	11	2
Cell3682	1	20	4	20
Cell3683	1	4	8	32
Cell3684	1	2	5	10
Cell3685	1	5	7	23
Cell3686	1	5	7	16
Cell3687	1	12	25	12
Cell3688	1	9	12	30
Cell3689	1	5	7	24
Cell3690	1	17	15	4
Cell3691	1	13	16	31
Cell3692	1	12	25	12
Cell3693	1	20	31	13
Cell3694	1	6	22	3
Cell3695	1	1	24	29
Cell3696	1	2	5	16
Cell3697	1	5	7	23
Cell3698	1	13	16	9
Cell3699	1	4	8	27
Cell3700	1	8	29	21
Cell3701	1	14	3	26
Cell3702	1	18	28	11
Cell3703	1	3	4	20
Cell3704	1	6	22	3
Cell3705	1	14	3	26
Cell3706	1	1	24	10
Cell3707	1	8	29	21
Cell3708	1	14	3	26
Cell3709	1	23	7	19
Cell3710	1	22	14	17
Cell3711	1	4	8	32
Cell3712	1	8	29	21
Cell3713	1	3	4	15
Cell3714	1	3	10	1
Cell3716	1	24	18	14
Cell3717	1	11	17	22
Cell3718	1	13	16	9
Cell3719	1	21	30	5
Cell3720	1	14	3	26
Cell3721	1	12	25	12
Cell3722	1	17	15	4
Cell3723	1	1	24	16
Cell3724	1	24	18	14
Cell3725	1	8	29	21
Cell3726	1	20	31	13
Cell3727	1	4	9	11
Cell3728	1	2	21	11
Cell3729	1	3	4	1
Cell3730	1	17	15	4
Cell3731	1	4	8	32
Cell3732	1	10	27	28
Cell3733	1	21	30	5
Cell3734	1	1	10	31
Cell3735	1	1	24	10
Cell3736	1	2	21	11
Cell3737	1	16	19	8
Cell3738	1	1	24	10
Cell3739	1	2	5	29
Cell3740	1	16	19	8
Cell3741	1	10	27	28
Cell3742	1	3	4	20
Cell3743	1	4	8	32
Cell3744	1	17	15	4
Cell3745	1	16	19	8
Cell3746	1	12	25	12
Cell3747	1	12	25	12
Cell3748	1	4	9	27
Cell3749	1	14	3	26
Cell3750	1	10	27	28
Cell3751	1	25	23	6
Cell3752	1	7	14	25
Cell3753	1	13	16	31
Cell3754	1	6	22	3
Cell3755	1	18	6	18
Cell3756	1	2	2	24
Cell3757	1	3	4	1
Cell3758	1	3	4	1
Cell3759	1	22	14	17
Cell3760	1	4	9	27
Cell3761	1	20	31	13
Cell3762	1	17	15	4
Cell3763	1	22	10	17
Cell3764	1	7	14	25
Cell3765	1	16	19	8
Cell3766	1	6	22	3
Cell3767	1	3	4	1
Cell3768	1	16	19	8
Cell3769	1	18	6	18
Cell3770	1	21	30	13
Cell3772	1	12	25	12
Cell3773	1	7	14	25
Cell3774	1	6	22	3
Cell3775	1	13	16	9
Cell3776	1	22	14	17
Cell3777	1	4	8	32
Cell3778	1	4	8	27
Cell3779	1	4	9	27
Cell3780	1	8	29	21
Cell3781	1	23	7	19
Cell3782	1	5	7	23
Cell3784	1	7	14	25
Cell3785	1	2	2	16
Cell3786	1	17	15	4
Cell3787	1	11	17	22
Cell3788	1	18	13	18
Cell3790	1	4	9	27
Cell3791	1	24	18	14
Cell3792	1	4	8	32
Cell3793	1	22	14	17
Cell3794	1	12	25	12
Cell3795	1	8	29	21
Cell3796	1	16	19	8
Cell3799	1	13	16	9
Cell3800	1	3	4	1
Cell3801	1	8	29	21
Cell3802	1	12	25	15
Cell3803	1	16	19	31
Cell3804	1	17	15	4
Cell3805	1	5	7	23
Cell3806	1	4	8	32
Cell3807	1	2	20	11
Cell3808	1	9	12	30
Cell3809	1	13	16	9
Cell3811	1	17	15	4
Cell3812	1	8	29	21
Cell3813	1	9	12	30
Cell3814	1	1	24	16
Cell3815	1	13	16	9
Cell3816	1	15	11	2
Cell3817	1	9	12	30
Cell3818	1	24	18	14
Cell3819	1	19	26	7
Cell3820	1	22	10	17
Cell3821	1	9	12	30
Cell3822	1	15	11	2
Cell3823	1	6	5	29
Cell3824	1	13	16	9
Cell3825	1	15	11	2
Cell3826	1	8	29	21
Cell3827	1	5	7	23
Cell3828	1	16	19	8
Cell3829	1	20	31	15
Cell3830	1	2	5	29
Cell3831	1	20	31	13
Cell3832	1	15	11	2
Cell3833	1	3	4	20
Cell3834	1	14	3	26
Cell3835	1	3	4	20
Cell3836	1	11	17	22
Cell3837	1	7	14	25
Cell3838	1	4	8	32
Cell3839	1	4	9	27
Cell3840	1	1	10	31
Cell3841	1	11	1	22
Cell3842	1	1	10	31
Cell3843	1	4	9	16
Cell3844	1	3	4	20
Cell3845	1	10	27	28
Cell3846	1	24	18	14
Cell3847	1	11	17	22
Cell3848	1	14	3	26
Cell3849	1	10	27	28
Cell3850	1	2	21	11
Cell3852	1	1	24	10
Cell3853	1	18	6	18
Cell3855	1	14	3	26
Cell3856	1	10	27	28
Cell3857	1	11	17	22
Cell3858	1	18	13	18
Cell3859	1	17	15	4
Cell3860	1	1	10	31
Cell3861	1	15	11	2
Cell3862	1	5	7	23
Cell3863	1	5	7	23
Cell3864	1	3	4	1
Cell3865	1	4	9	27
Cell3866	1	20	31	13
Cell3867	1	1	24	10
Cell3868	1	9	12	30
Cell3869	1	20	31	13
Cell3870	1	1	10	15
Cell3871	1	14	3	26
Cell3873	1	24	18	14
Cell3874	1	17	15	4
Cell3875	1	13	16	9
Cell3876	1	17	15	4
Cell3877	1	18	28	18
Cell3878	1	23	7	19
Cell3879	1	17	15	4
Cell3880	1	22	10	17
Cell3881	1	4	9	27
Cell3882	1	22	14	17
Cell3883	1	3	4	31
Cell3884	1	4	9	27
Cell3885	1	6	22	3
Cell3886	1	2	2	16
Cell3887	1	4	9	32
Cell3888	1	11	17	22
Cell3889	1	22	14	17
Cell3890	1	9	12	30
Cell3891	1	23	7	19
Cell3892	1	16	19	8
Cell3893	1	12	25	12
Cell3894	1	1	10	31
Cell3895	1	20	31	20
Cell3896	1	22	14	17
Cell3897	1	4	8	24
Cell3898	1	4	8	32
Cell3899	1	17	15	4
Cell3900	1	20	31	13
Cell3901	1	10	27	24
Cell3902	1	3	4	20
Cell3903	1	9	12	30
Cell3904	1	5	7	23
Cell3905	1	11	17	22
Cell3906	1	4	8	32
Cell3907	1	25	23	6
Cell3908	1	7	14	16
Cell3909	1	13	16	9
Cell3910	1	6	22	29
Cell3911	1	6	11	2
Cell3912	1	20	31	13
Cell3913	1	3	4	29
Cell3914	1	17	15	4
Cell3915	1	1	24	10
Cell3916	1	11	17	22
Cell3918	1	14	3	26
Cell3919	1	4	9	27
Cell3920	1	4	8	24
Cell3921	1	24	18	14
Cell3922	1	2	21	11
Cell3923	1	7	14	25
Cell3924	1	3	4	1
Cell3925	1	1	10	31
Cell3926	1	21	32	5
Cell3927	1	23	7	19
Cell3928	1	1	24	10
Cell3929	1	19	26	7
Cell3930	1	1	10	31
Cell3931	1	14	3	26
Cell3932	1	3	4	1
Cell3933	1	4	8	32
Cell3934	1	2	21	11
Cell3935	1	9	12	30
Cell3936	1	8	29	21
Cell3937	1	16	19	8
Cell3938	1	2	2	16
Cell3940	1	8	29	21
Cell3941	1	6	22	3
Cell3942	1	8	29	21
Cell3943	1	22	14	17
Cell3944	1	4	8	32
Cell3945	1	15	11	2
Cell3946	1	6	22	3
Cell3947	1	11	17	22
Cell3948	1	16	19	8
Cell3949	1	12	25	12
Cell3951	1	2	21	11
Cell3952	1	21	30	5
Cell3953	1	15	11	2
Cell3954	1	7	14	17
Cell3955	1	9	12	30
Cell3956	1	22	14	17
Cell3957	1	12	25	12
Cell3958	1	6	22	27
Cell3959	1	1	10	15
Cell3960	1	13	16	9
Cell3961	1	16	19	8
Cell3962	1	15	11	2
Cell3963	1	12	25	12
Cell3964	1	7	14	25
Cell3965	1	21	32	13
Cell3966	1	17	15	4
Cell3967	1	21	30	5
Cell3968	1	11	1	22
Cell3969	1	15	11	2
Cell3970	1	2	2	16
Cell3971	1	3	4	24
Cell3972	1	13	16	9
Cell3973	1	4	8	32
Cell3974	1	20	31	13
Cell3976	1	3	4	20
Cell3977	1	17	15	4
Cell3978	1	7	14	25
Cell3979	1	23	7	19
Cell3980	1	2	5	29
Cell3982	1	21	30	5
Cell3983	1	4	8	32
Cell3984	1	16	19	8
Cell3985	1	17	15	4
Cell3986	1	10	27	28
Cell3987	1	3	4	1
Cell3988	1	7	14	25
Cell3989	1	25	23	6
Cell3990	1	25	23	6
Cell3991	1	15	11	2
Cell3992	1	1	24	15
Cell3993	1	19	26	7
Cell3994	1	1	24	29
Cell3995	1	11	1	22
Cell3996	1	6	22	3
Cell3997	1	7	14	25
Cell3998	1	20	31	13
Cell3999	1	19	26	7
Cell4000	1	8	29	21
Cell4001	1	2	21	27
Cell4002	1	18	6	18
Cell4003	1	6	22	2
Cell4004	1	24	18	14
Cell4005	1	6	22	3
Cell4006	1	1	24	24
Cell4007	1	13	16	9
Cell4008	1	17	15	4
Cell4009	1	2	5	29
Cell4010	1	14	3	26
Cell4012	1	1	10	31
Cell4014	1	14	3	24
Cell4015	1	3	4	20
Cell4016	1	4	8	32
Cell4018	1	1	24	10
Cell4019	1	24	18	14
Cell4020	1	1	10	11
Cell4021	1	3	4	20
Cell4023	1	1	24	16
Cell4024	1	24	18	14
Cell4025	1	9	12	30
Cell4026	1	12	25	12
Cell4027	1	15	11	2
Cell4028	1	12	25	12
Cell4029	1	7	14	25
Cell4030	1	15	11	2
Cell4031	1	13	16	27
Cell4032	1	24	18	14
Cell4033	1	20	31	13
Cell4034	1	14	3	26
Cell4035	1	11	1	22
Cell4036	1	2	5	29
Cell4037	1	13	16	15
Cell4038	1	9	12	30
Cell4039	1	2	20	11
Cell4040	1	20	31	13
Cell4041	1	6	22	29
Cell4042	1	2	21	11
Cell4043	1	1	19	11
Cell4044	1	2	5	29
Cell4045	1	21	30	5
Cell4046	1	2	5	29
Cell4047	1	18	6	18
Cell4048	1	3	4	15
Cell4049	1	9	12	30
Cell4050	1	7	14	25
Cell4051	1	20	31	13
Cell4052	1	23	7	15
Cell4053	1	25	23	6
Cell4054	1	2	21	16
Cell4055	1	12	25	12
Cell4056	1	5	7	23
Cell4057	1	19	26	7
Cell4058	1	3	4	2
Cell4059	1	10	27	28
Cell4060	1	17	15	4
Cell4061	1	2	21	27
Cell4062	1	15	11	2
Cell4063	1	12	25	12
Cell4064	1	10	27	28
Cell4065	1	24	18	14
Cell4066	1	16	19	8
Cell4067	1	5	7	23
Cell4068	1	14	3	26
Cell4069	1	2	19	27
Cell4070	1	5	7	23
Cell4071	1	22	14	17
Cell4072	1	4	8	32
Cell4073	1	5	7	23
Cell4074	1	8	29	21
Cell4076	1	11	1	22
Cell4077	1	20	31	13
Cell4078	1	23	7	19
Cell4079	1	23	7	19
Cell4081	1	6	22	3
Cell4082	1	22	10	17
Cell4083	1	2	5	29
Cell4084	1	7	14	25
Cell4085	1	19	26	7
Cell4086	1	18	6	13
Cell4087	1	8	29	21
Cell4088	1	3	4	1
Cell4090	1	11	17	22
Cell4091	1	2	21	11
Cell4092	1	21	30	5
Cell4093	1	7	14	25
Cell4094	1	2	21	11
Cell4095	1	3	4	20
Cell4096	1	1	23	15
Cell4097	1	3	4	1
Cell4098	1	25	23	6
Cell4099	1	4	9	27
Cell4100	1	13	16	9
Cell4101	1	3	4	1
Cell4102	1	5	7	23
Cell4103	1	5	7	23
Cell4104	1	16	19	8
Cell4105	1	25	23	6
Cell4106	1	1	24	16
Cell4107	1	2	5	16
Cell4108	1	12	25	12
Cell4109	1	2	5	29
Cell4110	1	7	14	25
Cell4111	1	20	31	20
Cell4112	1	19	26	7
Cell4113	1	1	24	10
Cell4114	1	1	23	1
Cell4115	1	3	4	1
Cell4116	1	10	27	28
Cell4117	1	12	25	12
Cell4118	1	9	12	30
Cell4119	1	7	14	25
Cell4120	1	13	16	9
Cell4121	1	25	23	6
Cell4122	1	2	21	11
Cell4124	1	4	8	32
Cell4125	1	3	4	20
Cell4126	1	7	14	25
Cell4128	1	1	24	10
Cell4129	1	6	22	3
Cell4130	1	19	26	7
Cell4131	1	18	13	18
Cell4132	1	7	14	25
Cell4133	1	16	19	8
Cell4134	1	1	24	10
Cell4135	1	10	27	28
Cell4136	1	14	3	31
Cell4138	1	8	29	21
Cell4139	1	24	18	14
Cell4140	1	4	9	27
Cell4141	1	19	26	7
Cell4142	1	19	26	7
Cell4143	1	19	26	7
Cell4144	1	15	11	29
Cell4145	1	1	24	10
Cell4146	1	25	23	6
Cell4147	1	14	3	26
Cell4148	1	16	19	8
Cell4149	1	23	7	19
Cell4150	1	23	7	15
Cell4151	1	24	18	24
Cell4152	1	20	31	13
Cell4153	1	3	4	24
Cell4154	1	20	31	13
Cell4155	1	3	4	1
Cell4156	1	2	5	29
Cell4157	1	5	18	27
Cell4158	1	18	28	18
Cell4159	1	3	4	20
Cell4161	1	6	22	3
Cell4162	1	11	17	22
Cell4163	1	22	14	17
Cell4164	1	8	29	21
Cell4165	1	10	27	28
Cell4166	1	19	26	7
Cell4167	1	18	6	18
Cell4168	1	21	30	5
Cell4169	1	9	12	30
Cell4170	1	4	9	27
Cell4171	1	10	27	28
Cell4172	1	5	7	23
Cell4173	1	8	29	21
Cell4174	1	1	24	31
Cell4175	1	4	8	32
Cell4176	1	18	13	18
Cell4177	1	22	14	17
Cell4178	1	16	19	8
Cell4179	1	6	22	3
Cell4180	1	9	12	30
Cell4181	1	25	23	6
Cell4182	1	7	14	25
Cell4183	1	12	25	12
Cell4184	1	17	15	4
Cell4185	1	17	15	4
Cell4186	1	3	4	20
Cell4187	1	12	25	12
Cell4188	1	16	19	27
Cell4189	1	1	24	10
Cell4190	1	12	25	12
Cell4191	1	5	7	23
Cell4192	1	4	8	32
Cell4193	1	19	26	7
Cell4195	1	2	5	2
Cell4196	1	19	26	7
Cell4198	1	23	7	15
Cell4199	1	3	4	24
Cell4200	1	5	18	15
Cell4201	1	9	12	30
Cell4202	1	10	27	28
Cell4203	1	11	1	22
Cell4204	1	4	8	27
Cell4205	1	21	30	5
Cell4206	1	19	26	7
Cell4207	1	7	14	25
Cell4208	1	24	18	14
Cell4209	1	5	7	24
Cell4210	1	10	27	28
Cell4211	1	19	26	7
Cell4212	1	19	26	7
Cell4213	1	6	22	3
Cell4214	1	23	7	19
Cell4215	1	12	25	15
Cell4216	1	7	14	25
Cell4217	1	5	7	23
Cell4218	1	18	28	18
Cell4219	1	4	8	32
Cell4220	1	16	19	8
Cell4221	1	14	3	26
Cell4222	1	20	31	13
Cell4223	1	10	27	28
Cell4224	1	15	11	2
Cell4225	1	5	7	23
Cell4226	1	8	29	21
Cell4227	1	1	24	10
Cell4228	1	2	21	11
Cell4230	1	9	12	30
Cell4231	1	3	4	1
Cell4232	1	1	10	31
Cell4233	1	6	22	3
Cell4234	1	25	23	6
Cell4235	1	10	27	28
Cell4236	1	21	30	5
Cell4237	1	4	8	27
Cell4238	1	6	22	11
Cell4239	1	7	14	25
Cell4240	1	4	9	27
Cell4241	1	17	15	4
Cell4242	1	24	18	24
Cell4243	1	24	18	14
Cell4244	1	17	15	4
Cell4245	1	6	22	3
Cell4246	1	9	12	30
Cell4247	1	7	14	25
Cell4248	1	2	21	11
Cell4249	1	12	25	12
Cell4250	1	4	8	32
Cell4251	1	11	17	22
Cell4252	1	12	25	12
Cell4253	1	2	5	29
Cell4254	1	6	22	3
Cell4255	1	1	10	31
Cell4256	1	5	7	23
Cell4258	1	7	14	25
Cell4259	1	24	18	14
Cell4260	1	15	11	2
Cell4261	1	9	12	30
Cell4262	1	24	18	14
Cell4263	1	3	4	20
Cell4264	1	4	8	27
Cell4265	1	13	16	9
Cell4266	1	17	15	4
Cell4267	1	19	26	7
Cell4268	1	9	12	30
Cell4270	1	17	15	4
Cell4271	1	10	27	28
Cell4272	1	13	16	9
Cell4273	1	5	7	24
Cell4275	1	10	27	16
Cell4276	1	6	22	3
Cell4277	1	10	27	28
Cell4278	1	5	7	23
Cell4279	1	7	14	25
Cell4280	1	8	29	21
Cell4281	1	23	7	19
Cell4282	1	13	16	9
Cell4283	1	14	3	26
Cell4284	1	1	24	10
Cell4285	1	15	11	2
Cell4286	1	2	21	11
Cell4287	1	20	31	13
Cell4288	1	2	5	29
Cell4289	1	10	27	28
Cell4290	1	22	14	17
Cell4291	1	4	8	32
Cell4292	1	8	29	21
Cell4293	1	22	14	17
Cell4294	1	2	5	29
Cell4295	1	25	23	6
Cell4296	1	17	15	4
Cell4297	1	17	15	4
Cell4298	1	4	9	27
Cell4299	1	19	26	7
Cell4300	1	3	4	15
Cell4301	1	8	29	21
Cell4302	1	15	11	2
Cell4303	1	4	9	27
Cell4304	1	2	2	16
Cell4305	1	22	14	17
Cell4306	1	11	17	22
Cell4307	1	2	5	29
Cell4308	1	12	25	12
Cell4309	1	12	25	12
Cell4310	1	22	10	17
Cell4311	1	18	13	18
Cell4313	1	22	10	17
Cell4314	1	24	18	14
Cell4315	1	24	18	14
Cell4316	1	20	31	13
Cell4317	1	8	29	21
Cell4318	1	1	24	10
Cell4319	1	24	18	14
Cell4321	1	16	19	8
Cell4322	1	20	31	13
Cell4323	1	2	5	29
Cell4324	1	18	6	18
Cell4325	1	12	25	12
Cell4326	1	17	15	4
Cell4327	1	2	2	24
Cell4328	1	1	10	16
Cell4329	1	1	24	10
Cell4330	1	22	14	17
Cell4331	1	24	18	14
Cell4332	1	6	5	29
Cell4333	1	19	26	7
Cell4335	1	12	25	12
Cell4336	1	15	11	2
Cell4337	1	12	25	12
Cell4338	1	12	25	12
Cell4339	1	6	22	3
Cell4340	1	14	3	26
Cell4341	1	4	8	32
Cell4342	1	10	27	28
Cell4343	1	2	20	11
Cell4344	1	11	17	22
Cell4345	1	15	11	2
Cell4346	1	8	29	21
Cell4347	1	4	8	32
Cell4348	1	4	9	27
Cell4349	1	13	16	9
Cell4350	1	5	7	23
Cell4351	1	4	8	32
Cell4352	1	7	14	25
Cell4353	1	16	19	8
Cell4354	1	23	7	19
Cell4355	1	1	24	31
Cell4356	1	25	23	6
Cell4357	1	3	4	20
Cell4358	1	21	30	5
Cell4359	1	8	29	21
Cell4360	1	17	15	4
Cell4361	1	1	24	10
Cell4362	1	23	7	19
Cell4363	1	24	18	14
Cell4364	1	20	31	13
Cell4365	1	21	30	5
Cell4366	1	24	18	14
Cell4367	1	14	3	26
Cell4368	1	12	25	12
Cell4369	1	14	3	26
Cell4370	1	4	8	32
Cell4371	1	1	10	31
Cell4372	1	2	21	11
Cell4373	1	2	21	11
Cell4374	1	13	16	9
Cell4375	1	16	19	8
Cell4376	1	23	7	19
Cell4377	1	6	22	3
Cell4378	1	11	17	24
Cell4379	1	13	16	9
Cell4380	1	1	10	31
Cell4381	1	24	18	14
Cell4382	1	3	10	31
Cell4383	1	15	11	2
Cell4384	1	10	27	28
Cell4385	1	9	12	30
Cell4386	1	10	27	28
Cell4387	1	18	28	18
Cell4388	1	14	3	26
Cell4389	1	20	31	13
Cell4390	1	18	6	18
Cell4391	1	16	19	8
Cell4392	1	1	10	31
Cell4393	1	9	12	30
Cell4394	1	23	7	19
Cell4395	1	2	2	23
Cell4396	1	2	5	29
Cell4397	1	2	5	29
Cell4398	1	25	23	6
Cell4399	1	6	5	3
Cell4400	1	6	22	3
Cell4401	1	23	7	19
Cell4402	1	16	19	8
Cell4403	1	2	2	10
Cell4404	1	11	1	22
Cell4405	1	7	14	25
Cell4406	1	20	31	13
Cell4407	1	16	19	8
Cell4408	1	18	13	18
Cell4409	1	3	4	20
Cell4410	1	20	31	13
Cell4411	1	22	14	17
Cell4412	1	12	25	12
Cell4413	1	6	22	3
Cell4414	1	13	16	9
Cell4415	1	13	16	9
Cell4416	1	3	4	15
Cell4417	1	24	18	14
Cell4418	1	9	12	30
Cell4419	1	4	8	32
Cell4420	1	9	12	30
Cell4421	1	20	31	13
Cell4422	1	11	17	22
Cell4423	1	4	9	27
Cell4424	1	24	18	14
Cell4425	1	3	4	20
Cell4426	1	24	18	14
Cell4427	1	9	12	30
Cell4428	1	20	31	13
Cell4429	1	2	5	29
Cell4430	1	14	3	26
Cell4431	1	4	9	27
Cell4432	1	11	1	15
Cell4433	1	1	24	10
Cell4434	1	13	16	9
Cell4435	1	21	30	5
Cell4436	1	9	12	30
Cell4437	1	9	12	30
Cell4438	1	2	2	16
Cell4439	1	13	16	9
Cell4440	1	24	18	14
Cell4441	1	4	8	32
Cell4442	1	18	6	29
Cell4443	1	7	14	25
Cell4444	1	15	23	2
Cell4445	1	14	3	26
Cell4446	1	17	15	4
Cell4447	1	1	10	31
Cell4448	1	9	12	30
Cell4449	1	18	6	18
Cell4451	1	12	25	12
Cell4452	1	11	1	22
Cell4453	1	14	3	26
Cell4454	1	2	21	11
Cell4455	1	14	3	26
Cell4456	1	4	9	27
Cell4457	1	15	11	2
Cell4458	1	2	21	11
Cell4459	1	3	4	1
Cell4460	1	3	4	20
Cell4461	1	17	15	4
Cell4462	1	3	4	1
Cell4463	1	23	7	19
Cell4465	1	12	25	12
Cell4466	1	4	8	32
Cell4467	1	2	5	29
Cell4468	1	2	2	27
Cell4469	1	3	4	20
Cell4470	1	16	19	8
Cell4471	1	2	5	29
Cell4472	1	4	9	27
Cell4473	1	16	19	8
Cell4474	1	16	19	8
Cell4475	1	19	26	7
Cell4476	1	11	17	22
Cell4478	1	1	10	31
Cell4479	1	25	23	6
Cell4480	1	14	3	26
Cell4481	1	23	7	19
Cell4482	1	2	21	11
Cell4483	1	4	9	27
Cell4485	1	25	23	6
Cell4487	1	21	30	5
Cell4488	1	19	26	7
Cell4489	1	8	29	21
Cell4491	1	20	31	13
Cell4492	1	1	10	31
Cell4493	1	16	19	8
Cell4494	1	2	21	11
Cell4495	1	23	7	15
Cell4496	1	17	15	4
Cell4497	1	8	29	21
Cell4498	1	5	7	23
Cell4499	1	3	4	20
Cell4500	1	8	29	27
Cell4501	1	1	10	31
Cell4502	1	1	24	10
Cell4503	1	18	6	18
Cell4504	1	5	7	23
Cell4505	1	14	3	26
Cell4506	1	8	29	15
Cell4507	1	2	2	15
Cell4508	1	13	16	9
Cell4509	1	1	10	31
Cell4510	1	18	28	11
Cell4511	1	24	18	14
Cell4513	1	8	29	15
Cell4514	1	3	4	1
Cell4515	1	3	4	15
Cell4516	1	10	27	28
Cell4517	1	6	22	3
Cell4518	1	9	12	30
Cell4519	1	17	15	4
Cell4520	1	21	30	5
Cell4521	1	23	7	19
Cell4522	1	16	19	8
Cell4523	1	11	17	22
Cell4524	1	6	22	31
Cell4525	1	18	28	18
Cell4526	1	13	16	9
Cell4527	1	6	22	3
Cell4528	1	6	22	3
Cell4529	1	11	17	22
Cell4530	1	10	27	28
Cell4531	1	21	30	5
Cell4532	1	8	29	21
Cell4533	1	1	24	10
Cell4534	1	4	9	27
Cell4535	1	1	24	10
Cell4536	1	18	13	18
Cell4538	1	19	26	7
Cell4539	1	23	7	15
Cell4540	1	15	11	2
Cell4542	1	16	19	8
Cell4543	1	8	29	21
Cell4544	1	14	3	26
Cell4545	1	9	12	30
Cell4546	1	1	10	31
Cell4547	1	12	25	12
Cell4548	1	2	2	16
Cell4549	1	12	25	12
Cell4550	1	5	7	23
Cell4551	1	3	4	20
Cell4552	1	2	21	16
Cell4553	1	20	31	13
Cell4554	1	1	24	10
Cell4555	1	19	26	24
Cell4556	1	12	25	12
Cell4557	1	7	14	25
Cell4558	1	19	26	7
Cell4559	1	9	12	30
Cell4560	1	21	30	5
Cell4561	1	25	23	6
Cell4562	1	7	14	25
Cell4563	1	20	31	24
Cell4564	1	1	24	10
Cell4566	1	14	3	26
Cell4567	1	23	7	19
Cell4568	1	9	12	30
Cell4569	1	9	12	30
Cell4570	1	15	11	2
Cell4571	1	1	10	17
Cell4572	1	17	15	4
Cell4573	1	2	20	24
Cell4574	1	23	7	19
Cell4575	1	6	22	3
Cell4576	1	13	16	9
Cell4577	1	5	7	23
Cell4578	1	2	5	29
Cell4579	1	23	7	19
Cell4580	1	2	5	29
Cell4581	1	21	32	5
Cell4582	1	13	16	9
Cell4583	1	2	5	16
Cell4584	1	4	8	32
Cell4585	1	1	10	31
Cell4586	1	8	29	15
Cell4587	1	15	11	2
Cell4588	1	10	27	28
Cell4589	1	12	25	12
Cell4590	1	12	25	12
Cell4591	1	14	3	26
Cell4592	1	3	4	15
Cell4593	1	14	3	26
Cell4594	1	13	16	9
Cell4595	1	22	14	17
Cell4596	1	1	24	10
Cell4597	1	8	29	15
Cell4598	1	19	26	7
Cell4599	1	4	1	27
Cell4600	1	17	15	4
Cell4601	1	1	24	10
Cell4602	1	8	29	21
Cell4603	1	16	19	8
Cell4604	1	1	10	31
Cell4605	1	10	27	28
Cell4606	1	15	11	2
Cell4607	1	19	26	11
Cell4608	1	2	2	16
Cell4609	1	9	12	30
Cell4610	1	23	7	19
Cell4611	1	6	22	3
Cell4612	1	2	5	29
Cell4613	1	12	25	12
Cell4614	1	10	27	28
Cell4615	1	22	14	17
Cell4616	1	2	2	16
Cell4617	1	2	21	11
Cell4618	1	1	24	10
Cell4619	1	13	16	9
Cell4620	1	16	19	8
Cell4621	1	14	3	26
Cell4622	1	20	31	13
Cell4623	1	6	22	3
Cell4624	1	2	2	16
Cell4625	1	6	22	3
Cell4626	1	10	27	28
Cell4627	1	13	16	9
Cell4628	1	3	4	15
Cell4629	1	11	1	22
Cell4630	1	2	5	29
Cell4631	1	4	8	32
Cell4632	1	19	26	7
Cell4633	1	20	31	13
Cell4634	1	4	9	27
Cell4635	1	15	11	2
Cell4636	1	24	18	14
Cell4637	1	20	31	13
Cell4638	1	5	7	23
Cell4639	1	10	27	28
Cell4640	1	11	1	22
Cell4641	1	1	24	31
Cell4643	1	17	15	4
Cell4644	1	11	17	22
Cell4645	1	2	21	11
Cell4646	1	1	10	15
Cell4647	1	8	29	21
Cell4648	1	17	15	4
Cell4649	1	5	7	15
Cell4650	1	2	5	29
Cell4651	1	5	7	23
Cell4652	1	2	2	16
Cell4653	1	3	4	20
Cell4654	1	5	7	23
Cell4655	1	8	29	21
Cell4657	1	5	7	23
Cell4658	1	18	6	18
Cell4659	1	1	24	10
Cell4660	1	3	4	1
Cell4661	1	1	24	10
Cell4662	1	12	25	15
Cell4663	1	13	16	9
Cell4665	1	17	15	4
Cell4666	1	14	3	26
Cell4667	1	19	26	7
Cell4669	1	6	22	2
Cell4670	1	21	32	11
Cell4671	1	6	22	3
Cell4672	1	1	23	11
Cell4673	1	15	11	29
Cell4674	1	4	8	32
Cell4675	1	12	25	12
Cell4676	1	1	19	15
Cell4678	1	15	5	2
Cell4679	1	1	23	6
Cell4680	1	13	16	9
Cell4681	1	12	25	12
Cell4682	1	11	17	15
Cell4683	1	17	15	4
Cell4684	1	2	2	16
Cell4685	1	7	14	25
Cell4686	1	24	18	14
Cell4687	1	8	29	21
Cell4688	1	2	5	29
Cell4689	1	13	16	9
Cell4690	1	1	24	31
Cell4691	1	20	31	13
Cell4692	1	15	11	2
Cell4693	1	23	7	19
Cell4694	1	5	7	10
Cell4695	1	11	1	22
Cell4696	1	3	4	20
Cell4697	1	14	3	26
Cell4698	1	10	27	28
Cell4699	1	7	14	25
Cell4700	1	15	11	2
Cell4701	1	19	26	7
Cell4703	1	18	28	29
Cell4704	1	14	3	26
Cell4705	1	13	16	9
Cell4706	1	18	6	18
Cell4707	1	7	14	25
Cell4708	1	4	8	32
Cell4709	1	13	16	9
Cell4710	1	17	15	4
Cell4711	1	16	19	8
Cell4712	1	15	11	16
Cell4713	1	24	18	14
Cell4714	1	25	23	6
Cell4715	1	2	5	29
Cell4716	1	8	29	21
Cell4718	1	10	27	28
Cell4719	1	12	25	12
Cell4720	1	22	14	17
Cell4721	1	25	23	6
Cell4722	1	20	31	20
Cell4723	1	3	10	15
Cell4724	1	10	27	28
Cell4726	1	1	10	31
Cell4727	1	5	7	23
Cell4728	1	23	7	19
Cell4729	1	23	7	19
Cell4730	1	13	16	9
Cell4731	1	7	14	25
Cell4732	1	20	31	13
Cell4733	1	25	23	6
Cell4734	1	2	5	27
Cell4735	1	1	24	11
Cell4736	1	17	15	4
Cell4737	1	1	10	31
Cell4738	1	10	27	28
Cell4739	1	1	19	15
Cell4740	1	14	3	26
Cell4742	1	24	18	14
Cell4743	1	6	22	3
Cell4744	1	6	22	3
Cell4745	1	10	27	28
Cell4746	1	6	22	3
Cell4747	1	3	4	1
Cell4748	1	23	12	11
Cell4749	1	5	7	23
Cell4750	1	12	25	12
Cell4751	1	6	5	29
Cell4752	1	10	27	28
Cell4753	1	2	2	16
Cell4754	1	5	7	23
Cell4755	1	24	18	27
Cell4756	1	25	23	6
Cell4757	1	21	32	5
Cell4758	1	6	22	3
Cell4760	1	1	10	24
Cell4761	1	25	23	6
Cell4762	1	3	4	1
Cell4763	1	20	31	13
Cell4764	1	4	8	32
Cell4765	1	13	16	9
Cell4766	1	3	4	10
Cell4767	1	15	11	2
Cell4768	1	1	24	10
Cell4769	1	11	1	27
Cell4770	1	8	29	21
Cell4771	1	25	23	6
Cell4772	1	2	2	11
Cell4773	1	1	24	10
Cell4774	1	22	14	17
Cell4775	1	8	29	21
Cell4776	1	23	7	19
Cell4777	1	23	7	15
Cell4778	1	17	15	4
Cell4779	1	10	27	28
Cell4780	1	13	16	9
Cell4781	1	3	4	1
Cell4782	1	22	14	17
Cell4783	1	25	23	6
Cell4784	1	4	9	27
Cell4785	1	12	25	12
Cell4786	1	2	5	27
Cell4787	1	1	10	31
Cell4788	1	8	29	24
Cell4789	1	1	24	24
Cell4790	1	4	8	32
Cell4792	1	1	24	31
Cell4793	1	18	6	18
Cell4794	1	3	4	15
Cell4795	1	8	29	11
Cell4796	1	10	27	28
Cell4797	1	3	4	20
Cell4798	1	1	24	6
Cell4799	1	19	26	7
Cell4800	1	1	24	10
Cell4802	1	16	19	8
Cell4803	1	3	4	1
Cell4804	1	22	10	31
Cell4805	1	9	12	30
Cell4807	1	4	8	32
Cell4808	1	1	24	16
Cell4810	1	2	21	15
Cell4811	1	4	8	32
Cell4812	1	18	28	18
Cell4813	1	6	22	13
Cell4814	1	6	22	3
Cell4815	1	15	11	2
Cell4816	1	3	4	20
Cell4817	1	17	15	4
Cell4818	1	4	8	27
Cell4819	1	1	24	17
Cell4820	1	1	24	27
Cell4821	1	9	12	30
Cell4822	1	21	30	5
Cell4823	1	4	9	27
Cell4824	1	11	17	22
Cell4826	1	21	32	5
Cell4827	1	1	24	10
Cell4828	1	4	8	27
Cell4829	1	16	19	8
Cell4830	1	11	17	22
Cell4831	1	23	7	24
Cell4832	1	17	15	4
Cell4833	1	11	1	22
Cell4834	1	12	25	12
Cell4835	1	13	16	9
Cell4836	1	3	4	1
Cell4837	1	1	10	31
Cell4838	1	13	16	9
Cell4839	1	2	5	29
Cell4840	1	6	22	3
Cell4841	1	7	14	11
Cell4842	1	14	3	26
Cell4843	1	3	4	20
Cell4844	1	8	29	21
Cell4845	1	19	26	7
Cell4846	1	3	4	20
Cell4847	1	4	9	27
Cell4848	1	12	25	12
Cell4849	1	17	15	4
Cell4850	1	11	1	22
Cell4851	1	14	3	26
Cell4852	1	19	26	7
Cell4853	1	1	24	10
Cell4854	1	23	7	19
Cell4855	1	25	23	6
Cell4856	1	13	16	9
Cell4857	1	17	15	4
Cell4858	1	21	30	5
Cell4859	1	1	24	10
Cell4860	1	4	9	27
Cell4861	1	18	6	18
Cell4862	1	12	25	12
Cell4863	1	19	26	7
Cell4864	1	6	22	29
Cell4865	1	2	2	27
Cell4866	1	16	19	8
Cell4867	1	23	7	19
Cell4868	1	7	14	25
Cell4869	1	13	16	9
Cell4870	1	2	5	29
Cell4871	1	9	12	20
Cell4872	1	1	24	31
Cell4873	1	9	12	30
Cell4874	1	5	18	14
Cell4875	1	7	14	25
Cell4876	1	14	3	26
Cell4877	1	16	19	8
Cell4878	1	6	11	2
Cell4879	1	15	11	2
Cell4880	1	18	13	18
Cell4881	1	4	8	32
Cell4882	1	7	14	25
Cell4883	1	11	1	24
Cell4884	1	11	17	22
Cell4885	1	24	18	14
Cell4886	1	5	7	23
Cell4887	1	16	19	8
Cell4888	1	2	2	16
Cell4889	1	24	18	14
Cell4890	1	10	27	28
Cell4891	1	17	15	4
Cell4892	1	24	18	14
Cell4893	1	12	25	12
Cell4894	1	3	4	15
Cell4895	1	1	10	31
Cell4897	1	18	28	18
Cell4898	1	16	19	8
Cell4899	1	4	8	32
Cell4900	1	3	4	15
Cell4901	1	6	5	2
Cell4902	1	25	23	6
Cell4903	1	22	10	17
Cell4904	1	6	22	3
Cell4905	1	2	5	29
Cell4906	1	2	20	15
Cell4907	1	9	12	30
Cell4909	1	20	31	13
Cell4911	1	21	30	5
Cell4912	1	12	25	12
Cell4913	1	8	29	21
Cell4914	1	25	23	6
Cell4915	1	19	26	7
Cell4916	1	3	4	1
Cell4917	1	5	7	23
Cell4918	1	13	16	9
Cell4919	1	1	24	16
Cell4920	1	18	6	18
Cell4921	1	11	17	22
Cell4922	1	5	7	23
Cell4923	1	17	15	4
Cell4924	1	4	8	32
Cell4925	1	16	19	8
Cell4926	1	20	31	13
Cell4927	1	15	23	15
Cell4928	1	3	4	1
Cell4929	1	3	4	20
Cell4930	1	8	29	21
Cell4931	1	17	15	4
Cell4932	1	8	29	21
Cell4933	1	15	11	2
Cell4934	1	6	22	3
Cell4935	1	4	8	27
Cell4936	1	17	15	4
Cell4937	1	15	11	29
Cell4938	1	3	4	20
Cell4939	1	19	26	16
Cell4940	1	8	29	21
Cell4941	1	20	31	13
Cell4942	1	18	6	18
Cell4943	1	2	20	11
Cell4944	1	14	3	26
Cell4945	1	17	15	4
Cell4946	1	12	25	12
Cell4947	1	13	16	9
Cell4948	1	18	13	18
Cell4949	1	19	26	7
Cell4950	1	1	10	15
Cell4951	1	1	24	10
Cell4952	1	22	14	17
Cell4953	1	10	27	28
Cell4954	1	1	10	15
Cell4955	1	2	20	11
Cell4956	1	16	19	8
Cell4957	1	11	17	22
Cell4958	1	5	7	16
Cell4959	1	3	4	1
Cell4960	1	8	29	21
Cell4961	1	23	7	19
Cell4962	1	9	12	30
Cell4963	1	1	10	31
Cell4964	1	2	2	16
Cell4965	1	8	29	21
Cell4966	1	22	14	17
Cell4967	1	24	18	14
Cell4968	1	10	27	28
Cell4970	1	2	21	11
Cell4971	1	2	21	11
Cell4972	1	17	15	4
Cell4973	1	3	4	15
Cell4974	1	11	1	22
Cell4975	1	14	3	26
Cell4976	1	1	24	10
Cell4977	1	6	22	3
Cell4978	1	8	29	21
Cell4979	1	9	12	15
Cell4980	1	1	10	31
Cell4981	1	18	6	18
Cell4982	1	15	11	2
Cell4983	1	13	16	9
Cell4984	1	5	7	23
Cell4985	1	19	26	7
Cell4986	1	22	14	17
Cell4987	1	3	4	1
Cell4988	1	14	3	26
Cell4989	1	3	4	1
Cell4990	1	3	4	20
Cell4991	1	16	19	8
Cell4992	1	11	17	22
Cell4993	1	13	16	9
Cell4994	1	17	15	4
Cell4995	1	19	26	7
Cell4996	1	13	16	9
Cell4997	1	22	14	17
Cell4998	1	9	12	30
Cell4999	1	17	15	4
Cell5000	1	5	7	23
