ID	did	seurat_cluster	kmeans_cluster	labels
Cell1	1	19	13	63
Cell2	1	3	19	61
Cell3	1	2	27	25
Cell4	1	5	15	30
Cell5	1	15	48	50
Cell6	1	7	31	25
Cell7	1	2	56	14
Cell8	1	3	60	48
Cell9	1	1	63	57
Cell10	1	8	54	49
Cell11	1	2	27	15
Cell12	1	9	14	29
Cell13	1	5	44	25
Cell14	1	13	44	29
Cell15	1	7	36	8
Cell16	1	1	53	57
Cell17	1	19	13	63
Cell18	1	1	8	28
Cell19	1	11	47	33
Cell20	1	2	29	20
Cell21	1	1	8	28
Cell22	1	6	10	17
Cell23	1	4	28	34
Cell24	1	7	36	8
Cell25	1	2	29	16
Cell26	1	1	17	32
Cell27	1	8	41	35
Cell28	1	3	19	44
Cell29	1	22	62	21
Cell30	1	13	44	56
Cell31	1	6	9	28
Cell32	1	2	29	15
Cell33	1	9	49	9
Cell34	1	18	50	6
Cell35	1	6	40	27
Cell36	1	6	61	3
Cell37	1	2	26	54
Cell38	1	6	61	7
Cell39	1	2	1	20
Cell40	1	6	40	26
Cell41	1	5	60	53
Cell42	1	2	4	31
Cell43	1	5	15	47
Cell44	1	1	33	60
Cell45	1	8	45	51
Cell46	1	8	52	31
Cell47	1	6	22	40
Cell48	1	2	1	1
Cell49	1	12	58	52
Cell50	1	3	57	35
Cell51	1	7	31	45
Cell52	1	8	45	39
Cell53	1	16	6	60
Cell54	1	20	3	55
Cell55	1	12	58	58
Cell56	1	11	32	17
Cell57	1	3	19	44
Cell58	1	8	52	38
Cell59	1	14	2	7
Cell60	1	8	45	39
Cell61	1	8	54	49
Cell62	1	4	28	27
Cell63	1	1	11	51
Cell64	1	17	18	18
Cell65	1	18	55	6
Cell66	1	16	6	11
Cell67	1	2	46	54
Cell68	1	1	43	28
Cell69	1	16	6	4
Cell70	1	21	35	47
Cell71	1	6	22	31
Cell72	1	2	56	14
Cell73	1	20	25	55
Cell74	1	8	45	39
Cell75	1	9	14	25
Cell76	1	7	31	40
Cell77	1	12	59	58
Cell78	1	10	34	36
Cell79	1	2	56	14
Cell80	1	11	32	16
Cell81	1	8	41	38
Cell82	1	5	60	53
Cell83	1	4	39	42
Cell84	1	2	29	19
Cell85	1	6	10	17
Cell86	1	1	8	59
Cell88	1	5	60	53
Cell89	1	10	34	36
Cell90	1	6	40	26
Cell92	1	6	37	1
Cell93	1	8	41	38
Cell94	1	3	19	61
Cell95	1	5	5	47
Cell96	1	7	36	27
Cell97	1	1	53	60
Cell98	1	7	31	40
Cell99	1	13	44	10
Cell100	1	21	51	60
Cell101	1	10	34	60
Cell102	1	4	39	42
Cell103	1	7	36	8
Cell104	1	1	17	13
Cell105	1	20	25	55
Cell106	1	22	16	21
Cell108	1	21	35	24
Cell109	1	22	16	21
Cell110	1	7	21	7
Cell111	1	9	49	23
Cell112	1	17	18	18
Cell113	1	4	7	31
Cell114	1	16	6	4
Cell115	1	2	27	61
Cell116	1	4	39	42
Cell117	1	2	29	23
Cell118	1	2	29	23
Cell119	1	2	26	54
Cell120	1	10	30	54
Cell121	1	4	38	15
Cell122	1	2	26	54
Cell123	1	1	33	19
Cell124	1	5	15	35
Cell125	1	2	4	43
Cell126	1	8	41	64
Cell127	1	6	22	45
Cell128	1	1	33	13
Cell130	1	8	45	64
Cell131	1	19	13	63
Cell132	1	9	49	59
Cell133	1	10	30	22
Cell134	1	6	10	1
Cell135	1	3	57	34
Cell137	1	12	58	58
Cell138	1	6	22	2
Cell139	1	2	56	14
Cell140	1	3	12	25
Cell141	1	2	56	33
Cell142	1	21	35	13
Cell143	1	1	43	5
Cell144	1	6	9	3
Cell145	1	17	18	18
Cell146	1	3	30	15
Cell147	1	22	62	21
Cell148	1	9	14	59
Cell149	1	8	52	62
Cell150	1	13	44	10
Cell151	1	8	54	49
Cell152	1	12	58	58
Cell153	1	14	2	41
Cell154	1	20	64	27
Cell155	1	1	11	2
Cell156	1	17	18	18
Cell157	1	3	57	25
Cell158	1	11	32	33
Cell159	1	18	50	6
Cell160	1	4	39	42
Cell161	1	4	28	43
Cell162	1	7	21	16
Cell163	1	2	4	23
Cell164	1	3	60	54
Cell165	1	6	40	29
Cell166	1	7	31	34
Cell167	1	2	56	14
Cell168	1	9	49	9
Cell169	1	10	34	36
Cell170	1	5	42	31
Cell172	1	3	19	35
Cell173	1	5	18	16
Cell174	1	7	21	2
Cell175	1	1	17	27
Cell176	1	2	46	54
Cell177	1	17	18	18
Cell178	1	8	41	38
Cell179	1	1	43	19
Cell180	1	2	29	24
Cell181	1	20	3	55
Cell182	1	12	59	61
Cell183	1	20	3	55
Cell184	1	6	22	9
Cell185	1	3	12	48
Cell186	1	3	57	48
Cell187	1	7	31	8
Cell188	1	4	7	5
Cell189	1	8	52	59
Cell190	1	1	17	12
Cell191	1	4	7	30
Cell192	1	11	42	52
Cell193	1	2	47	14
Cell194	1	20	25	55
Cell196	1	19	13	63
Cell197	1	4	7	34
Cell198	1	1	33	43
Cell199	1	14	2	41
Cell200	1	5	5	10
Cell201	1	15	48	50
Cell202	1	2	29	23
Cell203	1	5	5	10
Cell204	1	2	56	14
Cell205	1	5	60	53
Cell206	1	6	40	26
Cell207	1	18	50	6
Cell208	1	5	5	16
Cell209	1	9	24	56
Cell210	1	17	18	47
Cell211	1	11	4	52
Cell212	1	2	4	27
Cell214	1	11	42	52
Cell215	1	22	62	21
Cell216	1	8	41	38
Cell217	1	3	19	44
Cell218	1	9	36	56
Cell219	1	2	47	14
Cell220	1	19	13	63
Cell221	1	6	40	26
Cell222	1	22	62	21
Cell223	1	6	40	26
Cell225	1	9	14	2
Cell226	1	4	7	34
Cell227	1	4	11	15
Cell228	1	3	19	44
Cell229	1	9	24	10
Cell230	1	6	22	9
Cell231	1	1	47	5
Cell232	1	5	60	48
Cell233	1	1	53	28
Cell234	1	7	36	8
Cell235	1	20	25	55
Cell236	1	6	22	9
Cell237	1	1	63	28
Cell238	1	1	53	57
Cell239	1	6	9	3
Cell240	1	13	36	56
Cell241	1	1	11	19
Cell242	1	2	29	23
Cell243	1	8	45	39
Cell244	1	3	57	25
Cell245	1	10	23	36
Cell246	1	16	6	4
Cell247	1	3	19	44
Cell248	1	9	31	8
Cell249	1	1	47	19
Cell250	1	20	25	55
Cell251	1	11	4	16
Cell252	1	2	26	54
Cell253	1	1	43	51
Cell254	1	14	2	41
Cell255	1	21	35	12
Cell256	1	1	63	28
Cell257	1	10	30	22
Cell258	1	9	24	24
Cell259	1	8	54	49
Cell260	1	1	47	16
Cell261	1	3	19	27
Cell262	1	3	57	48
Cell263	1	5	15	46
Cell264	1	8	54	59
Cell265	1	8	54	47
Cell266	1	7	21	52
Cell267	1	3	20	29
Cell268	1	12	58	58
Cell269	1	5	42	27
Cell270	1	2	27	32
Cell271	1	9	49	31
Cell272	1	9	14	45
Cell273	1	2	56	14
Cell275	1	5	60	32
Cell277	1	11	32	59
Cell278	1	5	15	46
Cell279	1	3	57	48
Cell280	1	2	26	54
Cell281	1	14	2	41
Cell282	1	2	1	23
Cell283	1	3	19	35
Cell284	1	7	42	7
Cell285	1	9	14	45
Cell286	1	6	10	1
Cell287	1	4	28	51
Cell289	1	4	39	42
Cell290	1	6	10	1
Cell292	1	4	39	42
Cell293	1	15	48	50
Cell294	1	2	47	51
Cell295	1	4	39	42
Cell296	1	2	1	23
Cell297	1	1	43	13
Cell298	1	21	35	12
Cell299	1	5	5	11
Cell300	1	6	40	26
Cell301	1	19	13	63
Cell302	1	2	47	14
Cell303	1	17	18	18
Cell304	1	6	22	9
Cell305	1	4	28	17
Cell306	1	13	44	46
Cell307	1	5	60	53
Cell308	1	9	14	62
Cell309	1	3	19	44
Cell310	1	8	52	38
Cell311	1	1	11	5
Cell312	1	12	58	58
Cell313	1	5	5	47
Cell314	1	2	29	23
Cell315	1	3	57	48
Cell316	1	6	10	3
Cell317	1	10	30	47
Cell318	1	3	20	44
Cell319	1	5	5	30
Cell320	1	15	48	50
Cell321	1	5	15	16
Cell322	1	4	28	1
Cell323	1	19	13	63
Cell324	1	8	54	49
Cell325	1	2	46	54
Cell326	1	6	10	1
Cell327	1	6	40	60
Cell328	1	8	54	1
Cell329	1	11	32	16
Cell330	1	4	7	34
Cell331	1	6	37	1
Cell332	1	5	5	47
Cell333	1	1	33	60
Cell334	1	7	36	46
Cell335	1	14	2	41
Cell336	1	15	48	50
Cell337	1	12	58	58
Cell338	1	5	5	56
Cell339	1	6	40	26
Cell340	1	13	36	64
Cell341	1	3	57	61
Cell343	1	5	15	46
Cell344	1	6	40	26
Cell345	1	15	48	50
Cell346	1	3	19	44
Cell347	1	8	54	38
Cell348	1	4	7	51
Cell350	1	7	21	56
Cell351	1	2	56	52
Cell352	1	6	9	3
Cell353	1	1	53	57
Cell355	1	1	63	59
Cell356	1	5	5	52
Cell357	1	4	28	34
Cell358	1	10	30	22
Cell359	1	21	51	12
Cell360	1	3	20	45
Cell361	1	21	35	12
Cell362	1	10	30	22
Cell364	1	8	54	49
Cell365	1	2	26	54
Cell366	1	3	20	61
Cell367	1	11	11	16
Cell368	1	1	43	19
Cell369	1	3	19	44
Cell370	1	9	14	25
Cell371	1	2	56	16
Cell372	1	8	41	9
Cell373	1	5	5	23
Cell374	1	1	53	15
Cell375	1	22	16	21
Cell376	1	8	54	49
Cell377	1	4	39	42
Cell378	1	22	62	21
Cell379	1	1	11	37
Cell380	1	1	8	28
Cell381	1	12	58	58
Cell383	1	7	31	40
Cell384	1	15	48	50
Cell385	1	7	36	8
Cell387	1	5	60	53
Cell388	1	1	63	24
Cell389	1	7	31	34
Cell390	1	4	28	40
Cell391	1	11	4	31
Cell392	1	5	5	10
Cell393	1	21	51	12
Cell394	1	1	43	5
Cell395	1	21	35	31
Cell396	1	1	53	60
Cell397	1	5	18	20
Cell398	1	7	21	56
Cell399	1	4	38	43
Cell400	1	3	12	24
Cell401	1	12	58	58
Cell402	1	6	9	20
Cell403	1	6	40	26
Cell404	1	1	11	19
Cell406	1	17	18	18
Cell407	1	14	2	41
Cell408	1	1	53	59
Cell411	1	4	39	42
Cell412	1	6	10	60
Cell413	1	6	10	15
Cell414	1	14	2	32
Cell415	1	1	11	13
Cell416	1	10	30	22
Cell417	1	5	5	47
Cell418	1	17	18	51
Cell419	1	6	40	60
Cell420	1	12	58	58
Cell421	1	8	54	49
Cell422	1	6	22	31
Cell423	1	21	51	12
Cell424	1	21	51	12
Cell425	1	3	12	61
Cell426	1	1	11	13
Cell427	1	5	42	52
Cell428	1	12	59	31
Cell429	1	1	8	7
Cell431	1	18	50	6
Cell432	1	18	50	6
Cell433	1	2	29	23
Cell434	1	10	34	47
Cell435	1	3	20	35
Cell436	1	1	8	42
Cell437	1	2	47	20
Cell438	1	3	57	59
Cell439	1	5	5	35
Cell440	1	3	23	48
Cell441	1	19	13	63
Cell442	1	5	15	11
Cell443	1	4	11	16
Cell444	1	2	56	14
Cell445	1	9	24	16
Cell446	1	6	10	1
Cell447	1	1	11	51
Cell448	1	5	42	52
Cell449	1	6	40	26
Cell450	1	2	26	54
Cell451	1	1	17	13
Cell452	1	1	11	51
Cell453	1	4	39	1
Cell454	1	19	13	63
Cell455	1	15	48	50
Cell456	1	9	49	62
Cell457	1	7	36	25
Cell458	1	8	45	39
Cell459	1	18	50	6
Cell460	1	1	43	13
Cell461	1	8	54	49
Cell462	1	1	8	28
Cell463	1	6	37	1
Cell466	1	12	58	58
Cell467	1	2	4	16
Cell468	1	10	34	60
Cell469	1	7	31	40
Cell470	1	12	58	58
Cell471	1	8	41	38
Cell473	1	1	43	17
Cell474	1	2	56	16
Cell475	1	6	61	3
Cell476	1	2	1	23
Cell477	1	3	19	44
Cell478	1	11	32	33
Cell479	1	3	12	48
Cell480	1	4	38	43
Cell481	1	13	44	10
Cell482	1	9	24	31
Cell483	1	4	28	34
Cell484	1	4	38	42
Cell485	1	11	32	33
Cell486	1	9	49	60
Cell487	1	5	60	51
Cell488	1	20	64	55
Cell489	1	9	14	31
Cell490	1	5	42	52
Cell491	1	3	19	61
Cell492	1	8	45	39
Cell493	1	21	35	24
Cell494	1	10	34	36
Cell495	1	8	41	38
Cell496	1	2	27	11
Cell497	1	2	46	54
Cell498	1	2	1	11
Cell499	1	7	28	64
Cell500	1	1	47	19
Cell501	1	2	56	19
Cell502	1	15	48	35
Cell503	1	2	27	24
Cell504	1	2	29	30
Cell505	1	5	5	47
Cell506	1	1	33	59
Cell507	1	3	20	61
Cell508	1	8	41	45
Cell509	1	4	39	42
Cell510	1	2	26	54
Cell511	1	2	4	60
Cell512	1	19	13	63
Cell513	1	2	4	16
Cell514	1	1	33	27
Cell515	1	2	26	54
Cell516	1	12	58	58
Cell518	1	12	58	58
Cell519	1	1	17	32
Cell520	1	10	23	36
Cell521	1	13	44	10
Cell522	1	2	4	2
Cell523	1	1	11	34
Cell524	1	7	31	8
Cell525	1	16	6	4
Cell526	1	11	32	34
Cell527	1	10	30	22
Cell528	1	1	53	28
Cell529	1	6	9	3
Cell530	1	5	5	54
Cell531	1	8	45	39
Cell532	1	7	21	46
Cell533	1	3	12	61
Cell534	1	5	60	53
Cell535	1	1	63	16
Cell536	1	13	44	10
Cell537	1	6	10	15
Cell538	1	8	45	39
Cell539	1	14	2	41
Cell540	1	20	25	55
Cell541	1	3	19	32
Cell542	1	2	29	5
Cell543	1	4	38	8
Cell544	1	13	44	10
Cell545	1	21	51	12
Cell547	1	3	12	48
Cell548	1	12	59	2
Cell549	1	6	61	3
Cell551	1	8	45	24
Cell552	1	6	10	24
Cell553	1	5	44	47
Cell554	1	18	50	6
Cell555	1	5	15	7
Cell556	1	15	48	50
Cell557	1	7	42	7
Cell558	1	10	34	47
Cell559	1	9	49	64
Cell560	1	3	57	60
Cell561	1	8	54	39
Cell564	1	5	5	35
Cell565	1	7	31	31
Cell566	1	9	24	45
Cell567	1	4	38	7
Cell568	1	8	54	49
Cell569	1	14	2	41
Cell570	1	3	12	57
Cell571	1	1	43	14
Cell572	1	2	1	23
Cell573	1	16	6	15
Cell574	1	6	9	26
Cell575	1	5	60	11
Cell576	1	2	1	23
Cell577	1	21	51	12
Cell578	1	8	45	39
Cell579	1	7	21	46
Cell580	1	7	21	7
Cell581	1	6	37	43
Cell582	1	9	24	62
Cell583	1	10	30	22
Cell584	1	17	18	18
Cell585	1	1	8	28
Cell586	1	6	37	17
Cell587	1	3	57	48
Cell589	1	1	53	57
Cell590	1	6	61	3
Cell591	1	4	39	42
Cell592	1	17	18	18
Cell593	1	2	56	19
Cell594	1	5	15	26
Cell595	1	5	5	47
Cell597	1	10	34	36
Cell598	1	9	49	25
Cell599	1	5	60	53
Cell600	1	7	36	62
Cell601	1	10	34	36
Cell602	1	4	28	13
Cell603	1	1	43	59
Cell604	1	5	5	60
Cell605	1	12	27	3
Cell606	1	16	6	4
Cell607	1	6	10	1
Cell608	1	14	2	41
Cell609	1	1	43	46
Cell610	1	10	23	60
Cell611	1	4	28	11
Cell612	1	8	52	38
Cell613	1	21	51	12
Cell614	1	2	56	14
Cell615	1	8	45	39
Cell616	1	1	43	13
Cell617	1	13	44	10
Cell618	1	10	30	22
Cell619	1	2	46	59
Cell620	1	12	58	58
Cell622	1	7	31	40
Cell623	1	5	15	35
Cell624	1	4	39	42
Cell626	1	5	5	30
Cell627	1	4	28	34
Cell628	1	4	39	7
Cell629	1	19	13	63
Cell630	1	4	39	42
Cell631	1	2	46	54
Cell632	1	2	29	20
Cell633	1	10	30	22
Cell634	1	1	63	32
Cell635	1	5	60	43
Cell636	1	17	18	31
Cell639	1	8	54	35
Cell640	1	1	43	13
Cell641	1	12	59	15
Cell642	1	8	54	49
Cell643	1	6	61	20
Cell644	1	15	48	34
Cell645	1	2	56	20
Cell646	1	13	44	10
Cell647	1	7	31	40
Cell648	1	6	9	3
Cell649	1	6	40	26
Cell650	1	15	48	50
Cell651	1	4	10	3
Cell652	1	8	45	39
Cell653	1	13	36	29
Cell654	1	9	49	9
Cell655	1	6	37	17
Cell656	1	15	48	50
Cell657	1	7	7	43
Cell658	1	3	12	2
Cell659	1	6	10	24
Cell660	1	22	62	21
Cell661	1	5	15	11
Cell662	1	9	14	31
Cell663	1	1	53	43
Cell664	1	7	36	8
Cell665	1	3	23	64
Cell666	1	19	13	63
Cell667	1	6	22	38
Cell668	1	6	22	9
Cell669	1	10	34	36
Cell670	1	11	32	27
Cell671	1	3	23	36
Cell673	1	2	47	37
Cell674	1	2	27	24
Cell675	1	3	57	47
Cell676	1	7	21	31
Cell677	1	1	53	2
Cell678	1	18	50	6
Cell679	1	1	63	28
Cell680	1	10	30	22
Cell681	1	8	54	49
Cell682	1	14	2	41
Cell684	1	6	40	26
Cell685	1	5	42	25
Cell686	1	2	47	14
Cell687	1	4	28	34
Cell688	1	8	41	52
Cell689	1	3	20	10
Cell690	1	5	60	53
Cell691	1	7	31	40
Cell692	1	13	44	9
Cell694	1	5	5	47
Cell695	1	6	37	43
Cell696	1	9	49	62
Cell697	1	2	56	43
Cell698	1	11	32	33
Cell699	1	6	39	2
Cell700	1	1	43	16
Cell701	1	7	21	7
Cell702	1	3	19	44
Cell703	1	14	2	41
Cell704	1	8	41	38
Cell705	1	10	30	20
Cell706	1	22	16	52
Cell707	1	2	60	53
Cell708	1	2	47	14
Cell709	1	16	6	4
Cell710	1	1	43	17
Cell711	1	4	11	5
Cell712	1	2	56	14
Cell713	1	15	48	50
Cell714	1	3	12	48
Cell715	1	8	45	39
Cell716	1	1	11	5
Cell717	1	12	59	32
Cell718	1	3	57	48
Cell719	1	21	51	12
Cell720	1	17	18	18
Cell721	1	16	6	4
Cell722	1	5	5	35
Cell723	1	13	36	8
Cell724	1	1	11	37
Cell725	1	4	38	51
Cell726	1	4	7	37
Cell727	1	1	8	57
Cell728	1	5	5	47
Cell729	1	11	32	33
Cell730	1	7	21	7
Cell731	1	6	40	26
Cell732	1	5	5	30
Cell733	1	5	60	31
Cell734	1	20	25	55
Cell735	1	2	56	14
Cell738	1	5	15	56
Cell739	1	9	24	9
Cell740	1	9	49	9
Cell741	1	1	33	34
Cell742	1	2	26	23
Cell743	1	14	2	41
Cell744	1	16	6	45
Cell745	1	7	36	46
Cell746	1	11	32	33
Cell747	1	7	36	56
Cell748	1	5	42	25
Cell749	1	2	29	23
Cell750	1	3	57	47
Cell751	1	21	35	12
Cell752	1	4	28	34
Cell754	1	20	25	55
Cell756	1	5	15	16
Cell757	1	1	17	13
Cell758	1	5	5	59
Cell759	1	4	38	43
Cell760	1	6	9	24
Cell761	1	10	30	22
Cell762	1	7	31	40
Cell763	1	7	21	53
Cell764	1	14	2	41
Cell765	1	7	31	34
Cell766	1	8	41	24
Cell767	1	3	19	44
Cell768	1	3	19	61
Cell769	1	3	57	59
Cell770	1	12	58	58
Cell771	1	19	13	63
Cell772	1	4	7	37
Cell773	1	5	15	7
Cell774	1	1	63	28
Cell775	1	1	53	57
Cell776	1	2	29	24
Cell777	1	9	14	31
Cell778	1	9	49	38
Cell779	1	20	25	55
Cell780	1	3	19	40
Cell781	1	7	36	46
Cell782	1	17	18	18
Cell783	1	15	48	50
Cell784	1	1	11	37
Cell785	1	3	12	11
Cell786	1	5	60	53
Cell787	1	12	58	58
Cell788	1	5	42	25
Cell789	1	3	20	61
Cell790	1	14	2	41
Cell791	1	8	52	38
Cell792	1	2	56	33
Cell793	1	13	44	10
Cell794	1	6	37	2
Cell795	1	21	35	12
Cell796	1	5	15	7
Cell797	1	9	24	62
Cell798	1	15	48	50
Cell799	1	14	2	41
Cell800	1	5	60	46
Cell801	1	10	30	22
Cell802	1	20	3	16
Cell803	1	18	55	6
Cell804	1	4	28	57
Cell805	1	9	36	40
Cell806	1	14	2	41
Cell807	1	11	32	33
Cell808	1	1	11	17
Cell809	1	6	40	26
Cell810	1	12	59	56
Cell811	1	22	16	21
Cell812	1	5	15	30
Cell814	1	13	24	40
Cell815	1	8	54	30
Cell816	1	8	54	49
Cell817	1	6	55	45
Cell818	1	2	29	23
Cell819	1	3	19	44
Cell820	1	6	22	1
Cell821	1	4	39	15
Cell822	1	2	47	13
Cell823	1	11	32	15
Cell824	1	14	2	41
Cell826	1	18	50	6
Cell827	1	1	47	16
Cell829	1	4	39	42
Cell830	1	19	13	63
Cell831	1	3	23	36
Cell832	1	3	57	43
Cell833	1	3	12	48
Cell834	1	13	36	8
Cell836	1	5	15	30
Cell837	1	13	44	10
Cell838	1	7	21	16
Cell839	1	20	25	55
Cell840	1	11	32	5
Cell841	1	6	10	8
Cell842	1	4	39	42
Cell843	1	4	28	2
Cell844	1	9	24	51
Cell845	1	20	25	55
Cell846	1	19	13	63
Cell848	1	10	23	8
Cell850	1	7	31	29
Cell851	1	12	58	24
Cell852	1	1	43	60
Cell853	1	6	37	1
Cell854	1	8	41	38
Cell855	1	4	10	1
Cell856	1	12	58	58
Cell857	1	5	5	11
Cell858	1	11	32	24
Cell859	1	1	33	28
Cell860	1	2	56	14
Cell861	1	1	11	19
Cell862	1	14	2	25
Cell863	1	2	26	54
Cell864	1	12	58	58
Cell865	1	4	39	42
Cell866	1	12	58	45
Cell867	1	9	14	62
Cell868	1	3	19	44
Cell869	1	8	54	22
Cell870	1	12	58	58
Cell871	1	8	54	39
Cell872	1	6	37	64
Cell873	1	1	8	28
Cell874	1	10	34	36
Cell875	1	9	49	29
Cell876	1	3	57	48
Cell877	1	13	44	10
Cell879	1	3	12	59
Cell880	1	2	29	23
Cell881	1	7	36	40
Cell882	1	1	33	43
Cell883	1	5	60	53
Cell884	1	18	50	6
Cell885	1	7	36	46
Cell886	1	22	62	21
Cell888	1	16	6	4
Cell889	1	8	41	9
Cell890	1	6	9	2
Cell891	1	7	7	34
Cell892	1	22	16	21
Cell893	1	2	56	14
Cell894	1	6	10	1
Cell895	1	1	53	57
Cell896	1	10	30	22
Cell897	1	2	26	54
Cell898	1	2	56	60
Cell899	1	6	61	3
Cell900	1	2	29	48
Cell901	1	8	54	49
Cell902	1	2	1	23
Cell903	1	15	48	50
Cell904	1	4	7	16
Cell905	1	12	59	34
Cell906	1	8	54	39
Cell907	1	7	31	8
Cell908	1	5	42	53
Cell909	1	16	6	4
Cell910	1	4	7	37
Cell911	1	10	30	22
Cell912	1	1	11	13
Cell913	1	5	60	53
Cell914	1	20	25	55
Cell915	1	4	38	26
Cell916	1	8	54	49
Cell917	1	6	10	1
Cell918	1	10	30	59
Cell919	1	11	32	5
Cell920	1	4	38	43
Cell921	1	2	56	14
Cell922	1	4	38	5
Cell923	1	1	53	60
Cell924	1	15	48	50
Cell925	1	9	24	8
Cell926	1	6	10	37
Cell927	1	6	37	1
Cell928	1	1	33	57
Cell929	1	18	50	37
Cell930	1	6	61	27
Cell931	1	1	53	57
Cell932	1	10	30	22
Cell933	1	7	36	56
Cell934	1	4	7	5
Cell935	1	2	56	14
Cell936	1	1	53	24
Cell937	1	17	18	18
Cell938	1	20	25	55
Cell939	1	3	19	35
Cell940	1	9	49	62
Cell942	1	22	62	21
Cell943	1	16	6	4
Cell944	1	13	44	8
Cell945	1	22	16	21
Cell947	1	1	8	28
Cell948	1	18	50	6
Cell949	1	13	44	10
Cell950	1	1	63	13
Cell951	1	1	64	59
Cell952	1	1	17	12
Cell953	1	8	52	62
Cell954	1	7	36	52
Cell955	1	6	40	26
Cell956	1	9	49	24
Cell957	1	6	55	3
Cell958	1	5	5	30
Cell959	1	5	5	25
Cell960	1	22	62	21
Cell961	1	8	45	39
Cell962	1	1	63	7
Cell963	1	20	3	55
Cell964	1	7	21	31
Cell965	1	2	4	60
Cell966	1	9	24	64
Cell968	1	3	57	59
Cell969	1	15	48	25
Cell970	1	2	29	5
Cell972	1	17	18	18
Cell973	1	21	51	12
Cell974	1	3	57	48
Cell975	1	20	25	55
Cell976	1	4	7	46
Cell977	1	2	56	14
Cell978	1	2	29	19
Cell979	1	5	5	47
Cell980	1	11	32	16
Cell981	1	4	28	25
Cell982	1	4	39	2
Cell983	1	3	12	59
Cell984	1	1	17	32
Cell985	1	1	11	34
Cell986	1	15	48	50
Cell987	1	7	21	52
Cell988	1	10	30	47
Cell989	1	9	24	47
Cell990	1	5	5	60
Cell991	1	11	32	37
Cell992	1	6	37	27
Cell993	1	3	57	26
Cell994	1	3	57	53
Cell995	1	13	36	8
Cell996	1	15	48	50
Cell997	1	21	51	12
Cell998	1	1	11	37
Cell999	1	16	6	32
Cell1000	1	2	56	14
Cell1001	1	7	21	8
Cell1002	1	1	11	59
Cell1003	1	20	25	55
Cell1004	1	8	45	25
Cell1005	1	3	20	32
Cell1006	1	12	58	58
Cell1007	1	1	63	28
Cell1008	1	18	50	6
Cell1009	1	13	44	10
Cell1010	1	15	48	50
Cell1012	1	13	44	10
Cell1013	1	2	4	48
Cell1014	1	2	56	14
Cell1015	1	1	33	28
Cell1016	1	2	4	19
Cell1017	1	7	31	29
Cell1018	1	10	34	36
Cell1020	1	9	14	62
Cell1021	1	3	19	61
Cell1022	1	3	23	49
Cell1023	1	4	11	5
Cell1024	1	8	45	39
Cell1025	1	2	26	54
Cell1026	1	1	53	57
Cell1027	1	5	34	56
Cell1028	1	5	15	30
Cell1029	1	7	21	29
Cell1030	1	4	16	7
Cell1031	1	4	7	1
Cell1032	1	7	36	53
Cell1033	1	7	31	34
Cell1034	1	11	42	52
Cell1035	1	9	24	30
Cell1036	1	16	6	45
Cell1037	1	2	56	59
Cell1038	1	12	58	58
Cell1039	1	3	57	48
Cell1040	1	6	9	26
Cell1041	1	9	14	31
Cell1043	1	2	46	13
Cell1044	1	2	27	23
Cell1045	1	6	9	3
Cell1046	1	2	47	24
Cell1047	1	18	50	6
Cell1048	1	6	22	31
Cell1049	1	4	39	42
Cell1050	1	9	49	62
Cell1051	1	4	38	27
Cell1052	1	3	19	44
Cell1053	1	2	60	51
Cell1054	1	21	51	12
Cell1055	1	4	28	27
Cell1056	1	11	4	53
Cell1057	1	9	14	56
Cell1058	1	9	49	62
Cell1059	1	7	21	52
Cell1060	1	7	36	53
Cell1061	1	2	29	15
Cell1062	1	3	19	44
Cell1063	1	7	7	16
Cell1064	1	9	14	62
Cell1065	1	5	15	35
Cell1066	1	6	40	26
Cell1067	1	1	8	28
Cell1068	1	14	2	41
Cell1069	1	13	36	17
Cell1070	1	1	63	13
Cell1071	1	11	4	46
Cell1072	1	2	29	53
Cell1073	1	9	14	29
Cell1074	1	11	42	31
Cell1075	1	20	3	55
Cell1076	1	10	23	56
Cell1077	1	4	28	51
Cell1078	1	2	26	54
Cell1080	1	1	11	13
Cell1082	1	21	46	54
Cell1083	1	18	50	6
Cell1084	1	2	29	23
Cell1085	1	2	47	19
Cell1086	1	14	2	10
Cell1087	1	5	60	20
Cell1088	1	13	44	10
Cell1089	1	1	43	19
Cell1090	1	7	31	27
Cell1091	1	11	32	33
Cell1092	1	8	41	10
Cell1093	1	12	58	58
Cell1095	1	21	51	12
Cell1096	1	9	49	27
Cell1097	1	3	12	61
Cell1098	1	1	43	13
Cell1099	1	3	12	32
Cell1100	1	18	50	6
Cell1101	1	12	59	45
Cell1102	1	6	61	3
Cell1103	1	12	59	27
Cell1104	1	4	39	42
Cell1105	1	1	63	17
Cell1106	1	5	5	47
Cell1107	1	1	63	17
Cell1108	1	6	40	25
Cell1109	1	14	2	41
Cell1110	1	3	12	32
Cell1111	1	2	4	61
Cell1112	1	2	26	23
Cell1113	1	16	6	4
Cell1114	1	6	10	15
Cell1115	1	11	32	25
Cell1118	1	4	38	43
Cell1119	1	9	14	30
Cell1120	1	8	54	49
Cell1121	1	2	1	20
Cell1122	1	7	21	8
Cell1123	1	1	43	5
Cell1124	1	21	51	12
Cell1126	1	16	6	4
Cell1127	1	13	24	8
Cell1128	1	2	56	16
Cell1129	1	4	7	51
Cell1130	1	3	19	44
Cell1131	1	1	33	17
Cell1132	1	1	17	17
Cell1133	1	1	17	13
Cell1135	1	5	44	30
Cell1136	1	21	51	12
Cell1137	1	6	61	3
Cell1138	1	8	52	30
Cell1139	1	16	6	4
Cell1140	1	18	50	6
Cell1141	1	5	60	37
Cell1142	1	10	34	36
Cell1143	1	11	32	37
Cell1144	1	13	44	10
Cell1145	1	12	59	34
Cell1146	1	5	60	53
Cell1147	1	2	56	32
Cell1148	1	4	28	1
Cell1149	1	21	35	59
Cell1150	1	10	34	47
Cell1151	1	17	18	18
Cell1152	1	9	24	40
Cell1153	1	20	25	55
Cell1154	1	1	8	57
Cell1155	1	1	11	1
Cell1156	1	8	45	39
Cell1157	1	11	4	11
Cell1158	1	15	48	50
Cell1159	1	2	4	60
Cell1161	1	14	2	41
Cell1162	1	20	3	55
Cell1163	1	3	12	48
Cell1164	1	4	7	40
Cell1165	1	4	39	42
Cell1166	1	10	23	47
Cell1167	1	20	25	55
Cell1168	1	8	41	15
Cell1169	1	9	14	29
Cell1170	1	9	24	46
Cell1171	1	6	22	34
Cell1172	1	6	22	9
Cell1173	1	15	48	64
Cell1175	1	15	48	50
Cell1176	1	6	61	3
Cell1177	1	14	2	41
Cell1178	1	13	15	8
Cell1179	1	8	45	39
Cell1180	1	17	18	18
Cell1181	1	10	30	22
Cell1182	1	2	4	14
Cell1183	1	1	43	13
Cell1184	1	4	39	42
Cell1185	1	3	12	48
Cell1186	1	1	43	34
Cell1187	1	2	29	19
Cell1188	1	7	21	40
Cell1189	1	19	13	63
Cell1190	1	18	55	29
Cell1191	1	6	10	27
Cell1192	1	16	6	4
Cell1193	1	1	17	17
Cell1194	1	6	37	1
Cell1195	1	10	34	36
Cell1196	1	5	15	11
Cell1197	1	8	41	38
Cell1198	1	10	34	36
Cell1199	1	3	57	48
Cell1200	1	7	36	8
Cell1201	1	2	56	54
Cell1202	1	6	37	29
Cell1203	1	5	5	47
Cell1204	1	6	61	3
Cell1205	1	1	53	57
Cell1206	1	6	37	1
Cell1207	1	6	10	64
Cell1208	1	6	10	15
Cell1209	1	13	44	10
Cell1210	1	3	20	25
Cell1211	1	3	57	8
Cell1212	1	9	49	24
Cell1213	1	12	58	58
Cell1214	1	5	42	2
Cell1215	1	2	29	23
Cell1216	1	4	38	25
Cell1217	1	18	50	6
Cell1218	1	10	30	22
Cell1219	1	8	41	38
Cell1220	1	7	31	40
Cell1221	1	8	41	38
Cell1222	1	19	13	63
Cell1223	1	14	2	41
Cell1224	1	18	50	6
Cell1225	1	4	39	42
Cell1226	1	7	31	40
Cell1227	1	10	34	36
Cell1228	1	4	39	42
Cell1229	1	10	34	30
Cell1230	1	7	28	43
Cell1231	1	2	46	54
Cell1232	1	7	36	29
Cell1235	1	9	14	62
Cell1236	1	4	39	42
Cell1237	1	7	36	8
Cell1238	1	21	51	12
Cell1239	1	11	42	52
Cell1240	1	4	28	37
Cell1241	1	15	48	50
Cell1242	1	6	40	60
Cell1243	1	4	28	34
Cell1244	1	6	22	32
Cell1245	1	11	4	53
Cell1246	1	4	38	17
Cell1247	1	7	36	51
Cell1248	1	7	21	33
Cell1249	1	7	42	61
Cell1250	1	5	15	16
Cell1251	1	7	31	40
Cell1252	1	18	50	6
Cell1253	1	9	24	29
Cell1254	1	5	15	35
Cell1255	1	3	19	44
Cell1256	1	2	29	47
Cell1257	1	15	48	50
Cell1258	1	4	39	3
Cell1259	1	6	40	26
Cell1260	1	8	45	39
Cell1261	1	12	58	58
Cell1262	1	9	49	9
Cell1263	1	12	58	58
Cell1264	1	9	49	9
Cell1265	1	4	7	2
Cell1266	1	21	51	12
Cell1267	1	20	25	55
Cell1268	1	2	46	54
Cell1269	1	7	31	34
Cell1270	1	1	47	51
Cell1271	1	4	39	8
Cell1272	1	11	32	33
Cell1273	1	2	27	20
Cell1274	1	3	57	48
Cell1275	1	13	44	7
Cell1276	1	21	51	12
Cell1277	1	6	40	3
Cell1278	1	8	45	59
Cell1279	1	16	6	4
Cell1280	1	1	8	2
Cell1281	1	5	15	16
Cell1282	1	5	15	7
Cell1283	1	4	7	31
Cell1284	1	5	5	60
Cell1285	1	3	23	60
Cell1287	1	3	20	61
Cell1288	1	3	57	48
Cell1289	1	6	22	2
Cell1290	1	2	1	51
Cell1291	1	10	30	22
Cell1292	1	8	49	9
Cell1293	1	9	14	62
Cell1294	1	7	21	37
Cell1295	1	2	4	53
Cell1297	1	2	4	59
Cell1298	1	3	12	24
Cell1299	1	17	18	18
Cell1300	1	13	36	46
Cell1301	1	13	44	10
Cell1302	1	8	45	39
Cell1303	1	22	16	21
Cell1304	1	21	35	27
Cell1305	1	2	29	20
Cell1306	1	5	15	23
Cell1307	1	14	2	41
Cell1308	1	13	44	32
Cell1310	1	2	27	59
Cell1311	1	1	63	1
Cell1312	1	1	33	43
Cell1313	1	2	47	16
Cell1314	1	3	19	44
Cell1315	1	20	3	27
Cell1316	1	3	19	61
Cell1317	1	2	56	14
Cell1318	1	5	15	37
Cell1320	1	4	39	42
Cell1321	1	2	29	11
Cell1322	1	18	50	6
Cell1323	1	14	2	45
Cell1324	1	5	5	47
Cell1325	1	11	4	11
Cell1326	1	4	28	40
Cell1327	1	4	37	45
Cell1328	1	2	1	24
Cell1329	1	7	36	8
Cell1330	1	9	24	10
Cell1331	1	3	19	44
Cell1332	1	15	48	50
Cell1333	1	6	37	11
Cell1335	1	1	43	28
Cell1336	1	3	57	11
Cell1338	1	20	25	55
Cell1339	1	17	18	18
Cell1340	1	4	38	24
Cell1341	1	13	44	10
Cell1342	1	10	34	36
Cell1343	1	5	44	30
Cell1344	1	14	2	27
Cell1345	1	5	5	47
Cell1346	1	12	59	58
Cell1347	1	9	14	62
Cell1348	1	11	32	33
Cell1349	1	2	29	20
Cell1350	1	9	14	62
Cell1351	1	7	21	25
Cell1352	1	1	43	13
Cell1353	1	8	52	49
Cell1354	1	1	43	28
Cell1355	1	2	4	60
Cell1356	1	6	37	29
Cell1357	1	3	19	25
Cell1358	1	5	42	35
Cell1359	1	5	60	53
Cell1360	1	12	58	58
Cell1361	1	2	56	14
Cell1362	1	7	36	31
Cell1363	1	13	44	10
Cell1364	1	22	62	21
Cell1365	1	1	33	13
Cell1366	1	4	39	42
Cell1367	1	10	34	36
Cell1368	1	8	45	9
Cell1369	1	7	14	29
Cell1370	1	19	13	15
Cell1371	1	5	15	56
Cell1372	1	21	51	12
Cell1373	1	1	63	28
Cell1374	1	14	2	41
Cell1375	1	6	40	26
Cell1376	1	7	31	2
Cell1377	1	11	32	33
Cell1378	1	4	7	31
Cell1379	1	4	39	1
Cell1380	1	1	63	64
Cell1381	1	2	29	33
Cell1383	1	8	41	9
Cell1384	1	19	13	63
Cell1385	1	15	48	50
Cell1386	1	6	40	26
Cell1387	1	3	12	11
Cell1388	1	19	13	63
Cell1389	1	9	24	9
Cell1390	1	4	7	27
Cell1391	1	14	2	41
Cell1392	1	2	26	54
Cell1393	1	8	54	49
Cell1394	1	10	34	36
Cell1395	1	3	60	60
Cell1396	1	3	12	61
Cell1397	1	18	50	6
Cell1398	1	16	6	4
Cell1399	1	3	19	44
Cell1400	1	4	7	51
Cell1401	1	3	57	60
Cell1402	1	1	53	28
Cell1403	1	1	11	5
Cell1404	1	14	2	27
Cell1405	1	5	5	56
Cell1406	1	9	14	29
Cell1407	1	7	36	46
Cell1408	1	8	41	51
Cell1409	1	4	7	20
Cell1412	1	14	2	41
Cell1413	1	16	6	4
Cell1414	1	11	32	33
Cell1415	1	3	19	32
Cell1416	1	20	25	55
Cell1417	1	15	48	50
Cell1418	1	17	18	18
Cell1419	1	4	10	52
Cell1421	1	17	18	18
Cell1422	1	10	30	22
Cell1423	1	2	26	54
Cell1424	1	4	28	5
Cell1425	1	1	17	12
Cell1426	1	4	7	33
Cell1427	1	9	49	9
Cell1428	1	11	32	33
Cell1429	1	9	49	62
Cell1430	1	6	61	3
Cell1431	1	8	52	49
Cell1432	1	18	50	6
Cell1433	1	1	11	59
Cell1434	1	21	35	24
Cell1436	1	5	60	53
Cell1437	1	16	6	4
Cell1438	1	2	29	23
Cell1439	1	5	5	47
Cell1440	1	5	60	53
Cell1441	1	22	62	31
Cell1442	1	19	13	63
Cell1443	1	9	49	9
Cell1444	1	20	25	55
Cell1445	1	2	46	31
Cell1446	1	9	14	62
Cell1447	1	2	47	15
Cell1448	1	19	13	63
Cell1449	1	3	20	61
Cell1450	1	4	28	40
Cell1451	1	3	19	44
Cell1452	1	17	18	18
Cell1453	1	5	5	47
Cell1455	1	19	13	63
Cell1456	1	13	44	37
Cell1458	1	4	39	42
Cell1459	1	1	17	5
Cell1460	1	4	10	27
Cell1461	1	7	21	34
Cell1462	1	8	41	38
Cell1464	1	8	54	49
Cell1465	1	2	29	56
Cell1466	1	1	11	45
Cell1467	1	2	1	23
Cell1468	1	3	12	48
Cell1469	1	10	34	36
Cell1470	1	5	5	45
Cell1471	1	15	41	38
Cell1472	1	1	53	57
Cell1473	1	19	13	63
Cell1474	1	19	13	10
Cell1475	1	16	6	4
Cell1476	1	3	57	48
Cell1477	1	10	34	36
Cell1478	1	19	13	63
Cell1479	1	13	44	35
Cell1480	1	2	29	20
Cell1481	1	1	43	5
Cell1482	1	12	58	58
Cell1483	1	9	49	9
Cell1484	1	7	36	8
Cell1485	1	4	7	43
Cell1486	1	4	38	37
Cell1487	1	9	49	51
Cell1488	1	9	24	49
Cell1489	1	17	18	18
Cell1490	1	4	7	51
Cell1491	1	7	31	8
Cell1492	1	20	64	57
Cell1493	1	6	22	9
Cell1494	1	20	64	25
Cell1495	1	1	38	64
Cell1496	1	12	58	34
Cell1497	1	6	10	1
Cell1498	1	22	62	21
Cell1499	1	14	2	41
Cell1500	1	1	53	28
Cell1501	1	2	46	54
Cell1502	1	7	31	29
Cell1503	1	1	51	12
Cell1504	1	1	63	28
Cell1505	1	6	9	3
Cell1506	1	1	11	43
Cell1507	1	9	24	30
Cell1508	1	9	49	64
Cell1509	1	15	48	15
Cell1510	1	21	35	12
Cell1511	1	1	11	16
Cell1512	1	6	61	27
Cell1513	1	12	58	58
Cell1514	1	8	45	8
Cell1515	1	13	15	64
Cell1516	1	1	17	59
Cell1517	1	6	10	2
Cell1518	1	10	30	47
Cell1519	1	1	43	19
Cell1520	1	5	15	51
Cell1521	1	13	44	15
Cell1522	1	17	18	18
Cell1523	1	9	49	62
Cell1524	1	6	22	38
Cell1525	1	8	49	38
Cell1526	1	1	43	19
Cell1527	1	6	61	10
Cell1528	1	8	54	49
Cell1529	1	2	4	20
Cell1530	1	8	45	39
Cell1531	1	6	40	36
Cell1532	1	11	4	52
Cell1533	1	4	28	43
Cell1534	1	1	43	37
Cell1535	1	15	48	50
Cell1536	1	5	34	47
Cell1537	1	3	12	24
Cell1538	1	8	54	49
Cell1539	1	21	51	12
Cell1540	1	3	19	61
Cell1541	1	7	36	56
Cell1542	1	3	19	44
Cell1543	1	5	15	7
Cell1544	1	21	35	15
Cell1545	1	3	57	48
Cell1546	1	6	61	3
Cell1547	1	11	32	37
Cell1548	1	9	49	10
Cell1549	1	1	38	19
Cell1550	1	7	21	31
Cell1551	1	10	30	22
Cell1553	1	1	11	28
Cell1554	1	7	21	34
Cell1555	1	16	6	17
Cell1556	1	22	16	2
Cell1557	1	4	7	37
Cell1558	1	2	46	14
Cell1559	1	18	50	6
Cell1560	1	6	61	26
Cell1561	1	10	30	22
Cell1562	1	2	12	11
Cell1563	1	4	38	17
Cell1564	1	7	31	25
Cell1565	1	5	60	64
Cell1566	1	7	28	34
Cell1567	1	2	56	14
Cell1568	1	6	9	1
Cell1569	1	5	18	16
Cell1570	1	2	26	59
Cell1571	1	8	41	38
Cell1572	1	4	7	43
Cell1573	1	19	13	63
Cell1574	1	8	45	39
Cell1575	1	11	32	37
Cell1576	1	15	48	50
Cell1577	1	8	54	49
Cell1579	1	3	20	61
Cell1580	1	14	2	7
Cell1581	1	5	15	35
Cell1582	1	4	38	27
Cell1583	1	7	21	7
Cell1584	1	3	57	48
Cell1585	1	1	11	17
Cell1586	1	1	47	19
Cell1587	1	19	13	63
Cell1588	1	2	27	11
Cell1589	1	11	4	25
Cell1590	1	7	21	37
Cell1591	1	12	58	58
Cell1592	1	4	38	37
Cell1593	1	8	45	39
Cell1594	1	1	33	60
Cell1595	1	2	4	31
Cell1597	1	16	6	4
Cell1598	1	6	40	26
Cell1599	1	1	43	16
Cell1600	1	2	46	54
Cell1601	1	6	9	45
Cell1602	1	6	40	26
Cell1603	1	5	5	46
Cell1604	1	22	16	21
Cell1605	1	5	15	46
Cell1606	1	7	21	59
Cell1607	1	1	43	13
Cell1608	1	15	48	50
Cell1609	1	19	13	63
Cell1610	1	4	28	61
Cell1611	1	10	34	36
Cell1612	1	9	24	46
Cell1613	1	9	49	38
Cell1614	1	19	13	63
Cell1615	1	12	58	58
Cell1616	1	1	17	13
Cell1619	1	18	50	24
Cell1620	1	1	8	17
Cell1621	1	15	48	50
Cell1622	1	6	40	26
Cell1623	1	7	36	8
Cell1624	1	13	24	56
Cell1625	1	14	2	41
Cell1626	1	1	63	28
Cell1627	1	3	57	51
Cell1628	1	7	36	7
Cell1629	1	2	56	54
Cell1630	1	4	7	34
Cell1631	1	8	41	38
Cell1632	1	8	52	1
Cell1633	1	16	6	4
Cell1634	1	11	32	51
Cell1635	1	6	40	26
Cell1636	1	2	56	64
Cell1637	1	3	12	24
Cell1638	1	7	31	40
Cell1639	1	13	44	56
Cell1640	1	3	19	44
Cell1641	1	13	44	24
Cell1642	1	2	1	54
Cell1643	1	4	39	42
Cell1644	1	9	49	38
Cell1645	1	11	42	20
Cell1646	1	2	29	11
Cell1647	1	3	19	44
Cell1648	1	6	9	26
Cell1650	1	15	48	50
Cell1651	1	2	27	24
Cell1652	1	9	14	62
Cell1653	1	7	31	15
Cell1654	1	18	50	2
Cell1656	1	7	21	43
Cell1657	1	5	15	52
Cell1658	1	5	5	46
Cell1660	1	9	49	1
Cell1661	1	3	57	46
Cell1662	1	15	48	30
Cell1663	1	13	44	8
Cell1664	1	2	4	25
Cell1665	1	3	12	48
Cell1666	1	2	27	29
Cell1667	1	8	41	62
Cell1668	1	11	42	20
Cell1669	1	7	36	52
Cell1670	1	21	51	12
Cell1671	1	22	62	21
Cell1672	1	7	42	8
Cell1673	1	7	42	29
Cell1674	1	4	39	46
Cell1675	1	5	42	53
Cell1676	1	3	19	44
Cell1677	1	3	19	44
Cell1678	1	5	42	8
Cell1679	1	14	2	41
Cell1680	1	3	19	61
Cell1681	1	4	28	64
Cell1683	1	4	39	1
Cell1684	1	18	50	6
Cell1685	1	13	44	10
Cell1686	1	19	13	63
Cell1687	1	1	63	28
Cell1688	1	16	6	4
Cell1689	1	3	19	44
Cell1690	1	3	57	48
Cell1691	1	5	15	35
Cell1692	1	11	42	62
Cell1693	1	8	54	49
Cell1694	1	7	31	17
Cell1695	1	3	12	20
Cell1696	1	17	18	18
Cell1697	1	18	50	6
Cell1698	1	6	61	3
Cell1699	1	4	38	27
Cell1700	1	7	36	40
Cell1701	1	3	23	2
Cell1702	1	6	22	45
Cell1703	1	2	56	20
Cell1704	1	7	14	2
Cell1705	1	21	51	12
Cell1706	1	4	10	43
Cell1707	1	7	36	45
Cell1708	1	1	47	19
Cell1709	1	13	44	10
Cell1710	1	2	46	54
Cell1711	1	4	11	51
Cell1712	1	18	50	6
Cell1713	1	7	37	40
Cell1715	1	1	63	28
Cell1716	1	3	19	44
Cell1717	1	2	46	54
Cell1718	1	21	51	12
Cell1719	1	17	18	18
Cell1720	1	6	22	9
Cell1721	1	12	58	11
Cell1722	1	3	20	32
Cell1723	1	4	38	2
Cell1724	1	20	25	55
Cell1725	1	10	34	36
Cell1726	1	5	5	47
Cell1727	1	1	43	57
Cell1728	1	2	47	20
Cell1729	1	9	14	62
Cell1730	1	6	22	1
Cell1731	1	6	22	26
Cell1732	1	8	45	39
Cell1733	1	13	18	9
Cell1734	1	20	25	55
Cell1735	1	3	57	48
Cell1736	1	4	10	17
Cell1737	1	15	48	30
Cell1739	1	2	56	14
Cell1740	1	6	40	26
Cell1741	1	8	45	39
Cell1742	1	2	12	23
Cell1743	1	13	36	59
Cell1744	1	11	42	20
Cell1745	1	5	5	46
Cell1747	1	3	57	48
Cell1748	1	12	58	11
Cell1749	1	5	60	61
Cell1750	1	1	33	57
Cell1751	1	2	29	24
Cell1752	1	15	41	38
Cell1753	1	12	59	24
Cell1754	1	1	53	57
Cell1755	1	18	50	6
Cell1756	1	17	18	18
Cell1757	1	11	32	16
Cell1758	1	1	53	57
Cell1759	1	4	38	15
Cell1760	1	15	48	50
Cell1761	1	11	32	16
Cell1762	1	6	61	3
Cell1763	1	6	9	3
Cell1764	1	1	33	37
Cell1765	1	16	6	38
Cell1766	1	5	15	25
Cell1767	1	15	48	50
Cell1768	1	2	29	23
Cell1769	1	3	20	61
Cell1770	1	3	19	29
Cell1771	1	2	1	23
Cell1772	1	8	45	45
Cell1773	1	19	13	63
Cell1774	1	11	47	33
Cell1775	1	12	59	32
Cell1776	1	2	29	19
Cell1777	1	4	38	37
Cell1778	1	14	2	41
Cell1779	1	2	56	14
Cell1780	1	20	25	55
Cell1781	1	5	5	47
Cell1782	1	4	7	60
Cell1783	1	2	46	22
Cell1784	1	15	48	50
Cell1785	1	8	41	38
Cell1786	1	21	51	12
Cell1787	1	9	49	9
Cell1788	1	15	22	45
Cell1789	1	1	47	46
Cell1790	1	2	26	54
Cell1791	1	8	45	45
Cell1792	1	18	50	6
Cell1793	1	20	25	55
Cell1794	1	8	54	64
Cell1795	1	3	19	38
Cell1796	1	17	18	18
Cell1797	1	9	14	2
Cell1798	1	18	50	6
Cell1799	1	17	18	18
Cell1800	1	2	4	60
Cell1801	1	16	6	4
Cell1802	1	7	36	40
Cell1803	1	2	4	23
Cell1804	1	1	17	54
Cell1805	1	3	57	47
Cell1806	1	22	16	21
Cell1807	1	5	60	51
Cell1808	1	20	25	62
Cell1809	1	22	62	21
Cell1810	1	11	47	33
Cell1811	1	14	2	41
Cell1812	1	1	43	19
Cell1813	1	3	12	61
Cell1814	1	7	21	7
Cell1815	1	1	33	57
Cell1816	1	10	30	22
Cell1817	1	13	36	25
Cell1818	1	2	46	54
Cell1819	1	3	20	24
Cell1820	1	22	62	21
Cell1821	1	6	22	64
Cell1822	1	17	18	33
Cell1823	1	1	8	28
Cell1824	1	7	21	2
Cell1825	1	5	5	47
Cell1826	1	1	17	13
Cell1827	1	19	13	63
Cell1828	1	1	11	31
Cell1829	1	7	36	8
Cell1830	1	2	29	23
Cell1831	1	2	47	14
Cell1832	1	16	6	4
Cell1833	1	3	19	44
Cell1834	1	8	41	45
Cell1835	1	2	4	11
Cell1836	1	5	42	51
Cell1837	1	11	32	51
Cell1838	1	4	39	42
Cell1839	1	3	20	48
Cell1840	1	5	42	52
Cell1841	1	9	49	31
Cell1842	1	1	63	5
Cell1843	1	1	43	24
Cell1845	1	1	17	13
Cell1846	1	17	18	18
Cell1847	1	7	31	8
Cell1848	1	10	30	22
Cell1849	1	8	54	49
Cell1850	1	20	25	55
Cell1851	1	1	51	16
Cell1853	1	9	49	31
Cell1854	1	8	52	5
Cell1855	1	8	54	49
Cell1856	1	1	43	13
Cell1857	1	1	33	17
Cell1858	1	2	56	14
Cell1859	1	11	32	33
Cell1860	1	11	32	13
Cell1861	1	1	17	13
Cell1862	1	8	41	38
Cell1863	1	4	38	40
Cell1864	1	16	6	4
Cell1865	1	3	57	61
Cell1866	1	20	25	55
Cell1867	1	7	21	51
Cell1868	1	19	13	63
Cell1869	1	10	34	36
Cell1870	1	17	18	18
Cell1871	1	1	33	32
Cell1872	1	3	57	48
Cell1873	1	5	15	16
Cell1874	1	2	29	20
Cell1875	1	3	19	44
Cell1877	1	2	29	47
Cell1878	1	20	25	55
Cell1879	1	1	17	16
Cell1880	1	4	7	52
Cell1881	1	1	8	60
Cell1882	1	2	47	14
Cell1883	1	1	33	57
Cell1884	1	2	1	11
Cell1885	1	7	36	56
Cell1886	1	5	60	53
Cell1887	1	1	43	13
Cell1888	1	6	61	3
Cell1889	1	5	42	51
Cell1890	1	8	45	39
Cell1891	1	2	56	14
Cell1892	1	2	1	23
Cell1893	1	7	21	17
Cell1895	1	3	19	44
Cell1896	1	12	58	58
Cell1897	1	4	39	42
Cell1898	1	7	36	29
Cell1899	1	2	46	54
Cell1900	1	5	5	7
Cell1901	1	8	52	56
Cell1902	1	13	44	10
Cell1903	1	1	17	13
Cell1904	1	1	8	43
Cell1906	1	1	8	28
Cell1907	1	14	2	11
Cell1908	1	2	29	19
Cell1909	1	4	39	42
Cell1910	1	15	48	50
Cell1911	1	9	24	30
Cell1912	1	13	44	11
Cell1913	1	9	49	9
Cell1914	1	11	32	51
Cell1915	1	15	48	50
Cell1916	1	4	39	42
Cell1917	1	8	41	38
Cell1918	1	11	32	15
Cell1919	1	9	14	62
Cell1920	1	4	38	15
Cell1921	1	8	41	62
Cell1922	1	18	50	6
Cell1923	1	6	37	2
Cell1924	1	5	15	51
Cell1925	1	4	39	42
Cell1926	1	4	38	17
Cell1927	1	15	48	50
Cell1928	1	9	14	62
Cell1929	1	11	42	16
Cell1930	1	6	61	3
Cell1931	1	2	56	14
Cell1932	1	21	35	12
Cell1933	1	20	25	25
Cell1934	1	11	4	53
Cell1935	1	18	50	6
Cell1936	1	5	15	7
Cell1937	1	7	36	51
Cell1938	1	5	60	62
Cell1939	1	13	44	11
Cell1940	1	17	18	18
Cell1941	1	16	6	4
Cell1942	1	12	58	58
Cell1943	1	13	44	10
Cell1944	1	5	5	8
Cell1945	1	3	19	44
Cell1946	1	6	37	27
Cell1947	1	9	49	9
Cell1948	1	5	42	51
Cell1949	1	4	39	42
Cell1950	1	2	4	32
Cell1951	1	9	31	29
Cell1952	1	6	22	45
Cell1953	1	3	12	32
Cell1954	1	10	30	22
Cell1955	1	3	57	48
Cell1956	1	7	42	52
Cell1957	1	6	10	1
Cell1958	1	9	24	30
Cell1959	1	22	62	21
Cell1960	1	10	30	30
Cell1961	1	9	49	9
Cell1962	1	9	49	62
Cell1963	1	6	22	8
Cell1965	1	8	45	1
Cell1966	1	1	11	37
Cell1967	1	22	62	21
Cell1968	1	5	5	47
Cell1969	1	4	38	64
Cell1970	1	3	20	61
Cell1971	1	4	39	42
Cell1972	1	13	13	10
Cell1973	1	18	50	6
Cell1974	1	13	44	10
Cell1975	1	1	17	27
Cell1976	1	1	43	13
Cell1977	1	2	26	16
Cell1978	1	8	54	49
Cell1979	1	14	2	41
Cell1980	1	4	7	25
Cell1981	1	6	9	61
Cell1982	1	5	15	25
Cell1983	1	8	45	39
Cell1984	1	13	44	64
Cell1985	1	8	45	45
Cell1986	1	3	19	44
Cell1987	1	5	5	51
Cell1988	1	6	9	3
Cell1989	1	5	60	53
Cell1990	1	2	29	23
Cell1991	1	18	55	3
Cell1992	1	22	16	21
Cell1993	1	1	63	2
Cell1994	1	12	58	10
Cell1995	1	14	2	41
Cell1996	1	1	17	57
Cell1997	1	17	18	18
Cell1998	1	2	26	54
Cell1999	1	4	38	34
Cell2000	1	2	1	23
Cell2001	1	16	6	4
Cell2002	1	2	1	30
Cell2003	1	3	57	48
Cell2004	1	13	44	10
Cell2005	1	3	12	61
Cell2006	1	9	49	9
Cell2007	1	8	54	59
Cell2008	1	2	1	54
Cell2009	1	9	49	11
Cell2010	1	2	4	27
Cell2011	1	7	31	25
Cell2012	1	17	18	18
Cell2013	1	1	17	13
Cell2014	1	6	37	1
Cell2015	1	19	13	63
Cell2016	1	6	40	26
Cell2017	1	1	51	13
Cell2018	1	4	39	42
Cell2019	1	8	54	49
Cell2020	1	12	27	24
Cell2021	1	3	23	2
Cell2022	1	13	44	35
Cell2023	1	3	57	48
Cell2024	1	1	43	13
Cell2025	1	1	33	57
Cell2026	1	3	57	48
Cell2027	1	5	42	52
Cell2028	1	3	20	61
Cell2029	1	7	36	8
Cell2030	1	6	61	3
Cell2031	1	4	10	42
Cell2032	1	3	19	44
Cell2033	1	16	6	11
Cell2034	1	10	30	22
Cell2035	1	2	29	23
Cell2037	1	2	29	37
Cell2038	1	19	13	63
Cell2039	1	4	7	2
Cell2040	1	1	53	28
Cell2041	1	1	8	28
Cell2042	1	3	19	44
Cell2043	1	5	34	56
Cell2044	1	15	48	50
Cell2045	1	3	12	32
Cell2047	1	1	11	31
Cell2048	1	2	29	59
Cell2049	1	3	20	61
Cell2050	1	6	61	21
Cell2051	1	15	48	50
Cell2052	1	3	12	23
Cell2053	1	6	9	45
Cell2054	1	2	27	11
Cell2055	1	18	50	6
Cell2056	1	10	23	59
Cell2057	1	1	63	13
Cell2058	1	6	40	43
Cell2059	1	11	32	14
Cell2060	1	22	16	21
Cell2061	1	7	7	59
Cell2062	1	5	15	51
Cell2063	1	20	25	55
Cell2064	1	3	57	48
Cell2065	1	5	5	32
Cell2066	1	17	18	18
Cell2067	1	11	42	52
Cell2068	1	7	31	2
Cell2069	1	7	36	35
Cell2070	1	5	5	47
Cell2071	1	2	29	23
Cell2072	1	17	18	18
Cell2073	1	17	18	16
Cell2074	1	5	15	35
Cell2075	1	8	45	39
Cell2076	1	16	6	4
Cell2077	1	6	37	31
Cell2078	1	21	51	12
Cell2079	1	13	44	40
Cell2080	1	1	38	17
Cell2081	1	8	54	49
Cell2082	1	10	30	22
Cell2083	1	4	38	1
Cell2084	1	12	59	58
Cell2085	1	7	21	31
Cell2086	1	9	14	51
Cell2087	1	19	13	63
Cell2088	1	2	1	23
Cell2089	1	19	13	63
Cell2090	1	14	2	7
Cell2091	1	1	11	5
Cell2092	1	5	15	35
Cell2093	1	8	45	39
Cell2094	1	3	19	44
Cell2095	1	5	60	35
Cell2096	1	9	24	30
Cell2097	1	16	6	4
Cell2098	1	6	37	45
Cell2099	1	22	16	21
Cell2100	1	6	37	1
Cell2101	1	7	31	1
Cell2102	1	2	29	23
Cell2103	1	6	9	2
Cell2104	1	3	19	44
Cell2105	1	5	34	47
Cell2106	1	4	28	34
Cell2107	1	2	56	15
Cell2109	1	9	14	59
Cell2110	1	6	40	26
Cell2111	1	20	3	55
Cell2112	1	21	51	12
Cell2113	1	4	10	43
Cell2114	1	15	48	50
Cell2115	1	1	47	16
Cell2116	1	6	40	26
Cell2117	1	13	44	10
Cell2119	1	16	6	4
Cell2120	1	6	37	52
Cell2121	1	6	40	26
Cell2122	1	1	17	13
Cell2123	1	9	24	38
Cell2124	1	3	19	57
Cell2125	1	21	51	12
Cell2126	1	13	44	10
Cell2127	1	10	34	2
Cell2128	1	15	48	50
Cell2129	1	19	13	63
Cell2130	1	12	58	32
Cell2131	1	19	13	63
Cell2132	1	3	57	48
Cell2133	1	1	17	19
Cell2134	1	22	62	52
Cell2135	1	22	16	21
Cell2136	1	2	27	51
Cell2137	1	15	48	50
Cell2138	1	3	19	44
Cell2139	1	4	7	34
Cell2141	1	2	56	14
Cell2142	1	1	8	57
Cell2143	1	1	64	2
Cell2145	1	21	35	24
Cell2146	1	4	39	42
Cell2147	1	1	33	60
Cell2148	1	13	36	10
Cell2149	1	22	16	21
Cell2150	1	6	40	57
Cell2151	1	14	2	11
Cell2152	1	4	28	15
Cell2154	1	10	30	22
Cell2155	1	4	38	60
Cell2156	1	14	2	41
Cell2157	1	7	36	35
Cell2158	1	14	2	41
Cell2159	1	22	16	21
Cell2160	1	1	63	60
Cell2161	1	11	32	33
Cell2162	1	7	21	7
Cell2163	1	18	50	6
Cell2164	1	10	30	22
Cell2165	1	19	13	51
Cell2166	1	10	34	36
Cell2167	1	7	36	8
Cell2168	1	2	47	19
Cell2169	1	9	49	45
Cell2170	1	2	56	14
Cell2171	1	3	23	2
Cell2172	1	8	45	39
Cell2173	1	10	30	22
Cell2174	1	8	45	39
Cell2175	1	2	4	27
Cell2176	1	14	2	41
Cell2177	1	4	28	34
Cell2178	1	9	49	9
Cell2179	1	14	2	41
Cell2180	1	1	11	1
Cell2181	1	2	26	54
Cell2182	1	3	57	47
Cell2183	1	5	60	37
Cell2184	1	8	45	39
Cell2185	1	2	4	43
Cell2186	1	1	53	57
Cell2187	1	14	2	7
Cell2188	1	16	6	4
Cell2189	1	8	45	39
Cell2190	1	1	63	59
Cell2191	1	10	30	22
Cell2192	1	2	29	60
Cell2193	1	9	49	62
Cell2194	1	5	60	8
Cell2195	1	1	43	5
Cell2196	1	9	14	40
Cell2197	1	7	42	29
Cell2198	1	9	24	56
Cell2199	1	8	54	49
Cell2200	1	1	17	43
Cell2201	1	8	52	31
Cell2202	1	7	31	13
Cell2203	1	11	11	5
Cell2204	1	21	51	12
Cell2206	1	10	30	22
Cell2207	1	16	6	4
Cell2208	1	7	21	52
Cell2209	1	10	30	22
Cell2210	1	9	24	31
Cell2211	1	12	59	61
Cell2212	1	16	6	4
Cell2213	1	1	17	24
Cell2214	1	17	18	18
Cell2215	1	17	18	18
Cell2216	1	4	28	34
Cell2217	1	1	8	57
Cell2218	1	12	58	58
Cell2219	1	2	1	23
Cell2220	1	6	10	1
Cell2221	1	1	33	13
Cell2222	1	14	2	41
Cell2224	1	6	37	1
Cell2225	1	6	61	3
Cell2226	1	20	3	55
Cell2227	1	3	19	44
Cell2229	1	9	14	29
Cell2230	1	1	33	5
Cell2232	1	8	54	59
Cell2234	1	14	2	41
Cell2235	1	3	57	48
Cell2236	1	14	2	41
Cell2237	1	3	19	35
Cell2238	1	5	5	46
Cell2239	1	8	41	15
Cell2240	1	9	24	62
Cell2243	1	8	54	30
Cell2244	1	9	14	62
Cell2245	1	7	7	34
Cell2246	1	19	13	63
Cell2247	1	11	4	37
Cell2248	1	7	21	2
Cell2249	1	3	19	44
Cell2250	1	1	63	28
Cell2251	1	9	52	25
Cell2252	1	4	39	42
Cell2253	1	16	6	4
Cell2254	1	1	17	24
Cell2255	1	7	31	40
Cell2256	1	3	19	44
Cell2257	1	8	54	49
Cell2258	1	3	57	48
Cell2259	1	15	48	50
Cell2260	1	6	61	3
Cell2261	1	21	51	12
Cell2262	1	17	18	18
Cell2263	1	2	46	54
Cell2264	1	15	48	50
Cell2265	1	4	38	13
Cell2266	1	6	22	24
Cell2267	1	9	14	64
Cell2268	1	8	54	49
Cell2269	1	1	43	19
Cell2270	1	5	60	53
Cell2271	1	19	13	63
Cell2272	1	7	21	27
Cell2273	1	15	48	50
Cell2274	1	17	18	18
Cell2276	1	7	31	17
Cell2277	1	3	20	32
Cell2278	1	3	57	48
Cell2280	1	17	18	18
Cell2281	1	8	54	49
Cell2282	1	3	12	32
Cell2283	1	7	31	34
Cell2284	1	5	5	47
Cell2285	1	3	19	44
Cell2287	1	4	7	30
Cell2288	1	5	5	47
Cell2289	1	16	6	4
Cell2290	1	13	13	10
Cell2291	1	7	31	40
Cell2292	1	13	44	10
Cell2293	1	3	23	61
Cell2294	1	15	48	45
Cell2295	1	7	21	29
Cell2296	1	4	28	34
Cell2297	1	5	15	46
Cell2298	1	1	63	17
Cell2299	1	3	19	44
Cell2300	1	9	14	62
Cell2301	1	2	29	51
Cell2302	1	16	6	4
Cell2303	1	2	29	23
Cell2304	1	13	44	10
Cell2305	1	9	49	9
Cell2306	1	3	19	32
Cell2307	1	10	34	36
Cell2308	1	10	30	22
Cell2309	1	5	5	47
Cell2310	1	5	42	59
Cell2311	1	19	13	63
Cell2312	1	1	43	19
Cell2313	1	3	57	25
Cell2314	1	13	44	46
Cell2315	1	10	34	36
Cell2316	1	9	14	46
Cell2317	1	3	19	44
Cell2318	1	18	50	6
Cell2319	1	4	39	42
Cell2320	1	8	54	49
Cell2321	1	2	1	54
Cell2322	1	5	60	57
Cell2323	1	6	61	2
Cell2324	1	5	42	52
Cell2325	1	20	64	43
Cell2326	1	8	54	30
Cell2327	1	14	2	41
Cell2328	1	13	44	56
Cell2329	1	11	32	33
Cell2330	1	2	47	64
Cell2331	1	11	42	52
Cell2332	1	14	2	41
Cell2333	1	19	13	63
Cell2334	1	6	10	43
Cell2335	1	1	43	17
Cell2336	1	2	29	47
Cell2337	1	17	18	52
Cell2339	1	19	13	63
Cell2340	1	11	32	33
Cell2341	1	7	36	56
Cell2342	1	4	38	20
Cell2344	1	9	14	45
Cell2346	1	15	48	49
Cell2347	1	20	3	55
Cell2348	1	8	45	39
Cell2349	1	5	15	2
Cell2350	1	1	43	19
Cell2352	1	7	21	62
Cell2353	1	8	41	29
Cell2354	1	6	22	9
Cell2355	1	5	15	35
Cell2356	1	3	19	44
Cell2357	1	1	17	13
Cell2358	1	2	27	24
Cell2359	1	3	19	44
Cell2360	1	3	57	48
Cell2361	1	4	39	42
Cell2362	1	6	61	3
Cell2363	1	11	32	27
Cell2364	1	1	63	17
Cell2365	1	4	39	42
Cell2366	1	7	36	8
Cell2367	1	7	36	8
Cell2368	1	7	7	16
Cell2370	1	5	60	53
Cell2371	1	5	15	16
Cell2372	1	13	44	10
Cell2373	1	16	6	4
Cell2375	1	2	1	23
Cell2376	1	21	51	12
Cell2377	1	1	11	13
Cell2378	1	10	30	22
Cell2379	1	6	22	45
Cell2380	1	1	33	60
Cell2381	1	19	13	48
Cell2382	1	4	39	42
Cell2383	1	2	56	14
Cell2384	1	18	50	6
Cell2385	1	22	16	21
Cell2386	1	14	2	41
Cell2387	1	8	45	39
Cell2388	1	7	36	59
Cell2389	1	12	58	2
Cell2390	1	7	31	29
Cell2391	1	8	45	49
Cell2392	1	4	38	40
Cell2393	1	19	13	63
Cell2394	1	5	15	31
Cell2395	1	4	39	42
Cell2396	1	6	22	24
Cell2397	1	14	2	41
Cell2398	1	22	62	21
Cell2399	1	10	23	32
Cell2400	1	21	51	59
Cell2401	1	1	11	5
Cell2402	1	1	11	37
Cell2403	1	13	44	10
Cell2404	1	15	48	50
Cell2405	1	6	61	3
Cell2406	1	8	54	49
Cell2407	1	15	48	50
Cell2408	1	2	46	54
Cell2409	1	1	53	57
Cell2410	1	16	6	4
Cell2411	1	5	5	25
Cell2412	1	8	41	38
Cell2413	1	2	4	20
Cell2415	1	7	31	35
Cell2416	1	10	23	11
Cell2417	1	1	63	57
Cell2418	1	10	34	36
Cell2419	1	19	13	63
Cell2421	1	3	19	44
Cell2422	1	21	35	25
Cell2424	1	7	7	16
Cell2425	1	12	58	58
Cell2427	1	1	43	43
Cell2428	1	11	32	16
Cell2429	1	9	14	62
Cell2430	1	7	31	31
Cell2431	1	11	32	33
Cell2432	1	7	42	25
Cell2433	1	3	12	11
Cell2434	1	2	4	23
Cell2435	1	7	15	7
Cell2436	1	4	7	37
Cell2437	1	1	11	19
Cell2438	1	5	5	56
Cell2439	1	8	54	49
Cell2440	1	1	11	15
Cell2441	1	10	30	22
Cell2442	1	16	6	4
Cell2443	1	9	14	62
Cell2444	1	2	56	14
Cell2445	1	3	57	48
Cell2446	1	2	47	60
Cell2447	1	6	10	51
Cell2448	1	5	15	52
Cell2449	1	4	38	11
Cell2450	1	16	6	4
Cell2451	1	2	1	15
Cell2452	1	14	2	41
Cell2453	1	17	18	18
Cell2454	1	2	56	14
Cell2456	1	9	49	9
Cell2457	1	22	16	21
Cell2458	1	4	39	42
Cell2459	1	3	57	48
Cell2460	1	19	13	63
Cell2461	1	1	8	43
Cell2462	1	14	2	7
Cell2463	1	4	38	43
Cell2464	1	12	58	15
Cell2465	1	13	36	8
Cell2466	1	3	12	11
Cell2467	1	12	59	58
Cell2469	1	3	19	32
Cell2470	1	2	56	60
Cell2471	1	1	11	64
Cell2472	1	8	52	62
Cell2473	1	1	8	17
Cell2474	1	1	63	57
Cell2475	1	5	5	27
Cell2476	1	1	43	19
Cell2477	1	1	33	13
Cell2479	1	4	28	34
Cell2480	1	19	13	63
Cell2481	1	1	8	28
Cell2482	1	1	53	49
Cell2483	1	7	36	8
Cell2484	1	8	45	39
Cell2485	1	9	14	62
Cell2486	1	12	58	58
Cell2487	1	2	56	14
Cell2488	1	10	34	36
Cell2489	1	12	58	58
Cell2490	1	8	54	49
Cell2491	1	6	9	15
Cell2492	1	9	14	62
Cell2493	1	2	46	54
Cell2494	1	14	2	41
Cell2495	1	3	23	61
Cell2496	1	16	6	4
Cell2497	1	3	20	61
Cell2498	1	1	53	19
Cell2499	1	4	38	42
Cell2500	1	2	4	20
Cell2502	1	11	42	33
Cell2503	1	4	28	34
Cell2504	1	1	47	13
Cell2505	1	6	10	25
Cell2506	1	14	2	27
Cell2507	1	19	13	63
Cell2508	1	1	17	24
Cell2509	1	18	50	6
Cell2510	1	17	18	18
Cell2511	1	11	4	33
Cell2512	1	18	50	6
Cell2513	1	12	58	58
Cell2514	1	9	14	31
Cell2515	1	5	44	30
Cell2516	1	7	36	64
Cell2517	1	19	13	63
Cell2518	1	3	19	35
Cell2519	1	12	58	58
Cell2520	1	5	15	33
Cell2521	1	1	11	5
Cell2522	1	7	31	25
Cell2523	1	1	47	37
Cell2524	1	4	39	42
Cell2525	1	22	16	21
Cell2526	1	1	33	60
Cell2527	1	18	55	37
Cell2528	1	15	48	15
Cell2530	1	9	14	62
Cell2531	1	5	42	64
Cell2532	1	22	62	21
Cell2534	1	9	14	62
Cell2535	1	4	28	31
Cell2536	1	18	55	62
Cell2537	1	1	47	23
Cell2538	1	1	11	5
Cell2539	1	8	45	39
Cell2540	1	8	54	43
Cell2541	1	14	2	41
Cell2542	1	8	45	38
Cell2543	1	13	44	29
Cell2544	1	3	20	57
Cell2545	1	20	25	55
Cell2546	1	16	6	4
Cell2547	1	2	56	30
Cell2548	1	18	50	6
Cell2549	1	1	11	19
Cell2550	1	10	34	47
Cell2551	1	5	34	36
Cell2553	1	11	4	51
Cell2554	1	1	63	28
Cell2555	1	18	50	6
Cell2556	1	2	56	20
Cell2557	1	2	47	14
Cell2559	1	1	43	14
Cell2560	1	18	50	6
Cell2561	1	10	34	36
Cell2562	1	5	5	46
Cell2563	1	6	10	1
Cell2564	1	6	61	3
Cell2565	1	6	9	24
Cell2566	1	1	8	28
Cell2569	1	21	51	12
Cell2570	1	2	46	54
Cell2571	1	1	8	42
Cell2572	1	8	45	39
Cell2573	1	20	3	55
Cell2574	1	11	47	59
Cell2575	1	4	39	59
Cell2576	1	13	44	35
Cell2577	1	5	15	59
Cell2578	1	10	34	36
Cell2579	1	1	53	57
Cell2580	1	15	48	50
Cell2581	1	6	9	3
Cell2582	1	9	24	62
Cell2583	1	8	54	35
Cell2584	1	10	34	37
Cell2585	1	1	47	19
Cell2586	1	16	6	4
Cell2587	1	8	41	38
Cell2588	1	5	60	53
Cell2589	1	2	29	53
Cell2590	1	4	39	42
Cell2591	1	7	21	2
Cell2592	1	10	34	36
Cell2593	1	3	12	11
Cell2594	1	6	10	3
Cell2595	1	11	32	51
Cell2596	1	1	63	43
Cell2598	1	9	14	45
Cell2599	1	9	49	9
Cell2601	1	3	57	48
Cell2602	1	3	57	48
Cell2603	1	11	42	52
Cell2604	1	2	1	23
Cell2605	1	21	51	32
Cell2606	1	6	61	3
Cell2607	1	7	21	52
Cell2608	1	1	8	60
Cell2609	1	5	15	37
Cell2610	1	7	31	30
Cell2611	1	8	54	49
Cell2613	1	20	3	55
Cell2614	1	19	13	63
Cell2616	1	1	63	64
Cell2617	1	1	64	46
Cell2618	1	17	18	18
Cell2619	1	4	7	34
Cell2620	1	12	58	58
Cell2621	1	13	44	8
Cell2622	1	4	39	42
Cell2623	1	12	59	58
Cell2625	1	3	57	48
Cell2626	1	2	47	43
Cell2627	1	4	38	5
Cell2628	1	9	14	29
Cell2629	1	2	47	23
Cell2630	1	2	26	54
Cell2631	1	2	26	59
Cell2632	1	21	51	12
Cell2633	1	2	60	45
Cell2634	1	7	31	8
Cell2635	1	2	27	60
Cell2636	1	22	16	21
Cell2637	1	12	58	58
Cell2638	1	2	1	23
Cell2639	1	20	25	55
Cell2640	1	3	20	32
Cell2641	1	1	33	17
Cell2642	1	6	9	45
Cell2643	1	3	60	32
Cell2644	1	1	8	28
Cell2645	1	10	30	22
Cell2646	1	20	25	55
Cell2647	1	12	59	61
Cell2649	1	5	42	61
Cell2650	1	4	7	17
Cell2651	1	3	57	32
Cell2652	1	1	43	5
Cell2653	1	20	25	55
Cell2654	1	20	25	55
Cell2656	1	17	18	18
Cell2657	1	3	57	48
Cell2658	1	7	36	46
Cell2659	1	20	3	43
Cell2661	1	13	18	45
Cell2662	1	4	39	43
Cell2663	1	2	27	20
Cell2664	1	20	25	55
Cell2665	1	16	6	4
Cell2666	1	19	13	63
Cell2667	1	1	11	5
Cell2668	1	2	1	23
Cell2669	1	11	32	16
Cell2670	1	11	47	33
Cell2671	1	4	11	15
Cell2672	1	2	56	19
Cell2673	1	6	10	2
Cell2674	1	9	14	62
Cell2675	1	7	36	8
Cell2676	1	7	31	40
Cell2677	1	5	15	37
Cell2678	1	16	6	4
Cell2680	1	1	43	19
Cell2681	1	20	25	55
Cell2682	1	6	37	1
Cell2683	1	13	44	16
Cell2684	1	7	21	40
Cell2685	1	4	16	43
Cell2687	1	2	56	14
Cell2688	1	3	19	44
Cell2689	1	2	46	54
Cell2690	1	3	19	2
Cell2691	1	7	36	46
Cell2692	1	1	11	19
Cell2693	1	17	18	18
Cell2694	1	7	31	40
Cell2695	1	1	17	13
Cell2696	1	11	47	27
Cell2697	1	7	36	29
Cell2698	1	1	11	19
Cell2699	1	8	41	38
Cell2700	1	7	21	7
Cell2701	1	6	40	43
Cell2702	1	4	39	42
Cell2703	1	8	45	39
Cell2704	1	1	11	35
Cell2705	1	1	43	37
Cell2706	1	14	2	41
Cell2707	1	3	19	44
Cell2708	1	6	22	26
Cell2709	1	8	45	39
Cell2710	1	3	23	36
Cell2712	1	4	28	5
Cell2713	1	7	21	51
Cell2714	1	9	14	62
Cell2715	1	1	43	5
Cell2716	1	9	49	9
Cell2717	1	21	46	54
Cell2718	1	7	36	35
Cell2719	1	5	42	53
Cell2720	1	7	31	35
Cell2721	1	7	36	56
Cell2722	1	9	14	31
Cell2723	1	8	54	49
Cell2724	1	16	6	4
Cell2725	1	19	13	63
Cell2726	1	3	12	60
Cell2727	1	10	23	47
Cell2728	1	4	7	27
Cell2729	1	19	13	63
Cell2730	1	16	6	4
Cell2731	1	15	48	20
Cell2732	1	13	44	10
Cell2733	1	2	29	53
Cell2735	1	1	47	19
Cell2736	1	6	22	9
Cell2737	1	3	57	48
Cell2738	1	8	45	39
Cell2740	1	2	46	54
Cell2741	1	6	9	3
Cell2742	1	9	49	45
Cell2743	1	4	38	7
Cell2744	1	12	59	2
Cell2746	1	6	37	11
Cell2747	1	12	58	58
Cell2748	1	8	52	60
Cell2749	1	9	49	31
Cell2750	1	1	17	13
Cell2751	1	7	21	37
Cell2752	1	7	36	56
Cell2753	1	5	15	25
Cell2754	1	3	57	48
Cell2755	1	7	36	35
Cell2756	1	12	58	58
Cell2757	1	5	5	64
Cell2758	1	7	31	40
Cell2759	1	1	43	60
Cell2760	1	7	36	8
Cell2761	1	10	30	2
Cell2762	1	6	40	15
Cell2763	1	17	18	64
Cell2764	1	9	49	45
Cell2766	1	8	54	49
Cell2767	1	8	41	38
Cell2768	1	5	42	53
Cell2769	1	10	30	22
Cell2770	1	11	32	33
Cell2771	1	3	12	59
Cell2772	1	9	31	27
Cell2773	1	1	8	28
Cell2774	1	13	44	56
Cell2775	1	5	5	47
Cell2776	1	2	29	60
Cell2777	1	2	26	11
Cell2778	1	15	48	51
Cell2779	1	10	30	2
Cell2780	1	6	22	9
Cell2781	1	3	57	32
Cell2782	1	5	15	7
Cell2783	1	2	1	60
Cell2785	1	1	53	57
Cell2786	1	1	8	8
Cell2787	1	19	13	63
Cell2788	1	9	49	38
Cell2789	1	8	45	39
Cell2790	1	1	63	24
Cell2791	1	3	57	48
Cell2792	1	4	38	34
Cell2794	1	21	51	12
Cell2795	1	17	18	18
Cell2797	1	14	2	41
Cell2799	1	11	32	33
Cell2800	1	21	35	24
Cell2801	1	4	10	40
Cell2802	1	8	52	38
Cell2803	1	4	39	20
Cell2804	1	8	45	39
Cell2805	1	10	30	22
Cell2806	1	7	36	33
Cell2807	1	3	57	48
Cell2808	1	9	14	62
Cell2809	1	7	36	18
Cell2810	1	13	36	8
Cell2811	1	8	54	49
Cell2812	1	1	53	57
Cell2813	1	12	59	32
Cell2814	1	7	36	8
Cell2815	1	10	30	36
Cell2816	1	9	24	56
Cell2817	1	10	23	11
Cell2818	1	1	43	45
Cell2819	1	1	17	24
Cell2820	1	1	8	15
Cell2821	1	1	35	34
Cell2822	1	6	37	32
Cell2823	1	2	4	11
Cell2824	1	3	19	44
Cell2825	1	4	38	20
Cell2826	1	6	61	3
Cell2827	1	5	44	64
Cell2828	1	1	33	60
Cell2829	1	4	28	34
Cell2830	1	4	28	34
Cell2831	1	8	41	1
Cell2832	1	21	35	32
Cell2833	1	3	19	44
Cell2834	1	3	20	61
Cell2835	1	13	44	46
Cell2836	1	12	58	58
Cell2837	1	2	56	16
Cell2838	1	2	46	54
Cell2839	1	1	33	60
Cell2840	1	10	34	36
Cell2841	1	3	57	60
Cell2842	1	1	8	57
Cell2843	1	2	26	54
Cell2844	1	4	38	64
Cell2845	1	3	23	31
Cell2846	1	9	14	64
Cell2847	1	4	39	43
Cell2848	1	1	43	19
Cell2849	1	3	20	32
Cell2850	1	14	2	41
Cell2851	1	3	19	61
Cell2853	1	3	19	44
Cell2854	1	6	22	29
Cell2855	1	3	12	46
Cell2856	1	5	60	53
Cell2857	1	13	44	35
Cell2858	1	8	41	64
Cell2859	1	6	22	64
Cell2860	1	20	64	13
Cell2861	1	5	15	46
Cell2862	1	5	42	16
Cell2863	1	5	15	35
Cell2864	1	6	40	49
Cell2865	1	1	8	28
Cell2866	1	2	1	23
Cell2867	1	4	38	34
Cell2868	1	7	36	29
Cell2869	1	5	60	56
Cell2870	1	3	20	43
Cell2871	1	3	19	17
Cell2872	1	18	50	6
Cell2873	1	9	24	37
Cell2874	1	8	54	30
Cell2875	1	3	19	44
Cell2876	1	17	18	18
Cell2877	1	22	62	21
Cell2878	1	7	36	29
Cell2879	1	8	54	49
Cell2880	1	13	44	10
Cell2881	1	5	15	8
Cell2882	1	9	14	45
Cell2883	1	6	37	45
Cell2884	1	7	21	1
Cell2885	1	5	15	35
Cell2886	1	13	44	27
Cell2887	1	1	63	57
Cell2888	1	11	32	33
Cell2889	1	11	32	33
Cell2891	1	4	39	42
Cell2892	1	2	46	54
Cell2893	1	10	34	11
Cell2894	1	14	2	41
Cell2895	1	11	47	33
Cell2896	1	8	54	49
Cell2897	1	19	13	63
Cell2898	1	8	45	39
Cell2899	1	6	61	3
Cell2900	1	4	38	17
Cell2901	1	5	15	56
Cell2902	1	1	11	33
Cell2903	1	6	37	64
Cell2904	1	5	15	46
Cell2905	1	1	63	7
Cell2906	1	10	30	36
Cell2907	1	5	60	53
Cell2908	1	11	47	33
Cell2909	1	13	44	64
Cell2910	1	19	13	46
Cell2911	1	4	28	34
Cell2912	1	9	49	9
Cell2913	1	2	26	54
Cell2914	1	3	20	32
Cell2915	1	1	8	57
Cell2916	1	11	32	5
Cell2917	1	1	43	19
Cell2918	1	5	60	53
Cell2919	1	8	41	64
Cell2920	1	4	38	17
Cell2921	1	9	49	9
Cell2922	1	2	29	20
Cell2923	1	8	52	64
Cell2924	1	3	57	11
Cell2925	1	21	35	13
Cell2926	1	9	49	29
Cell2927	1	8	54	39
Cell2928	1	5	5	46
Cell2929	1	13	44	45
Cell2930	1	6	10	15
Cell2931	1	10	30	22
Cell2932	1	3	12	54
Cell2933	1	6	40	26
Cell2934	1	8	54	1
Cell2936	1	15	48	50
Cell2937	1	20	25	55
Cell2938	1	1	17	17
Cell2939	1	14	2	41
Cell2940	1	13	44	10
Cell2941	1	4	39	42
Cell2942	1	14	2	41
Cell2943	1	5	42	46
Cell2944	1	20	3	55
Cell2945	1	16	6	27
Cell2946	1	2	1	23
Cell2947	1	19	13	63
Cell2948	1	2	29	20
Cell2949	1	1	33	57
Cell2950	1	1	43	37
Cell2951	1	1	17	7
Cell2952	1	16	6	4
Cell2953	1	7	37	35
Cell2954	1	22	62	21
Cell2955	1	7	31	40
Cell2956	1	2	56	43
Cell2957	1	2	4	20
Cell2958	1	4	28	17
Cell2959	1	8	41	30
Cell2960	1	6	61	3
Cell2961	1	14	2	41
Cell2962	1	5	18	43
Cell2963	1	7	31	40
Cell2964	1	2	56	20
Cell2965	1	17	18	18
Cell2966	1	10	30	47
Cell2967	1	15	48	50
Cell2968	1	8	45	39
Cell2969	1	3	12	48
Cell2970	1	1	53	24
Cell2971	1	6	9	60
Cell2972	1	2	56	14
Cell2973	1	9	49	9
Cell2974	1	7	36	56
Cell2975	1	8	45	39
Cell2976	1	19	13	63
Cell2977	1	2	1	23
Cell2978	1	18	50	6
Cell2979	1	3	20	32
Cell2980	1	1	63	43
Cell2981	1	1	63	59
Cell2982	1	12	58	58
Cell2983	1	6	61	43
Cell2984	1	1	51	15
Cell2985	1	13	44	17
Cell2986	1	6	40	26
Cell2987	1	7	21	29
Cell2988	1	1	8	57
Cell2989	1	3	57	48
Cell2990	1	2	26	54
Cell2991	1	19	13	51
Cell2992	1	4	39	42
Cell2993	1	15	48	17
Cell2994	1	13	44	8
Cell2995	1	11	32	7
Cell2996	1	13	44	10
Cell2997	1	5	15	24
Cell2998	1	10	34	36
Cell2999	1	2	4	23
Cell3000	1	8	45	39
Cell3001	1	8	54	39
Cell3002	1	6	10	17
Cell3004	1	1	63	5
Cell3005	1	13	44	10
Cell3006	1	5	5	47
Cell3007	1	5	5	60
Cell3008	1	6	37	45
Cell3009	1	7	21	51
Cell3010	1	13	44	8
Cell3011	1	5	60	32
Cell3012	1	3	30	32
Cell3013	1	5	5	47
Cell3014	1	10	30	22
Cell3015	1	1	8	28
Cell3016	1	5	42	35
Cell3017	1	6	37	29
Cell3018	1	1	8	57
Cell3019	1	1	51	17
Cell3020	1	8	54	1
Cell3021	1	4	39	42
Cell3022	1	15	48	51
Cell3023	1	16	6	4
Cell3024	1	20	3	55
Cell3025	1	7	31	34
Cell3026	1	3	19	44
Cell3027	1	6	9	3
Cell3028	1	1	43	5
Cell3029	1	1	11	5
Cell3030	1	4	28	24
Cell3031	1	8	54	49
Cell3032	1	9	14	62
Cell3033	1	16	6	45
Cell3034	1	13	44	10
Cell3035	1	17	18	18
Cell3036	1	8	45	39
Cell3037	1	6	37	11
Cell3038	1	3	19	44
Cell3039	1	17	18	11
Cell3040	1	11	42	51
Cell3041	1	10	30	22
Cell3042	1	5	5	47
Cell3043	1	7	36	56
Cell3044	1	4	39	42
Cell3045	1	18	50	6
Cell3046	1	2	29	23
Cell3047	1	4	39	28
Cell3048	1	6	9	3
Cell3049	1	12	59	61
Cell3050	1	5	60	53
Cell3051	1	2	29	23
Cell3052	1	2	56	54
Cell3053	1	5	5	15
Cell3055	1	10	30	27
Cell3056	1	7	15	56
Cell3057	1	9	49	15
Cell3058	1	4	38	64
Cell3059	1	8	52	30
Cell3060	1	6	40	15
Cell3061	1	8	41	38
Cell3062	1	1	11	62
Cell3063	1	7	31	40
Cell3064	1	4	7	15
Cell3065	1	22	62	21
Cell3066	1	1	11	37
Cell3067	1	9	24	9
Cell3068	1	2	29	51
Cell3069	1	4	39	42
Cell3070	1	2	26	54
Cell3071	1	19	13	63
Cell3072	1	11	11	16
Cell3073	1	2	26	54
Cell3074	1	9	49	9
Cell3075	1	14	2	41
Cell3076	1	15	48	50
Cell3077	1	8	45	39
Cell3078	1	7	31	34
Cell3079	1	4	39	34
Cell3080	1	8	54	49
Cell3081	1	18	50	6
Cell3082	1	3	57	32
Cell3083	1	22	16	21
Cell3084	1	12	58	58
Cell3085	1	12	58	58
Cell3086	1	2	56	14
Cell3087	1	11	32	20
Cell3088	1	2	1	20
Cell3089	1	2	4	25
Cell3090	1	9	49	29
Cell3091	1	2	1	32
Cell3092	1	11	42	52
Cell3093	1	5	5	47
Cell3094	1	8	54	49
Cell3095	1	2	56	19
Cell3096	1	2	47	14
Cell3097	1	7	21	46
Cell3098	1	12	58	58
Cell3099	1	3	57	48
Cell3101	1	8	45	49
Cell3103	1	3	19	44
Cell3104	1	4	38	57
Cell3105	1	4	39	42
Cell3106	1	1	39	2
Cell3107	1	4	38	17
Cell3108	1	4	11	60
Cell3109	1	10	34	36
Cell3110	1	3	20	32
Cell3111	1	11	32	16
Cell3112	1	8	54	64
Cell3113	1	1	8	61
Cell3114	1	4	7	15
Cell3115	1	3	12	61
Cell3116	1	10	23	36
Cell3117	1	12	58	58
Cell3118	1	1	63	28
Cell3119	1	6	22	9
Cell3120	1	8	45	39
Cell3121	1	8	45	39
Cell3122	1	6	22	9
Cell3123	1	3	12	53
Cell3124	1	11	32	14
Cell3126	1	3	12	11
Cell3127	1	3	19	44
Cell3128	1	17	18	18
Cell3129	1	5	15	25
Cell3130	1	12	58	34
Cell3131	1	9	24	25
Cell3132	1	18	50	6
Cell3134	1	20	25	55
Cell3135	1	4	28	34
Cell3136	1	5	42	46
Cell3138	1	9	49	9
Cell3139	1	8	54	49
Cell3140	1	2	26	54
Cell3141	1	5	15	52
Cell3142	1	1	33	60
Cell3143	1	1	17	13
Cell3144	1	3	23	35
Cell3145	1	7	42	20
Cell3147	1	6	40	2
Cell3148	1	15	48	50
Cell3149	1	19	13	63
Cell3150	1	7	36	56
Cell3151	1	17	18	18
Cell3152	1	1	17	16
Cell3153	1	20	25	55
Cell3154	1	13	44	9
Cell3155	1	11	4	19
Cell3156	1	14	2	41
Cell3157	1	20	25	55
Cell3158	1	7	36	8
Cell3159	1	15	48	50
Cell3160	1	20	25	55
Cell3161	1	1	11	19
Cell3162	1	7	21	51
Cell3163	1	17	18	18
Cell3164	1	10	34	36
Cell3165	1	1	17	31
Cell3166	1	3	57	48
Cell3167	1	7	21	3
Cell3168	1	8	52	38
Cell3169	1	4	38	17
Cell3170	1	5	60	53
Cell3171	1	6	37	45
Cell3172	1	12	59	32
Cell3173	1	3	57	46
Cell3174	1	16	6	4
Cell3175	1	4	7	64
Cell3176	1	7	31	40
Cell3177	1	11	4	7
Cell3179	1	4	28	34
Cell3180	1	3	19	44
Cell3181	1	3	19	44
Cell3182	1	6	22	38
Cell3183	1	18	50	6
Cell3184	1	22	62	21
Cell3185	1	1	43	27
Cell3186	1	14	2	11
Cell3187	1	2	29	47
Cell3188	1	6	22	56
Cell3189	1	2	29	23
Cell3190	1	12	58	58
Cell3191	1	8	52	38
Cell3192	1	9	49	9
Cell3193	1	1	64	19
Cell3194	1	7	21	51
Cell3195	1	4	31	34
Cell3196	1	10	34	36
Cell3197	1	2	4	57
Cell3198	1	13	44	51
Cell3199	1	3	20	61
Cell3201	1	15	48	50
Cell3202	1	3	23	11
Cell3203	1	3	23	59
Cell3204	1	9	24	64
Cell3205	1	1	63	28
Cell3206	1	11	32	33
Cell3207	1	1	43	13
Cell3210	1	3	19	24
Cell3211	1	1	33	57
Cell3212	1	10	34	36
Cell3214	1	21	51	12
Cell3215	1	4	38	40
Cell3216	1	7	21	2
Cell3217	1	1	63	28
Cell3218	1	14	2	41
Cell3219	1	1	51	12
Cell3220	1	2	26	54
Cell3221	1	5	15	52
Cell3222	1	8	54	30
Cell3223	1	5	18	30
Cell3224	1	17	18	18
Cell3225	1	3	19	44
Cell3226	1	7	14	9
Cell3227	1	5	60	53
Cell3228	1	8	54	49
Cell3229	1	12	58	58
Cell3231	1	8	54	49
Cell3232	1	2	4	61
Cell3233	1	21	35	2
Cell3234	1	8	41	38
Cell3235	1	3	23	25
Cell3236	1	4	38	56
Cell3237	1	8	54	49
Cell3238	1	5	60	34
Cell3239	1	18	50	6
Cell3240	1	10	34	29
Cell3241	1	5	60	62
Cell3242	1	3	19	44
Cell3243	1	12	58	58
Cell3244	1	5	15	35
Cell3245	1	11	42	37
Cell3246	1	5	60	24
Cell3248	1	3	20	61
Cell3249	1	9	14	35
Cell3250	1	6	61	3
Cell3251	1	4	28	34
Cell3252	1	2	29	23
Cell3253	1	2	27	52
Cell3254	1	2	56	14
Cell3255	1	8	45	49
Cell3256	1	15	48	50
Cell3257	1	4	28	64
Cell3258	1	4	28	28
Cell3259	1	6	22	64
Cell3260	1	16	6	4
Cell3261	1	22	16	36
Cell3262	1	1	8	17
Cell3263	1	21	35	12
Cell3264	1	15	48	50
Cell3265	1	17	18	18
Cell3266	1	6	61	2
Cell3267	1	4	39	1
Cell3268	1	21	51	12
Cell3269	1	9	49	9
Cell3270	1	3	57	48
Cell3271	1	9	49	9
Cell3272	1	10	30	22
Cell3273	1	7	21	37
Cell3274	1	1	8	45
Cell3275	1	1	8	28
Cell3276	1	5	5	46
Cell3278	1	6	40	26
Cell3279	1	5	15	8
Cell3280	1	6	22	35
Cell3281	1	3	19	44
Cell3282	1	6	61	28
Cell3283	1	1	63	28
Cell3284	1	4	28	2
Cell3285	1	6	61	2
Cell3286	1	7	31	43
Cell3287	1	5	60	53
Cell3288	1	5	5	30
Cell3289	1	1	53	57
Cell3290	1	8	45	39
Cell3291	1	16	6	4
Cell3292	1	7	15	62
Cell3293	1	12	59	62
Cell3294	1	12	59	45
Cell3295	1	4	38	17
Cell3296	1	7	21	53
Cell3297	1	8	52	39
Cell3298	1	8	24	46
Cell3299	1	11	4	16
Cell3300	1	6	37	1
Cell3301	1	10	23	60
Cell3302	1	21	35	45
Cell3303	1	19	13	63
Cell3304	1	13	44	29
Cell3306	1	1	17	13
Cell3307	1	12	59	32
Cell3308	1	5	60	52
Cell3309	1	6	37	15
Cell3310	1	19	13	63
Cell3311	1	3	57	30
Cell3312	1	2	56	14
Cell3313	1	6	40	26
Cell3314	1	17	18	18
Cell3315	1	8	41	38
Cell3316	1	1	8	15
Cell3317	1	3	57	48
Cell3319	1	8	52	30
Cell3320	1	8	54	49
Cell3321	1	6	61	3
Cell3322	1	18	50	6
Cell3323	1	5	42	52
Cell3324	1	17	18	18
Cell3325	1	15	48	45
Cell3326	1	5	42	52
Cell3327	1	2	29	19
Cell3328	1	4	38	37
Cell3329	1	19	13	63
Cell3330	1	1	43	19
Cell3331	1	10	34	36
Cell3332	1	16	6	4
Cell3333	1	7	36	8
Cell3334	1	15	48	50
Cell3335	1	3	57	48
Cell3337	1	9	49	9
Cell3338	1	6	40	26
Cell3339	1	13	44	10
Cell3340	1	6	22	45
Cell3341	1	19	13	63
Cell3342	1	9	24	31
Cell3343	1	3	19	44
Cell3344	1	18	50	6
Cell3345	1	3	57	48
Cell3346	1	7	31	29
Cell3347	1	11	32	33
Cell3348	1	4	28	43
Cell3349	1	6	61	57
Cell3351	1	2	26	60
Cell3352	1	7	42	24
Cell3353	1	1	53	57
Cell3354	1	16	6	4
Cell3355	1	9	49	9
Cell3356	1	5	15	7
Cell3357	1	5	5	47
Cell3358	1	1	8	42
Cell3359	1	13	44	10
Cell3360	1	12	59	35
Cell3361	1	21	51	12
Cell3362	1	3	57	48
Cell3364	1	20	25	55
Cell3365	1	6	9	13
Cell3366	1	7	21	7
Cell3367	1	4	28	8
Cell3368	1	16	6	4
Cell3369	1	8	45	1
Cell3370	1	5	60	53
Cell3371	1	13	44	10
Cell3372	1	10	34	36
Cell3373	1	14	2	41
Cell3374	1	22	62	21
Cell3375	1	5	44	10
Cell3376	1	1	53	27
Cell3377	1	3	12	25
Cell3378	1	12	58	58
Cell3379	1	13	44	29
Cell3381	1	8	41	38
Cell3382	1	16	6	4
Cell3383	1	17	18	18
Cell3384	1	1	53	57
Cell3385	1	4	39	17
Cell3386	1	14	2	9
Cell3387	1	6	22	9
Cell3388	1	5	44	47
Cell3389	1	17	18	18
Cell3390	1	5	60	53
Cell3391	1	8	54	38
Cell3392	1	3	20	61
Cell3393	1	10	23	37
Cell3394	1	13	44	10
Cell3395	1	9	24	25
Cell3396	1	3	19	44
Cell3397	1	2	56	19
Cell3398	1	3	19	35
Cell3399	1	1	43	19
Cell3400	1	9	24	62
Cell3401	1	19	13	63
Cell3402	1	19	13	10
Cell3403	1	1	47	5
Cell3404	1	9	24	31
Cell3405	1	20	3	25
Cell3406	1	3	12	11
Cell3407	1	17	18	35
Cell3408	1	2	4	59
Cell3409	1	3	23	21
Cell3410	1	20	3	55
Cell3412	1	20	3	55
Cell3413	1	5	44	56
Cell3414	1	6	10	1
Cell3415	1	9	49	9
Cell3416	1	11	32	5
Cell3417	1	8	45	64
Cell3418	1	2	46	54
Cell3419	1	4	28	34
Cell3420	1	11	7	33
Cell3421	1	7	36	56
Cell3422	1	8	54	49
Cell3423	1	16	6	4
Cell3424	1	3	20	48
Cell3425	1	8	52	49
Cell3426	1	16	6	4
Cell3427	1	4	10	1
Cell3428	1	1	51	13
Cell3429	1	3	23	11
Cell3430	1	4	28	34
Cell3431	1	2	29	20
Cell3432	1	2	27	11
Cell3433	1	3	23	60
Cell3434	1	10	34	36
Cell3435	1	2	46	23
Cell3436	1	9	49	9
Cell3437	1	12	58	58
Cell3438	1	2	56	14
Cell3439	1	13	44	56
Cell3440	1	13	44	56
Cell3441	1	8	52	5
Cell3442	1	7	31	56
Cell3443	1	19	13	63
Cell3444	1	2	26	23
Cell3445	1	15	48	64
Cell3446	1	8	45	39
Cell3447	1	4	28	1
Cell3448	1	1	53	57
Cell3449	1	2	12	47
Cell3450	1	4	7	15
Cell3451	1	1	11	45
Cell3452	1	7	21	52
Cell3453	1	4	7	34
Cell3454	1	16	6	4
Cell3455	1	5	42	25
Cell3457	1	16	6	11
Cell3458	1	3	23	24
Cell3459	1	1	11	46
Cell3460	1	3	57	48
Cell3461	1	1	17	13
Cell3462	1	3	20	61
Cell3463	1	15	48	50
Cell3464	1	8	54	49
Cell3465	1	1	11	42
Cell3466	1	19	13	63
Cell3467	1	1	43	27
Cell3468	1	14	2	45
Cell3469	1	1	8	15
Cell3471	1	21	35	24
Cell3472	1	16	6	4
Cell3473	1	8	54	49
Cell3474	1	4	38	15
Cell3475	1	6	9	26
Cell3476	1	18	50	6
Cell3477	1	11	32	16
Cell3478	1	1	11	15
Cell3479	1	8	54	49
Cell3482	1	7	31	40
Cell3483	1	1	17	13
Cell3484	1	4	28	13
Cell3485	1	1	17	13
Cell3486	1	1	47	14
Cell3487	1	14	2	41
Cell3488	1	9	14	31
Cell3489	1	13	36	60
Cell3490	1	8	45	39
Cell3491	1	9	14	62
Cell3492	1	5	60	16
Cell3493	1	6	22	40
Cell3494	1	7	21	7
Cell3495	1	3	19	32
Cell3496	1	18	50	6
Cell3497	1	8	54	30
Cell3498	1	6	40	26
Cell3499	1	12	27	20
Cell3500	1	1	43	13
Cell3501	1	11	32	33
Cell3502	1	13	44	46
Cell3503	1	11	32	33
Cell3504	1	1	63	15
Cell3505	1	5	15	56
Cell3506	1	11	42	31
Cell3507	1	5	15	51
Cell3508	1	1	47	33
Cell3509	1	8	52	1
Cell3510	1	19	13	63
Cell3511	1	1	8	28
Cell3512	1	9	24	56
Cell3513	1	3	57	64
Cell3515	1	16	6	59
Cell3517	1	1	53	57
Cell3518	1	1	43	13
Cell3519	1	11	32	33
Cell3520	1	4	38	27
Cell3521	1	1	43	5
Cell3522	1	14	2	41
Cell3523	1	2	26	54
Cell3524	1	1	43	5
Cell3525	1	10	34	47
Cell3526	1	5	34	10
Cell3527	1	10	30	22
Cell3528	1	2	46	24
Cell3529	1	5	15	46
Cell3530	1	16	6	4
Cell3531	1	13	44	35
Cell3532	1	8	41	45
Cell3533	1	15	48	50
Cell3534	1	2	26	48
Cell3535	1	22	62	21
Cell3537	1	10	30	22
Cell3538	1	1	53	57
Cell3539	1	1	8	28
Cell3540	1	1	63	28
Cell3541	1	6	40	26
Cell3542	1	13	44	56
Cell3543	1	5	60	53
Cell3544	1	18	50	6
Cell3546	1	1	17	28
Cell3548	1	21	51	12
Cell3549	1	12	59	27
Cell3550	1	1	47	15
Cell3551	1	18	50	6
Cell3552	1	8	41	35
Cell3553	1	14	2	41
Cell3554	1	4	7	33
Cell3555	1	12	59	32
Cell3556	1	18	50	6
Cell3558	1	8	54	49
Cell3559	1	15	48	50
Cell3561	1	6	40	26
Cell3562	1	16	6	4
Cell3563	1	4	39	42
Cell3564	1	18	55	29
Cell3565	1	3	23	60
Cell3566	1	1	63	19
Cell3567	1	14	2	41
Cell3568	1	12	58	58
Cell3569	1	5	60	28
Cell3570	1	14	2	11
Cell3571	1	11	42	52
Cell3572	1	3	20	32
Cell3573	1	8	41	9
Cell3574	1	6	40	8
Cell3575	1	4	39	42
Cell3576	1	5	60	53
Cell3577	1	5	5	47
Cell3578	1	6	37	1
Cell3579	1	13	44	17
Cell3580	1	21	51	12
Cell3581	1	7	36	8
Cell3582	1	7	31	40
Cell3583	1	6	10	1
Cell3584	1	13	36	16
Cell3585	1	12	59	2
Cell3586	1	15	48	50
Cell3587	1	2	56	19
Cell3588	1	7	21	20
Cell3590	1	6	40	26
Cell3591	1	1	11	5
Cell3592	1	12	58	58
Cell3593	1	7	31	37
Cell3594	1	9	14	30
Cell3595	1	9	14	62
Cell3596	1	5	5	59
Cell3597	1	11	42	16
Cell3598	1	7	36	8
Cell3599	1	7	42	59
Cell3600	1	9	49	31
Cell3601	1	1	11	37
Cell3602	1	10	34	36
Cell3603	1	5	60	46
Cell3604	1	4	10	15
Cell3605	1	1	63	28
Cell3606	1	3	20	61
Cell3607	1	6	40	60
Cell3608	1	22	62	21
Cell3609	1	18	50	6
Cell3610	1	1	43	19
Cell3611	1	19	13	63
Cell3612	1	2	47	20
Cell3613	1	14	2	41
Cell3614	1	3	20	11
Cell3615	1	6	40	26
Cell3616	1	5	15	31
Cell3617	1	1	43	13
Cell3618	1	8	54	49
Cell3619	1	5	60	53
Cell3620	1	2	1	23
Cell3621	1	17	18	18
Cell3622	1	1	47	19
Cell3624	1	5	60	24
Cell3625	1	4	38	43
Cell3626	1	6	37	34
Cell3627	1	9	49	9
Cell3628	1	2	4	20
Cell3629	1	16	6	11
Cell3630	1	8	45	39
Cell3631	1	10	34	1
Cell3632	1	2	1	20
Cell3633	1	6	61	3
Cell3634	1	5	60	16
Cell3635	1	17	18	18
Cell3636	1	2	56	14
Cell3637	1	12	59	11
Cell3638	1	16	6	4
Cell3639	1	3	19	35
Cell3640	1	5	60	53
Cell3641	1	4	11	59
Cell3642	1	1	33	64
Cell3643	1	3	19	44
Cell3644	1	12	58	58
Cell3645	1	19	13	63
Cell3646	1	1	8	60
Cell3647	1	10	34	36
Cell3648	1	3	20	32
Cell3649	1	3	19	35
Cell3650	1	22	62	21
Cell3651	1	1	8	15
Cell3652	1	7	36	25
Cell3653	1	1	51	5
Cell3654	1	13	44	64
Cell3655	1	1	33	2
Cell3656	1	7	31	40
Cell3657	1	14	2	41
Cell3658	1	4	7	16
Cell3659	1	8	52	32
Cell3660	1	1	63	60
Cell3661	1	6	10	1
Cell3662	1	7	36	32
Cell3663	1	12	58	58
Cell3665	1	7	31	34
Cell3666	1	17	18	18
Cell3667	1	8	45	39
Cell3668	1	8	54	49
Cell3669	1	2	29	20
Cell3670	1	17	18	18
Cell3671	1	1	53	57
Cell3672	1	18	55	3
Cell3675	1	1	63	24
Cell3676	1	1	43	19
Cell3677	1	9	14	62
Cell3678	1	17	18	18
Cell3679	1	18	55	24
Cell3680	1	21	35	62
Cell3681	1	6	61	3
Cell3682	1	8	41	38
Cell3683	1	5	60	62
Cell3684	1	1	47	19
Cell3685	1	3	19	44
Cell3686	1	13	44	30
Cell3687	1	10	30	22
Cell3688	1	7	42	59
Cell3689	1	5	15	47
Cell3690	1	18	50	6
Cell3691	1	1	53	60
Cell3692	1	2	29	23
Cell3693	1	7	36	25
Cell3694	1	1	11	5
Cell3695	1	2	46	57
Cell3696	1	9	49	31
Cell3697	1	9	24	45
Cell3698	1	6	10	17
Cell3699	1	5	60	53
Cell3700	1	14	2	41
Cell3701	1	15	48	50
Cell3702	1	22	62	21
Cell3703	1	8	45	39
Cell3704	1	1	43	5
Cell3705	1	15	48	50
Cell3706	1	17	18	18
Cell3707	1	14	2	41
Cell3708	1	7	36	51
Cell3709	1	10	34	36
Cell3710	1	5	15	32
Cell3711	1	9	14	62
Cell3712	1	14	2	41
Cell3713	1	1	63	28
Cell3714	1	2	47	64
Cell3716	1	6	40	26
Cell3717	1	4	39	42
Cell3718	1	6	10	17
Cell3719	1	9	49	9
Cell3720	1	11	32	51
Cell3721	1	2	29	23
Cell3722	1	18	50	6
Cell3723	1	1	11	31
Cell3724	1	2	27	27
Cell3725	1	8	22	40
Cell3726	1	6	40	24
Cell3727	1	6	61	21
Cell3728	1	2	1	20
Cell3729	1	4	38	1
Cell3730	1	18	50	6
Cell3731	1	19	13	63
Cell3732	1	20	3	55
Cell3733	1	9	49	9
Cell3734	1	21	51	61
Cell3735	1	17	18	18
Cell3736	1	2	27	20
Cell3737	1	2	47	14
Cell3738	1	17	18	18
Cell3739	1	9	14	56
Cell3740	1	1	51	15
Cell3741	1	2	26	54
Cell3742	1	8	45	39
Cell3743	1	19	13	63
Cell3744	1	7	31	7
Cell3745	1	2	56	14
Cell3746	1	10	30	22
Cell3747	1	10	30	22
Cell3748	1	5	15	53
Cell3749	1	6	37	51
Cell3750	1	20	25	55
Cell3751	1	3	12	11
Cell3752	1	3	57	48
Cell3753	1	3	59	61
Cell3754	1	16	6	4
Cell3755	1	4	28	34
Cell3756	1	5	34	47
Cell3757	1	6	37	1
Cell3758	1	6	22	64
Cell3759	1	11	32	33
Cell3760	1	12	58	52
Cell3761	1	7	21	24
Cell3762	1	7	42	7
Cell3763	1	11	32	33
Cell3764	1	3	57	48
Cell3765	1	2	56	14
Cell3766	1	1	11	5
Cell3767	1	6	37	64
Cell3768	1	1	43	15
Cell3769	1	6	22	35
Cell3770	1	4	39	25
Cell3772	1	2	29	23
Cell3773	1	8	54	49
Cell3774	1	16	6	4
Cell3775	1	4	38	17
Cell3776	1	11	47	33
Cell3777	1	9	24	62
Cell3778	1	5	60	53
Cell3779	1	2	4	52
Cell3780	1	14	2	41
Cell3781	1	10	23	36
Cell3782	1	3	19	44
Cell3784	1	3	12	48
Cell3785	1	7	21	31
Cell3786	1	7	21	7
Cell3787	1	3	12	43
Cell3788	1	4	28	34
Cell3790	1	11	42	52
Cell3791	1	6	40	26
Cell3792	1	6	37	62
Cell3793	1	7	31	32
Cell3794	1	10	30	22
Cell3795	1	14	2	41
Cell3796	1	6	40	15
Cell3799	1	12	59	16
Cell3800	1	13	44	64
Cell3801	1	15	48	40
Cell3802	1	1	63	28
Cell3803	1	11	32	60
Cell3804	1	18	50	6
Cell3805	1	6	9	45
Cell3806	1	9	24	62
Cell3807	1	11	47	20
Cell3808	1	12	59	58
Cell3809	1	1	8	17
Cell3811	1	18	50	6
Cell3812	1	7	31	40
Cell3813	1	12	58	58
Cell3814	1	4	28	31
Cell3815	1	11	42	16
Cell3816	1	9	14	2
Cell3817	1	12	59	58
Cell3818	1	10	34	27
Cell3819	1	2	56	13
Cell3820	1	11	32	33
Cell3821	1	12	58	58
Cell3822	1	7	21	2
Cell3823	1	6	10	56
Cell3824	1	3	19	17
Cell3825	1	6	9	3
Cell3826	1	14	2	41
Cell3827	1	3	19	44
Cell3828	1	12	59	15
Cell3829	1	4	39	28
Cell3830	1	7	36	56
Cell3831	1	9	24	25
Cell3832	1	11	32	2
Cell3833	1	8	45	39
Cell3834	1	1	11	51
Cell3835	1	8	41	38
Cell3836	1	4	39	42
Cell3837	1	8	54	49
Cell3838	1	9	24	62
Cell3839	1	5	60	53
Cell3840	1	3	12	61
Cell3841	1	4	39	42
Cell3842	1	4	7	60
Cell3843	1	3	57	31
Cell3844	1	8	45	39
Cell3845	1	20	25	55
Cell3846	1	6	40	26
Cell3847	1	4	39	42
Cell3848	1	6	22	51
Cell3849	1	2	4	54
Cell3850	1	7	42	20
Cell3852	1	1	63	19
Cell3853	1	6	37	34
Cell3855	1	11	4	51
Cell3856	1	2	1	54
Cell3857	1	4	7	43
Cell3858	1	13	44	35
Cell3859	1	18	50	6
Cell3860	1	3	12	61
Cell3861	1	12	59	2
Cell3862	1	6	9	45
Cell3863	1	15	48	45
Cell3864	1	2	47	64
Cell3865	1	5	60	53
Cell3866	1	1	17	24
Cell3867	1	1	33	19
Cell3868	1	12	58	58
Cell3869	1	3	19	25
Cell3870	1	4	39	28
Cell3871	1	7	42	51
Cell3873	1	6	40	26
Cell3874	1	5	42	7
Cell3875	1	7	42	16
Cell3876	1	17	18	7
Cell3877	1	5	15	35
Cell3878	1	18	50	37
Cell3879	1	7	21	7
Cell3880	1	11	47	33
Cell3881	1	7	21	52
Cell3882	1	11	32	33
Cell3883	1	10	23	60
Cell3884	1	3	60	53
Cell3885	1	16	6	4
Cell3886	1	5	44	30
Cell3887	1	9	49	62
Cell3888	1	4	39	42
Cell3889	1	11	32	33
Cell3890	1	12	58	58
Cell3891	1	6	61	37
Cell3892	1	2	1	15
Cell3893	1	10	30	22
Cell3894	1	3	20	61
Cell3895	1	8	45	39
Cell3896	1	11	47	33
Cell3897	1	11	42	46
Cell3898	1	19	13	63
Cell3899	1	18	50	6
Cell3900	1	2	4	24
Cell3901	1	2	1	47
Cell3902	1	8	41	38
Cell3903	1	12	58	58
Cell3904	1	3	19	44
Cell3905	1	4	39	42
Cell3906	1	7	14	62
Cell3907	1	12	59	11
Cell3908	1	7	42	31
Cell3909	1	1	63	17
Cell3910	1	9	14	56
Cell3911	1	6	9	3
Cell3912	1	13	44	25
Cell3913	1	3	23	57
Cell3914	1	7	21	7
Cell3915	1	17	18	18
Cell3916	1	19	13	43
Cell3918	1	15	48	50
Cell3919	1	5	60	53
Cell3920	1	7	36	46
Cell3921	1	6	40	26
Cell3922	1	22	62	21
Cell3923	1	8	54	49
Cell3924	1	1	63	64
Cell3925	1	10	34	60
Cell3926	1	7	21	8
Cell3927	1	4	7	37
Cell3928	1	2	47	19
Cell3929	1	1	43	13
Cell3930	1	10	34	60
Cell3931	1	15	48	50
Cell3932	1	5	5	64
Cell3933	1	9	49	62
Cell3934	1	22	62	21
Cell3935	1	12	58	58
Cell3936	1	7	36	40
Cell3937	1	2	56	14
Cell3938	1	4	38	31
Cell3940	1	9	14	40
Cell3941	1	1	47	5
Cell3942	1	14	2	41
Cell3943	1	11	47	33
Cell3944	1	9	14	62
Cell3945	1	3	20	2
Cell3946	1	4	38	5
Cell3947	1	4	39	42
Cell3948	1	2	56	14
Cell3949	1	2	29	23
Cell3951	1	22	62	21
Cell3952	1	9	49	9
Cell3953	1	8	52	2
Cell3954	1	3	19	32
Cell3955	1	1	33	59
Cell3956	1	3	23	32
Cell3957	1	10	30	22
Cell3958	1	5	60	53
Cell3959	1	7	36	29
Cell3960	1	6	10	17
Cell3961	1	14	2	14
Cell3962	1	4	28	2
Cell3963	1	10	30	22
Cell3964	1	8	54	49
Cell3965	1	7	31	25
Cell3966	1	14	2	7
Cell3967	1	6	22	9
Cell3968	1	4	39	42
Cell3969	1	1	8	2
Cell3970	1	8	41	31
Cell3971	1	7	36	46
Cell3972	1	9	24	17
Cell3973	1	2	4	62
Cell3974	1	3	20	25
Cell3976	1	9	24	39
Cell3977	1	7	21	7
Cell3978	1	3	57	48
Cell3979	1	4	11	37
Cell3980	1	1	8	57
Cell3982	1	7	36	9
Cell3983	1	19	13	63
Cell3984	1	2	56	14
Cell3985	1	18	50	6
Cell3986	1	20	25	55
Cell3987	1	1	8	1
Cell3988	1	8	54	49
Cell3989	1	3	12	11
Cell3990	1	3	12	11
Cell3991	1	4	38	2
Cell3992	1	7	21	29
Cell3993	1	1	17	13
Cell3994	1	16	6	56
Cell3995	1	3	23	43
Cell3996	1	16	6	4
Cell3997	1	8	54	49
Cell3998	1	6	61	24
Cell3999	1	21	35	12
Cell4000	1	14	2	41
Cell4001	1	5	15	52
Cell4002	1	9	24	35
Cell4003	1	4	7	2
Cell4004	1	4	38	27
Cell4005	1	16	6	4
Cell4006	1	5	34	47
Cell4007	1	11	32	16
Cell4008	1	7	21	7
Cell4009	1	10	34	56
Cell4010	1	4	7	51
Cell4012	1	3	20	61
Cell4014	1	5	18	46
Cell4015	1	8	41	38
Cell4016	1	6	22	62
Cell4017	1	6	9	3
Cell4018	1	17	18	18
Cell4019	1	1	47	27
Cell4020	1	22	16	21
Cell4021	1	8	54	39
Cell4023	1	9	49	30
Cell4024	1	6	40	26
Cell4025	1	12	58	58
Cell4026	1	2	27	23
Cell4027	1	4	39	2
Cell4028	1	2	29	23
Cell4029	1	3	57	48
Cell4030	1	4	28	3
Cell4031	1	11	42	52
Cell4032	1	4	28	27
Cell4033	1	19	13	24
Cell4034	1	15	48	50
Cell4035	1	4	28	43
Cell4036	1	1	53	57
Cell4037	1	7	36	29
Cell4038	1	5	5	59
Cell4039	1	11	42	20
Cell4040	1	2	29	24
Cell4041	1	5	15	56
Cell4042	1	22	16	21
Cell4043	1	2	4	20
Cell4044	1	13	44	56
Cell4045	1	6	22	9
Cell4046	1	5	5	56
Cell4047	1	4	28	34
Cell4048	1	6	22	29
Cell4049	1	12	58	58
Cell4050	1	3	57	48
Cell4051	1	13	44	25
Cell4052	1	6	61	28
Cell4053	1	2	4	11
Cell4054	1	3	19	31
Cell4055	1	10	30	22
Cell4056	1	8	41	45
Cell4057	1	1	43	13
Cell4058	1	4	38	2
Cell4059	1	20	25	55
Cell4060	1	18	50	6
Cell4061	1	5	60	53
Cell4062	1	18	55	3
Cell4063	1	2	4	23
Cell4064	1	2	26	54
Cell4065	1	6	40	26
Cell4066	1	2	56	14
Cell4067	1	3	19	44
Cell4068	1	15	48	50
Cell4069	1	5	15	52
Cell4070	1	3	19	44
Cell4071	1	5	15	32
Cell4072	1	19	13	63
Cell4073	1	10	34	45
Cell4074	1	7	31	40
Cell4076	1	4	39	42
Cell4077	1	15	48	25
Cell4078	1	9	49	37
Cell4079	1	2	4	37
Cell4080	1	19	13	63
Cell4081	1	16	6	4
Cell4082	1	2	47	33
Cell4083	1	14	2	56
Cell4084	1	8	45	49
Cell4085	1	2	56	13
Cell4086	1	6	10	24
Cell4087	1	14	2	41
Cell4088	1	6	37	1
Cell4089	1	7	21	27
Cell4090	1	4	39	42
Cell4091	1	22	62	21
Cell4092	1	7	36	8
Cell4093	1	3	57	48
Cell4094	1	6	9	21
Cell4095	1	8	52	38
Cell4096	1	7	36	29
Cell4097	1	9	14	64
Cell4098	1	13	44	10
Cell4099	1	5	60	53
Cell4100	1	11	32	16
Cell4101	1	3	57	1
Cell4102	1	15	48	45
Cell4103	1	16	6	45
Cell4104	1	2	47	14
Cell4105	1	5	15	10
Cell4106	1	11	32	30
Cell4107	1	5	44	30
Cell4108	1	10	30	22
Cell4109	1	13	44	56
Cell4110	1	8	54	49
Cell4111	1	6	37	38
Cell4112	1	1	33	13
Cell4113	1	17	18	18
Cell4114	1	6	10	1
Cell4115	1	6	10	1
Cell4116	1	10	23	54
Cell4117	1	2	4	23
Cell4118	1	12	58	58
Cell4119	1	3	12	48
Cell4120	1	17	18	16
Cell4121	1	13	44	10
Cell4122	1	2	29	20
Cell4124	1	7	36	62
Cell4125	1	8	52	39
Cell4126	1	8	54	49
Cell4128	1	17	18	18
Cell4129	1	16	6	4
Cell4130	1	11	32	13
Cell4131	1	4	28	34
Cell4132	1	8	54	49
Cell4133	1	2	56	14
Cell4134	1	17	18	18
Cell4135	1	20	25	55
Cell4136	1	4	7	60
Cell4137	1	9	14	2
Cell4138	1	4	28	40
Cell4139	1	7	21	27
Cell4140	1	5	60	53
Cell4141	1	6	37	13
Cell4142	1	1	17	13
Cell4143	1	21	35	12
Cell4144	1	1	8	57
Cell4145	1	17	18	18
Cell4146	1	12	59	11
Cell4147	1	1	43	51
Cell4148	1	5	5	15
Cell4149	1	10	23	36
Cell4150	1	1	11	29
Cell4151	1	5	5	47
Cell4152	1	7	31	25
Cell4153	1	5	5	47
Cell4154	1	10	34	24
Cell4155	1	4	10	64
Cell4156	1	7	21	57
Cell4157	1	5	42	52
Cell4158	1	4	38	35
Cell4159	1	8	54	39
Cell4161	1	16	6	4
Cell4162	1	4	39	42
Cell4163	1	11	32	33
Cell4164	1	14	2	41
Cell4165	1	20	25	55
Cell4166	1	21	35	12
Cell4167	1	3	19	35
Cell4168	1	15	41	8
Cell4169	1	8	45	59
Cell4170	1	5	60	53
Cell4171	1	20	25	55
Cell4172	1	3	19	44
Cell4173	1	7	28	40
Cell4174	1	3	20	61
Cell4175	1	19	13	63
Cell4176	1	4	38	35
Cell4177	1	5	60	32
Cell4178	1	2	56	14
Cell4179	1	4	28	5
Cell4180	1	2	29	59
Cell4181	1	14	2	10
Cell4182	1	3	12	48
Cell4183	1	2	29	23
Cell4184	1	18	50	6
Cell4185	1	1	8	7
Cell4186	1	8	45	39
Cell4187	1	2	4	23
Cell4188	1	5	60	53
Cell4189	1	1	47	19
Cell4190	1	2	29	23
Cell4191	1	4	38	45
Cell4192	1	9	24	62
Cell4193	1	1	47	13
Cell4195	1	6	9	3
Cell4196	1	1	17	13
Cell4198	1	1	8	28
Cell4199	1	7	36	46
Cell4200	1	1	43	28
Cell4201	1	12	58	58
Cell4202	1	20	25	55
Cell4203	1	8	54	43
Cell4204	1	7	42	52
Cell4205	1	13	44	8
Cell4206	1	4	7	13
Cell4207	1	5	5	48
Cell4208	1	6	10	26
Cell4209	1	5	5	47
Cell4210	1	2	26	54
Cell4211	1	21	51	12
Cell4212	1	1	43	13
Cell4213	1	4	7	5
Cell4214	1	10	34	36
Cell4215	1	1	63	28
Cell4216	1	5	60	48
Cell4217	1	6	9	45
Cell4218	1	4	7	34
Cell4219	1	9	14	62
Cell4220	1	11	32	15
Cell4221	1	5	42	51
Cell4222	1	2	29	24
Cell4223	1	2	46	54
Cell4224	1	1	17	2
Cell4225	1	3	19	44
Cell4226	1	7	31	40
Cell4227	1	17	18	18
Cell4228	1	2	29	20
Cell4230	1	5	5	59
Cell4231	1	4	28	1
Cell4232	1	3	23	60
Cell4233	1	16	6	4
Cell4234	1	3	12	11
Cell4235	1	2	26	54
Cell4236	1	13	44	8
Cell4237	1	5	60	53
Cell4238	1	22	16	21
Cell4239	1	8	54	49
Cell4240	1	11	32	52
Cell4241	1	18	50	6
Cell4242	1	1	11	46
Cell4243	1	6	40	26
Cell4244	1	5	15	7
Cell4245	1	16	6	4
Cell4246	1	12	58	58
Cell4247	1	8	54	49
Cell4248	1	22	62	21
Cell4249	1	10	30	22
Cell4250	1	19	13	63
Cell4251	1	4	39	42
Cell4252	1	2	29	23
Cell4253	1	13	44	56
Cell4254	1	16	6	4
Cell4255	1	3	23	61
Cell4256	1	10	34	45
Cell4258	1	8	54	49
Cell4259	1	7	31	27
Cell4260	1	6	9	3
Cell4261	1	3	23	59
Cell4262	1	6	40	26
Cell4263	1	8	41	38
Cell4264	1	11	42	52
Cell4265	1	11	32	16
Cell4266	1	4	38	7
Cell4267	1	21	51	12
Cell4268	1	12	58	58
Cell4270	1	18	50	6
Cell4271	1	20	3	55
Cell4272	1	2	4	16
Cell4273	1	5	5	47
Cell4274	1	1	63	57
Cell4275	1	3	19	31
Cell4276	1	4	11	5
Cell4277	1	20	25	55
Cell4278	1	12	59	45
Cell4279	1	3	57	48
Cell4280	1	14	2	41
Cell4281	1	1	63	37
Cell4282	1	4	38	17
Cell4283	1	19	13	51
Cell4284	1	17	18	18
Cell4285	1	6	61	3
Cell4286	1	22	62	21
Cell4287	1	6	40	24
Cell4288	1	7	31	56
Cell4289	1	20	25	55
Cell4290	1	4	28	32
Cell4291	1	19	13	63
Cell4292	1	4	38	40
Cell4293	1	20	3	32
Cell4294	1	1	53	57
Cell4295	1	12	59	11
Cell4296	1	5	15	7
Cell4297	1	18	50	6
Cell4298	1	5	60	53
Cell4299	1	4	38	13
Cell4300	1	1	8	28
Cell4301	1	14	2	41
Cell4302	1	4	28	2
Cell4303	1	5	42	52
Cell4304	1	2	56	30
Cell4305	1	3	12	32
Cell4306	1	4	38	43
Cell4307	1	1	8	57
Cell4308	1	10	30	22
Cell4309	1	2	1	23
Cell4310	1	3	20	32
Cell4311	1	5	5	35
Cell4313	1	4	7	33
Cell4314	1	11	32	27
Cell4315	1	4	7	27
Cell4316	1	4	38	25
Cell4317	1	7	31	40
Cell4318	1	17	18	18
Cell4319	1	4	38	27
Cell4320	1	7	36	35
Cell4321	1	2	56	14
Cell4322	1	2	29	24
Cell4323	1	5	42	56
Cell4324	1	15	48	35
Cell4325	1	5	15	23
Cell4326	1	5	5	7
Cell4327	1	10	34	47
Cell4328	1	6	22	31
Cell4329	1	1	11	19
Cell4330	1	11	32	33
Cell4331	1	1	11	27
Cell4332	1	3	57	57
Cell4333	1	21	51	12
Cell4335	1	10	30	22
Cell4336	1	6	9	3
Cell4337	1	2	1	23
Cell4338	1	10	30	22
Cell4339	1	1	43	5
Cell4340	1	15	48	50
Cell4341	1	5	5	62
Cell4342	1	2	1	54
Cell4343	1	3	12	20
Cell4344	1	4	39	42
Cell4345	1	6	61	3
Cell4346	1	17	18	40
Cell4347	1	19	13	63
Cell4348	1	5	60	53
Cell4349	1	7	36	16
Cell4350	1	1	17	45
Cell4351	1	3	57	62
Cell4352	1	8	54	49
Cell4353	1	2	56	14
Cell4354	1	10	34	36
Cell4355	1	2	27	61
Cell4356	1	19	13	10
Cell4357	1	8	45	39
Cell4358	1	6	22	9
Cell4359	1	14	2	41
Cell4360	1	5	15	7
Cell4361	1	1	63	19
Cell4362	1	10	23	36
Cell4363	1	10	34	26
Cell4364	1	7	31	25
Cell4365	1	13	44	8
Cell4366	1	6	40	26
Cell4367	1	9	24	51
Cell4368	1	10	30	22
Cell4369	1	4	7	51
Cell4370	1	18	50	62
Cell4371	1	3	12	61
Cell4372	1	1	47	20
Cell4373	1	2	27	20
Cell4374	1	20	3	16
Cell4375	1	4	7	15
Cell4376	1	20	3	37
Cell4377	1	1	43	5
Cell4378	1	7	36	46
Cell4379	1	7	21	17
Cell4380	1	3	20	61
Cell4381	1	6	40	26
Cell4382	1	4	10	60
Cell4383	1	12	59	2
Cell4384	1	2	26	54
Cell4385	1	5	5	59
Cell4386	1	2	26	54
Cell4387	1	1	8	35
Cell4388	1	15	48	50
Cell4389	1	5	5	24
Cell4390	1	1	11	34
Cell4391	1	2	56	14
Cell4392	1	3	19	61
Cell4393	1	1	8	59
Cell4394	1	10	34	36
Cell4395	1	3	19	44
Cell4396	1	1	43	57
Cell4397	1	1	8	57
Cell4398	1	5	60	11
Cell4399	1	1	11	5
Cell4400	1	1	63	5
Cell4401	1	10	34	36
Cell4402	1	2	56	14
Cell4403	1	17	18	18
Cell4404	1	4	38	43
Cell4405	1	3	57	48
Cell4406	1	1	53	24
Cell4407	1	2	47	14
Cell4408	1	7	31	34
Cell4409	1	8	45	39
Cell4410	1	9	14	25
Cell4411	1	11	32	33
Cell4412	1	2	29	23
Cell4413	1	4	7	5
Cell4414	1	4	38	17
Cell4415	1	11	32	16
Cell4416	1	1	8	28
Cell4417	1	4	11	27
Cell4418	1	12	58	58
Cell4419	1	19	13	63
Cell4420	1	2	29	59
Cell4421	1	6	22	24
Cell4422	1	4	39	42
Cell4423	1	11	42	52
Cell4424	1	6	61	27
Cell4425	1	8	45	39
Cell4427	1	12	58	58
Cell4428	1	1	33	24
Cell4429	1	1	63	57
Cell4430	1	2	4	51
Cell4431	1	5	60	53
Cell4432	1	1	33	28
Cell4433	1	17	18	18
Cell4434	1	5	60	16
Cell4435	1	6	37	9
Cell4436	1	12	58	58
Cell4437	1	12	58	58
Cell4438	1	5	5	30
Cell4439	1	1	47	17
Cell4440	1	6	40	26
Cell4441	1	19	13	63
Cell4442	1	5	15	56
Cell4443	1	8	54	49
Cell4444	1	4	28	2
Cell4445	1	9	31	51
Cell4446	1	18	50	6
Cell4447	1	5	5	61
Cell4448	1	12	58	58
Cell4449	1	11	32	34
Cell4451	1	3	57	23
Cell4452	1	1	43	43
Cell4453	1	10	30	51
Cell4454	1	2	29	20
Cell4455	1	6	37	50
Cell4456	1	5	60	53
Cell4457	1	6	61	3
Cell4458	1	11	32	20
Cell4459	1	6	37	1
Cell4460	1	8	54	39
Cell4461	1	18	50	6
Cell4462	1	2	47	64
Cell4463	1	10	34	36
Cell4465	1	2	29	23
Cell4466	1	3	20	62
Cell4467	1	7	36	56
Cell4468	1	11	4	52
Cell4469	1	8	41	38
Cell4470	1	4	39	15
Cell4471	1	1	8	57
Cell4472	1	5	60	53
Cell4473	1	2	56	14
Cell4474	1	13	44	15
Cell4475	1	1	17	13
Cell4476	1	1	8	43
Cell4478	1	5	5	60
Cell4479	1	2	27	11
Cell4480	1	5	42	51
Cell4481	1	10	34	36
Cell4482	1	22	16	21
Cell4483	1	7	21	52
Cell4485	1	2	27	11
Cell4487	1	6	22	9
Cell4488	1	21	51	12
Cell4489	1	7	31	40
Cell4491	1	2	56	24
Cell4492	1	1	33	60
Cell4493	1	1	17	14
Cell4494	1	11	32	20
Cell4495	1	7	31	29
Cell4496	1	18	50	6
Cell4497	1	7	31	40
Cell4498	1	3	19	44
Cell4499	1	8	45	39
Cell4500	1	11	32	52
Cell4501	1	4	38	61
Cell4502	1	1	11	19
Cell4503	1	1	33	35
Cell4504	1	6	22	45
Cell4505	1	15	48	50
Cell4506	1	1	63	28
Cell4507	1	1	63	28
Cell4508	1	7	14	16
Cell4509	1	10	34	60
Cell4510	1	2	29	20
Cell4511	1	9	14	27
Cell4513	1	7	21	29
Cell4514	1	6	10	1
Cell4515	1	9	14	29
Cell4516	1	2	26	54
Cell4517	1	16	6	4
Cell4518	1	6	10	59
Cell4519	1	18	50	6
Cell4520	1	13	44	9
Cell4521	1	9	24	37
Cell4522	1	2	56	14
Cell4523	1	16	6	43
Cell4524	1	3	57	60
Cell4525	1	4	7	34
Cell4526	1	9	14	16
Cell4527	1	16	6	4
Cell4528	1	11	32	5
Cell4529	1	11	32	43
Cell4530	1	20	3	55
Cell4531	1	8	41	8
Cell4532	1	14	2	41
Cell4533	1	1	63	19
Cell4534	1	5	60	53
Cell4535	1	1	47	19
Cell4536	1	4	28	34
Cell4538	1	1	43	13
Cell4539	1	9	49	29
Cell4540	1	4	11	2
Cell4542	1	16	6	15
Cell4543	1	14	2	41
Cell4544	1	2	47	51
Cell4545	1	4	28	59
Cell4546	1	3	23	60
Cell4547	1	2	29	23
Cell4548	1	15	48	31
Cell4549	1	2	29	23
Cell4550	1	1	43	45
Cell4551	1	8	45	39
Cell4552	1	7	42	31
Cell4553	1	1	8	24
Cell4554	1	2	56	19
Cell4555	1	2	29	46
Cell4556	1	10	30	22
Cell4557	1	8	54	49
Cell4558	1	21	51	12
Cell4559	1	1	33	59
Cell4560	1	5	15	8
Cell4561	1	3	57	11
Cell4562	1	3	57	48
Cell4563	1	4	38	46
Cell4564	1	17	18	18
Cell4566	1	15	48	50
Cell4567	1	4	39	37
Cell4568	1	7	42	59
Cell4569	1	4	7	59
Cell4570	1	6	39	3
Cell4571	1	12	59	32
Cell4572	1	7	21	7
Cell4573	1	2	4	46
Cell4574	1	2	4	37
Cell4575	1	1	43	5
Cell4576	1	13	44	16
Cell4577	1	3	19	44
Cell4578	1	7	21	56
Cell4579	1	11	32	37
Cell4580	1	5	15	56
Cell4581	1	9	49	9
Cell4582	1	4	39	17
Cell4583	1	2	60	31
Cell4584	1	9	14	62
Cell4585	1	3	20	61
Cell4586	1	1	8	28
Cell4587	1	4	39	3
Cell4588	1	2	26	54
Cell4589	1	2	29	23
Cell4590	1	10	30	22
Cell4591	1	15	48	50
Cell4592	1	7	14	29
Cell4593	1	15	48	50
Cell4594	1	6	39	17
Cell4595	1	11	42	33
Cell4596	1	17	18	18
Cell4597	1	1	43	28
Cell4598	1	1	17	13
Cell4599	1	12	59	52
Cell4600	1	5	15	7
Cell4601	1	17	18	18
Cell4602	1	7	7	40
Cell4603	1	4	38	15
Cell4604	1	1	8	60
Cell4605	1	20	25	55
Cell4606	1	6	61	3
Cell4607	1	2	1	20
Cell4608	1	1	63	30
Cell4609	1	12	58	58
Cell4610	1	10	34	36
Cell4611	1	5	42	5
Cell4612	1	5	18	56
Cell4613	1	10	30	22
Cell4614	1	2	56	54
Cell4615	1	12	59	32
Cell4616	1	5	5	30
Cell4617	1	22	16	21
Cell4618	1	1	43	19
Cell4619	1	20	3	16
Cell4620	1	2	56	15
Cell4621	1	15	48	50
Cell4622	1	4	28	25
Cell4623	1	16	6	4
Cell4624	1	5	15	30
Cell4625	1	1	43	5
Cell4627	1	17	18	16
Cell4628	1	7	36	29
Cell4629	1	7	36	43
Cell4630	1	1	53	57
Cell4631	1	19	13	63
Cell4632	1	21	51	12
Cell4633	1	16	6	25
Cell4634	1	2	4	53
Cell4635	1	6	9	3
Cell4636	1	4	38	27
Cell4637	1	7	36	25
Cell4638	1	9	14	45
Cell4639	1	5	15	54
Cell4640	1	7	21	43
Cell4641	1	2	29	60
Cell4643	1	18	50	6
Cell4644	1	4	39	42
Cell4645	1	2	29	20
Cell4646	1	8	41	29
Cell4647	1	4	28	40
Cell4648	1	18	50	6
Cell4649	1	1	8	28
Cell4650	1	1	53	57
Cell4651	1	7	31	45
Cell4652	1	5	44	30
Cell4653	1	8	45	39
Cell4654	1	3	19	44
Cell4655	1	14	2	41
Cell4657	1	3	19	44
Cell4658	1	5	15	35
Cell4659	1	4	8	19
Cell4660	1	9	49	1
Cell4661	1	17	18	18
Cell4662	1	1	8	28
Cell4663	1	11	32	16
Cell4664	1	21	35	15
Cell4665	1	18	50	6
Cell4666	1	15	48	50
Cell4667	1	1	11	13
Cell4669	1	6	22	2
Cell4670	1	22	62	21
Cell4671	1	16	6	4
Cell4672	1	5	15	20
Cell4673	1	2	29	56
Cell4674	1	20	3	62
Cell4675	1	2	29	23
Cell4676	1	1	11	28
Cell4678	1	6	61	3
Cell4679	1	13	44	10
Cell4680	1	5	42	16
Cell4681	1	2	4	23
Cell4682	1	7	36	29
Cell4683	1	7	21	7
Cell4684	1	5	5	30
Cell4685	1	8	54	49
Cell4686	1	2	56	27
Cell4687	1	14	2	41
Cell4688	1	1	53	57
Cell4689	1	4	39	17
Cell4690	1	3	19	61
Cell4691	1	5	34	25
Cell4692	1	7	36	2
Cell4693	1	1	11	37
Cell4694	1	1	33	19
Cell4695	1	4	39	42
Cell4696	1	8	45	39
Cell4697	1	3	19	51
Cell4698	1	2	26	54
Cell4699	1	8	54	49
Cell4700	1	6	61	3
Cell4701	1	21	51	12
Cell4703	1	9	14	56
Cell4704	1	11	42	51
Cell4705	1	11	4	16
Cell4706	1	9	14	35
Cell4707	1	3	57	48
Cell4708	1	19	13	63
Cell4709	1	7	21	16
Cell4710	1	7	21	7
Cell4711	1	10	30	15
Cell4712	1	1	11	31
Cell4713	1	6	40	26
Cell4714	1	2	27	11
Cell4715	1	13	44	56
Cell4716	1	7	22	40
Cell4718	1	20	3	55
Cell4719	1	2	29	23
Cell4720	1	11	32	33
Cell4721	1	13	44	10
Cell4722	1	6	22	39
Cell4723	1	1	33	28
Cell4724	1	2	26	54
Cell4726	1	5	15	60
Cell4727	1	3	19	44
Cell4728	1	10	34	36
Cell4729	1	10	34	36
Cell4730	1	11	32	16
Cell4731	1	5	42	48
Cell4732	1	2	29	25
Cell4733	1	13	44	10
Cell4734	1	7	36	52
Cell4735	1	2	29	20
Cell4736	1	5	15	7
Cell4737	1	10	23	60
Cell4738	1	20	25	55
Cell4739	1	1	63	28
Cell4740	1	15	48	50
Cell4742	1	9	49	27
Cell4743	1	16	6	4
Cell4744	1	16	6	4
Cell4745	1	2	26	54
Cell4746	1	16	6	4
Cell4747	1	6	10	1
Cell4748	1	12	27	20
Cell4749	1	3	19	44
Cell4750	1	2	29	23
Cell4751	1	1	53	57
Cell4752	1	3	12	54
Cell4753	1	5	5	30
Cell4754	1	3	19	44
Cell4755	1	7	21	52
Cell4756	1	13	44	10
Cell4757	1	7	36	8
Cell4758	1	16	6	4
Cell4760	1	5	5	47
Cell4761	1	13	44	10
Cell4762	1	7	36	64
Cell4763	1	13	15	25
Cell4764	1	9	14	62
Cell4765	1	1	43	17
Cell4766	1	5	42	19
Cell4767	1	6	9	3
Cell4768	1	17	18	18
Cell4769	1	8	54	52
Cell4770	1	7	36	40
Cell4771	1	13	44	10
Cell4772	1	22	16	21
Cell4773	1	17	18	18
Cell4774	1	6	22	33
Cell4775	1	4	10	40
Cell4776	1	2	4	36
Cell4777	1	1	63	28
Cell4778	1	18	50	6
Cell4779	1	20	3	55
Cell4780	1	5	15	16
Cell4781	1	14	2	64
Cell4782	1	11	32	33
Cell4783	1	13	44	10
Cell4784	1	5	60	53
Cell4785	1	3	12	23
Cell4786	1	11	42	52
Cell4787	1	4	10	60
Cell4788	1	5	15	47
Cell4789	1	5	5	47
Cell4790	1	19	13	63
Cell4792	1	3	12	61
Cell4793	1	7	7	34
Cell4794	1	1	8	28
Cell4795	1	22	62	21
Cell4796	1	2	46	54
Cell4797	1	8	41	38
Cell4798	1	13	44	10
Cell4799	1	1	11	13
Cell4800	1	1	47	19
Cell4802	1	1	43	14
Cell4803	1	12	58	64
Cell4804	1	3	20	61
Cell4805	1	12	58	58
Cell4807	1	9	14	62
Cell4808	1	13	44	30
Cell4810	1	15	48	29
Cell4811	1	19	13	63
Cell4812	1	8	41	35
Cell4813	1	7	21	25
Cell4814	1	16	6	4
Cell4815	1	6	61	3
Cell4816	1	8	45	39
Cell4817	1	7	21	7
Cell4818	1	5	5	52
Cell4819	1	11	32	33
Cell4820	1	5	60	53
Cell4821	1	8	45	59
Cell4822	1	7	31	8
Cell4823	1	5	60	53
Cell4824	1	4	7	43
Cell4826	1	11	32	9
Cell4827	1	17	18	18
Cell4828	1	5	60	53
Cell4829	1	7	42	15
Cell4830	1	11	32	43
Cell4831	1	5	5	47
Cell4832	1	5	60	7
Cell4833	1	5	5	43
Cell4834	1	10	30	22
Cell4835	1	5	60	16
Cell4836	1	9	14	64
Cell4837	1	8	45	61
Cell4838	1	7	42	16
Cell4839	1	1	53	57
Cell4840	1	1	43	5
Cell4841	1	2	27	20
Cell4842	1	15	48	50
Cell4843	1	8	45	39
Cell4844	1	14	2	41
Cell4845	1	21	35	12
Cell4846	1	8	41	38
Cell4847	1	2	27	53
Cell4848	1	10	30	22
Cell4849	1	18	50	6
Cell4850	1	1	17	43
Cell4851	1	7	21	51
Cell4852	1	21	51	12
Cell4853	1	1	63	19
Cell4854	1	17	18	37
Cell4855	1	13	44	10
Cell4856	1	7	21	16
Cell4857	1	18	50	6
Cell4858	1	7	31	8
Cell4859	1	17	18	18
Cell4860	1	5	60	53
Cell4861	1	3	23	35
Cell4862	1	2	29	23
Cell4863	1	1	17	13
Cell4864	1	1	8	57
Cell4865	1	5	15	52
Cell4866	1	2	56	14
Cell4867	1	7	36	37
Cell4868	1	8	54	49
Cell4869	1	4	38	17
Cell4870	1	7	36	56
Cell4871	1	8	45	39
Cell4872	1	12	59	61
Cell4873	1	9	49	59
Cell4874	1	6	40	26
Cell4875	1	8	54	49
Cell4876	1	2	4	51
Cell4877	1	2	56	14
Cell4878	1	3	57	2
Cell4879	1	6	61	3
Cell4880	1	4	39	34
Cell4881	1	19	13	63
Cell4882	1	3	57	48
Cell4883	1	5	5	47
Cell4884	1	1	8	42
Cell4885	1	4	38	27
Cell4886	1	9	31	45
Cell4887	1	9	49	15
Cell4888	1	15	48	31
Cell4889	1	4	39	27
Cell4890	1	20	3	55
Cell4891	1	7	21	7
Cell4892	1	20	3	27
Cell4893	1	2	29	23
Cell4894	1	1	63	28
Cell4895	1	21	35	61
Cell4897	1	4	28	34
Cell4898	1	4	38	15
Cell4899	1	19	13	63
Cell4900	1	7	31	29
Cell4901	1	4	39	2
Cell4902	1	13	44	10
Cell4903	1	11	32	33
Cell4904	1	1	11	5
Cell4905	1	11	4	56
Cell4906	1	4	39	28
Cell4907	1	12	58	58
Cell4909	1	1	64	25
Cell4911	1	9	24	8
Cell4912	1	10	30	22
Cell4913	1	14	2	41
Cell4914	1	13	44	10
Cell4915	1	1	17	13
Cell4916	1	4	28	1
Cell4917	1	3	19	44
Cell4918	1	11	7	16
Cell4919	1	8	52	30
Cell4920	1	5	42	35
Cell4921	1	4	39	42
Cell4922	1	3	19	44
Cell4923	1	18	50	6
Cell4924	1	9	49	62
Cell4925	1	22	16	15
Cell4926	1	11	4	25
Cell4927	1	15	48	29
Cell4928	1	4	28	1
Cell4929	1	8	54	38
Cell4930	1	14	2	41
Cell4931	1	18	50	6
Cell4932	1	14	2	41
Cell4933	1	4	38	2
Cell4934	1	16	6	4
Cell4935	1	11	32	52
Cell4936	1	18	50	6
Cell4937	1	4	28	57
Cell4938	1	8	41	38
Cell4939	1	4	28	31
Cell4940	1	7	31	40
Cell4941	1	10	34	25
Cell4942	1	4	28	34
Cell4943	1	12	27	20
Cell4944	1	15	48	50
Cell4945	1	18	50	6
Cell4946	1	10	30	22
Cell4947	1	1	43	17
Cell4948	1	4	28	34
Cell4949	1	1	43	13
Cell4950	1	9	31	29
Cell4951	1	17	18	18
Cell4952	1	3	20	32
Cell4953	1	20	25	55
Cell4954	1	6	40	29
Cell4955	1	22	62	21
Cell4956	1	6	61	15
Cell4957	1	4	39	42
Cell4958	1	8	54	30
Cell4959	1	22	62	64
Cell4960	1	14	2	41
Cell4961	1	10	34	36
Cell4962	1	12	58	58
Cell4963	1	10	34	60
Cell4964	1	3	19	31
Cell4965	1	14	2	41
Cell4966	1	3	20	32
Cell4967	1	10	34	26
Cell4968	1	20	25	55
Cell4970	1	2	29	20
Cell4971	1	1	11	20
Cell4972	1	18	50	6
Cell4973	1	9	31	29
Cell4974	1	1	8	42
Cell4975	1	15	48	50
Cell4976	1	17	18	18
Cell4977	1	1	11	5
Cell4978	1	14	2	41
Cell4979	1	7	31	29
Cell4980	1	3	20	61
Cell4981	1	4	7	34
Cell4982	1	6	61	3
Cell4983	1	7	21	16
Cell4984	1	3	19	44
Cell4985	1	1	17	13
Cell4986	1	8	52	32
Cell4987	1	8	52	64
Cell4988	1	7	21	51
Cell4989	1	6	10	1
Cell4990	1	8	41	38
Cell4991	1	2	56	14
Cell4992	1	5	42	43
Cell4993	1	5	60	16
Cell4994	1	7	36	7
Cell4996	1	1	38	17
Cell4997	1	11	32	33
Cell4998	1	7	7	59
Cell4999	1	4	38	7
Cell5000	1	1	17	45
