ID	did	seurat_cluster	kmeans_cluster	labels
Cell1	1	2	7	1
Cell2	1	1	10	16
Cell3	1	6	12	7
Cell4	1	16	6	9
Cell5	1	5	8	14
Cell6	1	6	12	7
Cell7	1	4	15	5
Cell8	1	7	12	13
Cell9	1	15	14	15
Cell10	1	7	12	13
Cell11	1	4	15	5
Cell12	1	11	11	8
Cell13	1	6	12	7
Cell14	1	11	11	8
Cell15	1	8	16	3
Cell16	1	11	11	15
Cell17	1	2	7	1
Cell18	1	11	11	8
Cell19	1	16	6	9
Cell20	1	9	3	6
Cell21	1	11	11	8
Cell22	1	4	15	5
Cell23	1	14	2	10
Cell24	1	8	16	3
Cell25	1	4	15	5
Cell26	1	16	5	9
Cell27	1	14	2	10
Cell28	1	3	13	12
Cell29	1	9	3	6
Cell30	1	11	1	15
Cell31	1	11	11	8
Cell32	1	4	15	5
Cell33	1	8	16	3
Cell34	1	8	16	3
Cell35	1	11	11	8
Cell36	1	12	4	2
Cell37	1	15	14	15
Cell38	1	8	16	3
Cell39	1	9	3	6
Cell40	1	11	11	8
Cell41	1	5	8	14
Cell42	1	16	6	9
Cell43	1	7	12	13
Cell44	1	1	10	16
Cell45	1	5	8	14
Cell46	1	16	5	9
Cell47	1	10	9	11
Cell48	1	2	7	1
Cell49	1	5	8	14
Cell50	1	14	2	10
Cell51	1	3	13	12
Cell52	1	10	9	11
Cell53	1	1	10	16
Cell54	1	15	14	15
Cell55	1	1	10	16
Cell56	1	4	15	5
Cell57	1	3	13	12
Cell58	1	10	9	11
Cell59	1	8	16	3
Cell60	1	10	9	11
Cell61	1	7	12	13
Cell62	1	11	1	8
Cell63	1	5	8	14
Cell64	1	9	3	6
Cell65	1	8	16	3
Cell66	1	13	13	4
Cell67	1	15	14	15
Cell68	1	11	11	8
Cell69	1	12	4	2
Cell70	1	7	12	13
Cell71	1	16	6	9
Cell72	1	4	15	5
Cell73	1	11	1	15
Cell74	1	10	9	11
Cell75	1	6	12	7
Cell76	1	10	9	11
Cell77	1	1	10	16
Cell78	1	14	2	10
Cell79	1	4	15	5
Cell80	1	4	15	5
Cell81	1	10	9	11
Cell82	1	5	8	14
Cell83	1	3	13	12
Cell84	1	9	3	6
Cell85	1	4	15	5
Cell86	1	1	10	16
Cell88	1	5	8	14
Cell89	1	14	2	10
Cell90	1	11	11	8
Cell92	1	2	7	1
Cell93	1	10	9	11
Cell94	1	1	10	16
Cell95	1	7	12	13
Cell96	1	11	11	8
Cell97	1	1	10	16
Cell98	1	11	11	11
Cell99	1	13	13	4
Cell100	1	1	10	16
Cell101	1	1	10	16
Cell102	1	3	13	12
Cell103	1	8	16	3
Cell104	1	13	13	4
Cell105	1	15	14	15
Cell106	1	9	3	6
Cell108	1	6	12	7
Cell109	1	9	3	6
Cell111	1	6	12	7
Cell112	1	9	3	6
Cell113	1	16	5	9
Cell114	1	14	2	2
Cell115	1	1	10	16
Cell116	1	3	13	12
Cell117	1	6	12	7
Cell118	1	6	12	7
Cell119	1	15	14	15
Cell120	1	2	7	15
Cell121	1	4	15	5
Cell122	1	15	14	15
Cell123	1	9	3	6
Cell124	1	14	2	10
Cell125	1	3	13	12
Cell126	1	2	7	1
Cell127	1	3	13	12
Cell128	1	13	13	4
Cell129	1	10	9	11
Cell131	1	2	7	1
Cell132	1	1	10	16
Cell133	1	6	12	7
Cell134	1	2	7	1
Cell135	1	14	2	10
Cell137	1	1	10	16
Cell138	1	12	4	2
Cell139	1	4	15	5
Cell140	1	6	12	7
Cell141	1	16	6	9
Cell142	1	13	13	4
Cell143	1	12	4	2
Cell144	1	12	4	2
Cell145	1	9	3	6
Cell146	1	4	15	5
Cell147	1	9	3	6
Cell148	1	1	10	16
Cell149	1	2	7	1
Cell150	1	13	13	4
Cell151	1	7	12	13
Cell152	1	1	10	16
Cell153	1	10	9	11
Cell154	1	11	11	8
Cell155	1	12	4	2
Cell156	1	9	3	6
Cell157	1	6	12	7
Cell158	1	16	5	9
Cell159	1	8	16	3
Cell160	1	3	13	12
Cell161	1	3	13	12
Cell162	1	4	15	5
Cell163	1	6	12	7
Cell164	1	15	14	15
Cell165	1	11	11	8
Cell166	1	14	2	10
Cell167	1	4	15	5
Cell168	1	8	16	3
Cell169	1	14	2	10
Cell170	1	16	6	9
Cell172	1	14	2	10
Cell173	1	4	15	5
Cell174	1	12	4	2
Cell175	1	11	11	8
Cell176	1	15	14	15
Cell177	1	9	3	6
Cell178	1	10	9	11
Cell179	1	9	3	6
Cell180	1	6	12	7
Cell181	1	15	14	15
Cell182	1	1	10	16
Cell183	1	15	14	15
Cell184	1	8	16	3
Cell185	1	7	12	13
Cell186	1	7	12	13
Cell187	1	8	16	3
Cell188	1	12	4	2
Cell189	1	1	10	16
Cell190	1	13	13	4
Cell191	1	16	5	9
Cell192	1	5	8	14
Cell193	1	4	15	5
Cell194	1	15	14	15
Cell196	1	2	7	1
Cell197	1	14	2	10
Cell198	1	3	13	12
Cell199	1	10	9	11
Cell200	1	13	13	4
Cell201	1	5	8	14
Cell202	1	6	12	7
Cell203	1	13	13	4
Cell204	1	4	15	5
Cell205	1	5	8	14
Cell206	1	11	11	8
Cell207	1	8	16	3
Cell208	1	4	15	5
Cell209	1	15	14	15
Cell210	1	7	12	13
Cell211	1	5	8	14
Cell212	1	11	1	8
Cell214	1	5	8	14
Cell215	1	9	3	6
Cell216	1	10	9	11
Cell217	1	3	13	12
Cell218	1	15	14	15
Cell219	1	4	15	5
Cell220	1	2	7	1
Cell221	1	11	1	8
Cell222	1	9	3	6
Cell223	1	11	11	8
Cell225	1	12	4	2
Cell226	1	14	2	10
Cell227	1	4	15	5
Cell228	1	3	13	12
Cell229	1	13	13	4
Cell230	1	8	16	3
Cell231	1	12	4	2
Cell232	1	7	12	13
Cell233	1	11	1	8
Cell234	1	8	16	3
Cell235	1	15	14	15
Cell236	1	8	16	3
Cell237	1	11	1	8
Cell238	1	15	14	15
Cell239	1	12	4	2
Cell240	1	15	14	15
Cell241	1	9	3	6
Cell242	1	6	12	7
Cell243	1	10	9	11
Cell244	1	6	12	7
Cell245	1	14	2	10
Cell246	1	12	4	2
Cell247	1	3	13	12
Cell248	1	8	16	3
Cell249	1	9	3	6
Cell250	1	15	14	15
Cell251	1	4	15	5
Cell252	1	15	1	15
Cell253	1	5	8	14
Cell254	1	10	9	11
Cell255	1	13	13	4
Cell256	1	11	1	8
Cell257	1	6	12	7
Cell258	1	6	12	7
Cell259	1	7	12	13
Cell260	1	4	15	5
Cell261	1	11	1	8
Cell262	1	7	12	13
Cell263	1	7	12	13
Cell264	1	1	10	16
Cell265	1	7	12	13
Cell266	1	5	8	14
Cell267	1	11	11	8
Cell268	1	1	10	16
Cell269	1	11	1	8
Cell270	1	16	6	9
Cell271	1	16	6	9
Cell272	1	3	13	12
Cell273	1	4	15	5
Cell274	1	5	8	14
Cell275	1	16	5	9
Cell277	1	1	10	16
Cell278	1	7	12	13
Cell279	1	7	12	13
Cell280	1	15	14	15
Cell281	1	10	9	11
Cell282	1	6	12	7
Cell283	1	14	2	10
Cell284	1	8	16	3
Cell285	1	3	13	12
Cell286	1	2	7	1
Cell287	1	5	8	14
Cell289	1	3	13	12
Cell290	1	2	7	1
Cell292	1	3	13	12
Cell293	1	5	8	14
Cell294	1	5	8	14
Cell295	1	3	13	12
Cell296	1	6	12	7
Cell297	1	13	13	4
Cell298	1	13	13	4
Cell299	1	13	13	4
Cell300	1	11	11	8
Cell301	1	2	7	1
Cell302	1	4	15	5
Cell303	1	9	3	6
Cell304	1	8	16	3
Cell305	1	4	15	5
Cell306	1	7	12	13
Cell307	1	5	8	14
Cell308	1	2	7	1
Cell309	1	3	13	12
Cell310	1	10	9	11
Cell311	1	12	4	2
Cell312	1	1	10	16
Cell313	1	7	12	13
Cell314	1	6	12	7
Cell315	1	7	12	13
Cell316	1	12	4	2
Cell317	1	7	12	13
Cell318	1	3	13	12
Cell319	1	16	6	9
Cell320	1	5	8	14
Cell321	1	4	15	5
Cell322	1	2	7	1
Cell323	1	2	7	1
Cell324	1	7	12	13
Cell325	1	15	14	15
Cell326	1	2	7	1
Cell327	1	1	10	16
Cell328	1	2	7	1
Cell329	1	4	15	5
Cell330	1	14	2	10
Cell331	1	2	7	1
Cell332	1	7	12	13
Cell333	1	1	10	16
Cell334	1	7	12	13
Cell335	1	10	9	11
Cell336	1	5	8	14
Cell337	1	1	10	16
Cell338	1	15	14	15
Cell339	1	11	1	8
Cell340	1	2	7	1
Cell341	1	1	10	16
Cell343	1	7	12	13
Cell344	1	11	1	8
Cell345	1	5	8	14
Cell346	1	3	13	12
Cell347	1	10	9	11
Cell348	1	5	8	14
Cell349	1	5	8	14
Cell350	1	15	14	15
Cell351	1	5	8	14
Cell352	1	12	4	2
Cell353	1	15	14	15
Cell355	1	1	10	16
Cell356	1	5	8	14
Cell357	1	14	2	10
Cell358	1	6	12	7
Cell359	1	13	13	4
Cell360	1	3	13	12
Cell361	1	13	13	4
Cell362	1	6	12	7
Cell364	1	7	12	13
Cell365	1	15	14	15
Cell366	1	1	10	16
Cell367	1	4	15	5
Cell368	1	9	3	6
Cell369	1	3	13	12
Cell370	1	6	12	7
Cell371	1	4	15	5
Cell372	1	8	16	3
Cell373	1	6	12	7
Cell374	1	4	15	5
Cell375	1	9	3	6
Cell376	1	7	12	13
Cell377	1	3	13	12
Cell378	1	9	3	6
Cell379	1	14	2	10
Cell380	1	11	1	8
Cell381	1	1	10	16
Cell383	1	10	9	11
Cell384	1	5	8	14
Cell385	1	8	16	3
Cell387	1	5	8	14
Cell388	1	6	12	7
Cell389	1	14	2	10
Cell390	1	10	9	11
Cell391	1	16	6	9
Cell392	1	13	13	4
Cell393	1	13	13	4
Cell394	1	12	4	2
Cell395	1	16	5	9
Cell396	1	1	10	16
Cell397	1	9	3	6
Cell398	1	15	14	15
Cell399	1	3	13	12
Cell400	1	6	12	7
Cell401	1	1	10	16
Cell402	1	9	3	6
Cell403	1	11	1	8
Cell404	1	9	3	6
Cell406	1	9	3	6
Cell407	1	10	9	11
Cell408	1	1	10	16
Cell411	1	3	13	12
Cell412	1	1	10	16
Cell413	1	4	15	5
Cell414	1	16	5	9
Cell415	1	13	13	4
Cell416	1	6	12	7
Cell417	1	7	12	13
Cell418	1	5	8	14
Cell419	1	1	10	16
Cell420	1	1	10	16
Cell421	1	7	12	13
Cell422	1	16	6	9
Cell423	1	13	13	4
Cell424	1	13	13	4
Cell425	1	1	10	16
Cell426	1	13	13	4
Cell427	1	5	8	14
Cell428	1	16	5	9
Cell429	1	8	16	3
Cell431	1	8	16	3
Cell432	1	8	16	3
Cell433	1	6	12	7
Cell434	1	7	12	13
Cell435	1	14	2	10
Cell436	1	3	13	12
Cell437	1	9	3	6
Cell438	1	1	10	16
Cell439	1	14	2	10
Cell440	1	7	12	13
Cell441	1	2	7	1
Cell442	1	13	13	4
Cell443	1	4	15	5
Cell444	1	4	15	5
Cell445	1	4	15	5
Cell446	1	2	7	1
Cell447	1	5	8	14
Cell448	1	5	8	14
Cell449	1	11	1	8
Cell450	1	15	14	15
Cell451	1	13	13	4
Cell452	1	5	8	14
Cell453	1	2	7	1
Cell454	1	2	7	1
Cell455	1	5	8	14
Cell456	1	2	7	1
Cell457	1	6	12	7
Cell458	1	10	9	11
Cell459	1	8	16	3
Cell460	1	13	13	4
Cell461	1	7	12	13
Cell462	1	11	1	8
Cell463	1	2	7	1
Cell466	1	1	10	16
Cell467	1	4	15	5
Cell468	1	1	10	16
Cell469	1	10	9	11
Cell470	1	1	10	16
Cell471	1	10	9	11
Cell473	1	4	15	5
Cell474	1	4	15	5
Cell475	1	12	4	2
Cell476	1	6	12	7
Cell477	1	3	13	12
Cell478	1	16	6	9
Cell479	1	7	12	13
Cell480	1	3	13	12
Cell481	1	13	13	4
Cell482	1	16	5	9
Cell483	1	14	2	10
Cell484	1	3	13	12
Cell485	1	16	5	9
Cell486	1	1	10	16
Cell487	1	5	8	14
Cell488	1	15	14	15
Cell489	1	16	6	9
Cell490	1	5	8	14
Cell491	1	1	10	16
Cell492	1	11	11	11
Cell493	1	6	12	7
Cell494	1	14	2	10
Cell495	1	10	9	11
Cell496	1	13	13	4
Cell497	1	15	14	15
Cell498	1	13	13	4
Cell499	1	2	7	1
Cell500	1	9	3	6
Cell501	1	9	3	6
Cell502	1	14	2	10
Cell503	1	6	12	7
Cell504	1	16	5	9
Cell505	1	7	12	13
Cell506	1	1	10	16
Cell507	1	1	10	16
Cell508	1	3	13	12
Cell509	1	3	13	12
Cell510	1	15	14	15
Cell511	1	1	10	16
Cell512	1	2	7	1
Cell513	1	4	15	5
Cell514	1	11	11	8
Cell515	1	15	14	15
Cell516	1	1	10	16
Cell518	1	1	10	16
Cell519	1	16	6	9
Cell520	1	14	2	10
Cell521	1	13	13	4
Cell522	1	12	4	2
Cell523	1	14	2	10
Cell524	1	8	16	3
Cell525	1	12	4	2
Cell526	1	14	2	10
Cell527	1	6	12	7
Cell528	1	11	11	8
Cell529	1	12	4	2
Cell530	1	15	14	15
Cell531	1	10	9	11
Cell532	1	7	12	13
Cell533	1	1	10	16
Cell534	1	5	8	14
Cell535	1	4	15	5
Cell536	1	13	13	4
Cell537	1	4	15	5
Cell538	1	10	9	11
Cell539	1	10	9	11
Cell540	1	15	14	15
Cell541	1	16	6	9
Cell542	1	12	4	2
Cell543	1	8	16	3
Cell544	1	13	13	4
Cell545	1	13	13	4
Cell547	1	7	12	13
Cell548	1	12	4	2
Cell549	1	12	4	2
Cell551	1	6	12	7
Cell552	1	6	12	7
Cell553	1	7	12	13
Cell554	1	8	16	3
Cell555	1	8	16	3
Cell556	1	5	8	14
Cell557	1	8	16	3
Cell558	1	7	12	13
Cell559	1	2	7	1
Cell560	1	1	10	16
Cell561	1	10	9	11
Cell564	1	14	2	10
Cell565	1	16	5	9
Cell566	1	3	13	12
Cell567	1	8	16	3
Cell568	1	7	12	13
Cell569	1	10	9	11
Cell570	1	15	14	15
Cell571	1	4	15	5
Cell572	1	6	12	7
Cell573	1	4	15	5
Cell574	1	11	11	8
Cell575	1	13	13	4
Cell576	1	6	12	7
Cell577	1	13	13	4
Cell578	1	10	9	11
Cell579	1	7	12	13
Cell580	1	8	16	3
Cell581	1	3	13	12
Cell582	1	2	7	1
Cell583	1	6	12	7
Cell584	1	9	3	6
Cell585	1	11	11	8
Cell586	1	4	15	5
Cell587	1	7	12	13
Cell589	1	15	14	15
Cell590	1	12	4	2
Cell591	1	3	13	12
Cell592	1	9	3	6
Cell593	1	9	3	6
Cell594	1	11	1	8
Cell595	1	7	12	13
Cell597	1	14	2	10
Cell598	1	6	12	7
Cell599	1	5	8	14
Cell600	1	2	7	1
Cell601	1	14	2	10
Cell602	1	13	13	4
Cell603	1	1	10	16
Cell604	1	1	10	16
Cell605	1	12	4	2
Cell606	1	12	4	2
Cell607	1	2	7	1
Cell608	1	10	9	11
Cell609	1	7	12	13
Cell610	1	1	10	16
Cell611	1	13	13	4
Cell612	1	10	9	11
Cell613	1	13	13	4
Cell614	1	4	15	5
Cell615	1	10	9	11
Cell616	1	13	13	4
Cell617	1	13	13	4
Cell618	1	6	12	7
Cell619	1	1	10	16
Cell620	1	1	10	16
Cell622	1	10	9	11
Cell623	1	14	2	10
Cell624	1	3	13	12
Cell626	1	16	6	9
Cell627	1	14	2	10
Cell628	1	8	16	3
Cell629	1	2	7	1
Cell630	1	3	13	12
Cell631	1	11	1	15
Cell632	1	9	3	6
Cell633	1	6	12	7
Cell634	1	16	6	9
Cell635	1	3	13	12
Cell636	1	16	6	9
Cell639	1	14	2	10
Cell640	1	13	13	4
Cell641	1	4	15	5
Cell642	1	7	12	13
Cell643	1	9	3	6
Cell644	1	14	2	10
Cell645	1	9	3	6
Cell646	1	13	13	4
Cell647	1	10	9	11
Cell648	1	12	4	2
Cell649	1	11	1	8
Cell650	1	5	8	14
Cell651	1	12	4	2
Cell652	1	10	9	11
Cell653	1	11	1	8
Cell654	1	8	16	3
Cell655	1	4	15	5
Cell656	1	5	8	14
Cell657	1	3	13	12
Cell658	1	12	4	2
Cell659	1	6	12	7
Cell660	1	9	3	6
Cell661	1	13	13	4
Cell662	1	16	6	9
Cell663	1	3	13	12
Cell664	1	8	16	3
Cell665	1	2	7	1
Cell666	1	2	7	1
Cell667	1	10	9	11
Cell668	1	8	16	3
Cell669	1	14	2	10
Cell670	1	11	11	8
Cell671	1	14	2	10
Cell673	1	14	2	10
Cell674	1	6	12	7
Cell675	1	7	12	13
Cell676	1	16	6	9
Cell677	1	12	4	2
Cell678	1	8	16	3
Cell679	1	11	11	8
Cell680	1	6	12	7
Cell681	1	7	12	13
Cell682	1	10	9	11
Cell684	1	11	11	8
Cell685	1	6	12	7
Cell686	1	4	15	5
Cell687	1	14	2	10
Cell688	1	5	8	14
Cell689	1	13	13	4
Cell690	1	5	8	14
Cell691	1	10	9	11
Cell692	1	8	16	3
Cell694	1	7	12	13
Cell695	1	3	13	12
Cell696	1	2	7	1
Cell697	1	3	13	12
Cell698	1	16	5	9
Cell699	1	12	4	2
Cell700	1	4	15	5
Cell701	1	8	16	3
Cell702	1	3	13	12
Cell703	1	10	9	11
Cell704	1	10	9	11
Cell705	1	9	3	6
Cell706	1	5	8	14
Cell707	1	5	8	14
Cell708	1	4	15	5
Cell709	1	12	4	2
Cell710	1	4	15	5
Cell711	1	12	4	2
Cell712	1	4	15	5
Cell713	1	5	8	14
Cell714	1	7	12	13
Cell715	1	10	9	11
Cell716	1	12	4	2
Cell717	1	16	5	9
Cell718	1	7	12	13
Cell719	1	13	13	4
Cell720	1	9	3	6
Cell721	1	12	4	2
Cell722	1	14	2	10
Cell723	1	8	16	3
Cell724	1	14	2	10
Cell725	1	5	8	14
Cell726	1	14	2	10
Cell727	1	15	14	15
Cell728	1	7	12	13
Cell729	1	16	6	9
Cell730	1	8	16	3
Cell731	1	11	1	8
Cell732	1	16	5	9
Cell733	1	16	6	9
Cell734	1	15	14	15
Cell735	1	4	15	5
Cell738	1	15	14	15
Cell739	1	8	16	3
Cell740	1	8	16	3
Cell741	1	14	2	10
Cell742	1	6	12	7
Cell743	1	10	9	11
Cell744	1	3	13	12
Cell745	1	7	12	13
Cell746	1	16	5	9
Cell747	1	15	14	15
Cell748	1	6	12	7
Cell749	1	6	12	7
Cell750	1	7	12	13
Cell751	1	13	13	4
Cell752	1	14	2	10
Cell754	1	15	14	15
Cell756	1	4	15	5
Cell757	1	13	13	4
Cell758	1	1	10	16
Cell759	1	3	13	12
Cell760	1	6	12	7
Cell761	1	6	12	7
Cell762	1	10	9	11
Cell763	1	5	8	14
Cell764	1	10	9	11
Cell765	1	14	2	10
Cell766	1	6	12	7
Cell767	1	3	13	12
Cell768	1	1	10	16
Cell769	1	1	10	16
Cell770	1	1	10	16
Cell771	1	2	7	1
Cell772	1	14	2	10
Cell773	1	8	16	3
Cell774	1	11	1	8
Cell775	1	15	14	15
Cell776	1	6	12	7
Cell777	1	16	5	9
Cell778	1	10	9	11
Cell779	1	15	14	15
Cell780	1	10	9	11
Cell781	1	7	12	13
Cell782	1	9	3	6
Cell783	1	5	8	14
Cell784	1	14	2	10
Cell785	1	13	13	4
Cell786	1	5	8	14
Cell787	1	1	10	16
Cell788	1	6	12	7
Cell789	1	1	10	16
Cell790	1	10	9	11
Cell792	1	16	5	9
Cell793	1	13	13	4
Cell794	1	12	4	2
Cell795	1	13	13	4
Cell796	1	8	16	3
Cell797	1	2	7	1
Cell798	1	5	8	14
Cell799	1	10	9	11
Cell800	1	7	12	13
Cell801	1	6	12	7
Cell802	1	4	15	5
Cell803	1	8	16	3
Cell804	1	15	14	15
Cell805	1	10	9	11
Cell806	1	10	9	11
Cell807	1	16	5	9
Cell808	1	4	15	5
Cell809	1	11	11	8
Cell810	1	15	14	15
Cell811	1	9	3	6
Cell812	1	16	5	9
Cell814	1	10	9	11
Cell815	1	16	5	9
Cell816	1	7	12	13
Cell817	1	3	13	12
Cell818	1	6	12	7
Cell819	1	3	13	12
Cell820	1	2	7	1
Cell821	1	4	15	5
Cell822	1	13	13	4
Cell823	1	4	15	5
Cell824	1	10	9	11
Cell826	1	8	16	3
Cell827	1	4	15	5
Cell829	1	3	13	12
Cell830	1	2	7	1
Cell831	1	14	2	10
Cell832	1	3	13	12
Cell833	1	7	12	13
Cell834	1	8	16	3
Cell835	1	8	16	3
Cell836	1	16	6	9
Cell837	1	13	13	4
Cell838	1	4	15	5
Cell839	1	15	14	15
Cell840	1	12	4	2
Cell841	1	8	16	3
Cell842	1	3	13	12
Cell843	1	12	4	2
Cell844	1	5	8	14
Cell845	1	15	14	15
Cell846	1	2	7	1
Cell848	1	8	16	3
Cell850	1	11	11	8
Cell851	1	6	12	7
Cell852	1	1	10	16
Cell853	1	2	7	1
Cell854	1	10	9	11
Cell855	1	2	7	1
Cell856	1	1	10	16
Cell857	1	13	13	4
Cell858	1	6	12	7
Cell859	1	11	1	8
Cell860	1	4	15	5
Cell861	1	9	3	6
Cell862	1	6	12	7
Cell863	1	15	14	15
Cell864	1	1	10	16
Cell865	1	3	13	12
Cell866	1	3	13	12
Cell867	1	2	7	1
Cell868	1	3	13	12
Cell869	1	6	12	7
Cell870	1	1	10	16
Cell871	1	10	9	11
Cell872	1	2	7	1
Cell873	1	11	11	8
Cell874	1	14	2	10
Cell875	1	11	1	8
Cell876	1	7	12	13
Cell877	1	13	13	4
Cell879	1	1	10	16
Cell880	1	6	12	7
Cell881	1	10	9	11
Cell882	1	3	13	12
Cell883	1	5	8	14
Cell884	1	8	16	3
Cell885	1	7	12	13
Cell886	1	9	3	6
Cell887	1	1	10	16
Cell888	1	12	4	2
Cell889	1	8	16	3
Cell890	1	12	4	2
Cell891	1	14	2	10
Cell892	1	9	3	6
Cell893	1	4	15	5
Cell894	1	2	7	1
Cell895	1	15	14	15
Cell896	1	6	12	7
Cell897	1	15	14	15
Cell898	1	1	10	16
Cell899	1	12	4	2
Cell900	1	7	12	13
Cell901	1	7	12	13
Cell902	1	6	12	7
Cell903	1	5	8	14
Cell904	1	4	15	5
Cell905	1	14	2	10
Cell906	1	10	9	11
Cell907	1	8	16	3
Cell908	1	5	8	14
Cell909	1	12	4	2
Cell910	1	14	2	10
Cell911	1	6	12	7
Cell912	1	13	13	4
Cell913	1	5	8	14
Cell914	1	15	14	15
Cell915	1	11	1	8
Cell916	1	7	12	13
Cell917	1	2	7	1
Cell918	1	1	10	16
Cell919	1	12	4	2
Cell920	1	3	13	12
Cell921	1	4	15	5
Cell922	1	12	4	2
Cell923	1	1	10	16
Cell924	1	5	8	14
Cell925	1	8	16	3
Cell926	1	14	2	10
Cell927	1	2	7	1
Cell928	1	15	14	15
Cell929	1	14	2	10
Cell930	1	11	11	8
Cell931	1	15	14	15
Cell932	1	6	12	7
Cell933	1	15	14	15
Cell934	1	12	4	2
Cell935	1	4	15	5
Cell936	1	6	12	7
Cell937	1	9	3	6
Cell938	1	15	14	15
Cell939	1	14	2	10
Cell940	1	2	7	1
Cell942	1	9	3	6
Cell943	1	12	4	2
Cell944	1	8	16	3
Cell945	1	9	3	6
Cell947	1	11	11	8
Cell948	1	8	16	3
Cell949	1	13	13	4
Cell950	1	13	13	4
Cell952	1	13	13	4
Cell953	1	2	7	1
Cell954	1	5	8	14
Cell955	1	11	11	8
Cell956	1	6	12	7
Cell957	1	12	4	2
Cell958	1	16	6	9
Cell959	1	6	12	7
Cell960	1	9	3	6
Cell961	1	10	9	11
Cell962	1	8	16	3
Cell963	1	15	14	15
Cell964	1	16	5	9
Cell965	1	1	10	16
Cell966	1	2	7	1
Cell968	1	1	10	16
Cell969	1	6	12	7
Cell970	1	12	4	2
Cell972	1	9	3	6
Cell973	1	13	13	4
Cell974	1	7	12	13
Cell975	1	15	14	15
Cell976	1	7	12	13
Cell977	1	4	15	5
Cell978	1	9	3	6
Cell979	1	7	12	13
Cell980	1	4	15	5
Cell981	1	6	12	7
Cell982	1	12	4	2
Cell983	1	1	10	16
Cell984	1	16	5	9
Cell985	1	14	2	10
Cell986	1	5	8	14
Cell987	1	5	8	14
Cell988	1	7	12	13
Cell989	1	7	12	13
Cell990	1	1	10	16
Cell991	1	14	2	10
Cell992	1	11	11	8
Cell993	1	11	1	8
Cell994	1	5	8	14
Cell995	1	8	16	3
Cell996	1	5	8	14
Cell997	1	13	13	4
Cell998	1	14	2	10
Cell999	1	16	6	9
Cell1000	1	4	15	5
Cell1001	1	8	16	3
Cell1002	1	1	10	16
Cell1003	1	15	14	15
Cell1004	1	6	12	7
Cell1005	1	16	5	9
Cell1006	1	1	10	16
Cell1007	1	11	11	8
Cell1008	1	8	16	3
Cell1009	1	13	13	4
Cell1010	1	5	8	14
Cell1012	1	13	13	4
Cell1013	1	7	12	13
Cell1014	1	4	15	5
Cell1015	1	11	11	8
Cell1016	1	9	3	6
Cell1017	1	11	11	8
Cell1018	1	14	2	10
Cell1019	1	14	2	10
Cell1020	1	2	7	1
Cell1021	1	1	10	16
Cell1022	1	7	12	13
Cell1023	1	12	4	2
Cell1024	1	10	9	11
Cell1025	1	15	14	15
Cell1026	1	15	14	15
Cell1028	1	16	6	9
Cell1029	1	11	11	8
Cell1030	1	8	16	3
Cell1031	1	2	7	1
Cell1032	1	5	8	14
Cell1033	1	14	2	10
Cell1034	1	5	8	14
Cell1035	1	16	6	9
Cell1037	1	1	10	16
Cell1038	1	1	10	16
Cell1039	1	7	12	13
Cell1040	1	11	1	8
Cell1041	1	16	6	9
Cell1043	1	13	13	4
Cell1044	1	6	12	7
Cell1045	1	12	4	2
Cell1046	1	6	12	7
Cell1047	1	8	16	3
Cell1048	1	16	5	9
Cell1049	1	3	13	12
Cell1050	1	2	7	1
Cell1051	1	11	11	8
Cell1052	1	3	13	12
Cell1053	1	5	8	14
Cell1054	1	13	13	4
Cell1055	1	11	11	8
Cell1056	1	5	8	14
Cell1057	1	15	14	15
Cell1058	1	2	7	1
Cell1059	1	5	8	14
Cell1060	1	5	8	14
Cell1061	1	4	15	5
Cell1062	1	3	13	12
Cell1063	1	4	15	5
Cell1064	1	2	7	1
Cell1065	1	14	2	10
Cell1066	1	11	11	8
Cell1067	1	11	11	8
Cell1068	1	10	9	11
Cell1069	1	4	15	5
Cell1070	1	13	13	4
Cell1071	1	7	12	13
Cell1072	1	5	8	14
Cell1073	1	11	1	8
Cell1074	1	16	5	9
Cell1075	1	15	14	15
Cell1076	1	1	10	15
Cell1077	1	5	8	14
Cell1078	1	15	14	15
Cell1080	1	13	13	4
Cell1082	1	15	14	15
Cell1083	1	8	16	3
Cell1084	1	6	12	7
Cell1085	1	9	3	6
Cell1086	1	13	13	4
Cell1087	1	9	3	6
Cell1088	1	13	13	4
Cell1089	1	9	3	6
Cell1090	1	15	14	8
Cell1091	1	16	5	9
Cell1092	1	13	13	4
Cell1093	1	1	10	16
Cell1095	1	13	13	4
Cell1096	1	11	11	8
Cell1097	1	1	10	16
Cell1098	1	13	13	4
Cell1099	1	16	5	9
Cell1100	1	8	16	3
Cell1101	1	3	13	12
Cell1102	1	12	4	2
Cell1103	1	11	1	8
Cell1104	1	3	13	12
Cell1105	1	4	15	5
Cell1106	1	7	12	13
Cell1107	1	4	15	5
Cell1108	1	6	12	7
Cell1109	1	10	9	11
Cell1110	1	16	5	9
Cell1111	1	1	10	16
Cell1112	1	6	12	7
Cell1113	1	12	4	2
Cell1114	1	4	15	5
Cell1115	1	6	12	7
Cell1116	1	7	12	13
Cell1118	1	3	13	12
Cell1119	1	16	6	9
Cell1120	1	7	12	13
Cell1121	1	9	3	6
Cell1122	1	8	16	3
Cell1123	1	12	4	2
Cell1124	1	13	13	4
Cell1126	1	12	4	2
Cell1127	1	8	16	3
Cell1128	1	4	15	5
Cell1129	1	5	8	14
Cell1130	1	3	13	12
Cell1131	1	4	15	5
Cell1132	1	4	15	5
Cell1133	1	13	13	4
Cell1135	1	16	6	9
Cell1136	1	13	13	4
Cell1137	1	12	4	2
Cell1138	1	16	6	9
Cell1139	1	12	4	2
Cell1140	1	8	16	3
Cell1141	1	14	2	10
Cell1142	1	14	2	10
Cell1143	1	14	2	10
Cell1144	1	13	13	4
Cell1145	1	14	2	10
Cell1146	1	5	8	14
Cell1147	1	16	5	9
Cell1148	1	2	7	1
Cell1149	1	1	10	16
Cell1150	1	7	12	13
Cell1151	1	9	3	6
Cell1152	1	10	9	11
Cell1153	1	15	14	15
Cell1154	1	15	14	15
Cell1155	1	2	7	1
Cell1156	1	10	9	11
Cell1157	1	13	13	4
Cell1158	1	5	8	14
Cell1159	1	1	10	16
Cell1161	1	10	9	11
Cell1162	1	15	14	15
Cell1164	1	10	9	11
Cell1165	1	3	13	12
Cell1166	1	7	12	13
Cell1167	1	15	14	15
Cell1168	1	4	15	5
Cell1169	1	11	1	8
Cell1170	1	7	12	13
Cell1171	1	14	2	10
Cell1172	1	8	16	3
Cell1173	1	2	7	1
Cell1174	1	2	7	1
Cell1175	1	5	8	14
Cell1176	1	12	4	2
Cell1177	1	10	9	11
Cell1178	1	8	16	3
Cell1179	1	10	9	11
Cell1180	1	9	3	6
Cell1181	1	6	12	7
Cell1182	1	4	15	5
Cell1183	1	13	13	4
Cell1184	1	3	13	12
Cell1185	1	7	12	13
Cell1186	1	14	2	10
Cell1187	1	9	3	6
Cell1188	1	10	9	11
Cell1189	1	2	7	1
Cell1190	1	11	11	8
Cell1191	1	11	1	8
Cell1192	1	12	4	2
Cell1193	1	4	15	5
Cell1194	1	2	7	1
Cell1195	1	14	2	10
Cell1196	1	13	13	4
Cell1197	1	10	9	11
Cell1198	1	14	2	10
Cell1199	1	7	12	13
Cell1200	1	8	16	3
Cell1201	1	15	14	15
Cell1202	1	11	1	8
Cell1203	1	7	12	13
Cell1204	1	12	4	2
Cell1205	1	11	1	15
Cell1206	1	2	7	1
Cell1207	1	2	7	1
Cell1208	1	4	15	5
Cell1209	1	13	13	4
Cell1210	1	6	12	7
Cell1211	1	8	16	3
Cell1212	1	6	12	7
Cell1213	1	1	10	16
Cell1214	1	12	4	2
Cell1215	1	6	12	7
Cell1216	1	6	12	7
Cell1217	1	8	16	3
Cell1218	1	6	12	7
Cell1219	1	10	9	11
Cell1220	1	10	9	11
Cell1221	1	10	9	11
Cell1222	1	2	7	1
Cell1223	1	10	9	11
Cell1224	1	8	16	3
Cell1225	1	3	13	12
Cell1226	1	10	9	11
Cell1227	1	14	2	10
Cell1228	1	3	13	12
Cell1229	1	16	6	9
Cell1230	1	3	13	12
Cell1231	1	15	14	15
Cell1232	1	11	11	8
Cell1235	1	2	7	1
Cell1236	1	3	13	12
Cell1237	1	8	16	3
Cell1238	1	13	13	4
Cell1239	1	5	8	14
Cell1240	1	14	2	10
Cell1241	1	5	8	14
Cell1242	1	1	10	16
Cell1243	1	14	2	10
Cell1244	1	16	6	9
Cell1245	1	5	8	14
Cell1246	1	4	15	5
Cell1247	1	5	8	14
Cell1248	1	16	6	9
Cell1249	1	1	10	16
Cell1250	1	4	15	5
Cell1251	1	10	9	11
Cell1252	1	8	16	3
Cell1253	1	11	11	8
Cell1254	1	14	2	10
Cell1255	1	3	13	12
Cell1256	1	7	12	13
Cell1257	1	5	8	14
Cell1258	1	12	4	2
Cell1259	1	11	11	8
Cell1260	1	10	9	11
Cell1261	1	1	10	16
Cell1262	1	8	16	3
Cell1263	1	1	10	16
Cell1264	1	8	16	3
Cell1265	1	12	4	2
Cell1266	1	13	13	4
Cell1267	1	15	14	15
Cell1268	1	15	14	15
Cell1269	1	14	2	10
Cell1270	1	5	8	14
Cell1271	1	8	16	3
Cell1272	1	16	6	9
Cell1273	1	9	3	6
Cell1274	1	7	12	13
Cell1275	1	8	16	3
Cell1276	1	13	13	4
Cell1277	1	12	4	2
Cell1278	1	1	10	16
Cell1279	1	15	14	2
Cell1280	1	12	4	2
Cell1281	1	4	15	5
Cell1282	1	8	16	3
Cell1283	1	16	6	9
Cell1284	1	1	10	16
Cell1285	1	1	10	16
Cell1287	1	1	10	16
Cell1288	1	7	12	13
Cell1289	1	12	4	2
Cell1290	1	5	8	14
Cell1291	1	6	12	7
Cell1292	1	8	16	3
Cell1293	1	2	7	1
Cell1294	1	14	2	10
Cell1295	1	5	8	14
Cell1297	1	1	10	16
Cell1298	1	6	12	7
Cell1299	1	9	3	6
Cell1300	1	7	12	13
Cell1301	1	13	13	4
Cell1302	1	10	9	11
Cell1303	1	9	3	6
Cell1304	1	11	1	8
Cell1305	1	9	3	6
Cell1306	1	6	12	7
Cell1307	1	10	9	11
Cell1308	1	16	6	9
Cell1310	1	1	10	16
Cell1311	1	2	7	1
Cell1312	1	3	13	12
Cell1313	1	4	15	5
Cell1314	1	3	13	12
Cell1315	1	11	11	8
Cell1316	1	1	10	16
Cell1317	1	4	15	5
Cell1318	1	14	2	10
Cell1319	1	5	8	14
Cell1320	1	3	13	12
Cell1321	1	13	13	4
Cell1322	1	8	16	3
Cell1323	1	3	13	12
Cell1324	1	7	12	13
Cell1325	1	13	13	4
Cell1326	1	10	9	11
Cell1327	1	3	13	12
Cell1328	1	6	12	7
Cell1329	1	8	16	3
Cell1330	1	13	13	4
Cell1331	1	3	13	12
Cell1332	1	5	8	14
Cell1333	1	13	13	4
Cell1335	1	15	14	8
Cell1338	1	15	14	15
Cell1339	1	9	3	6
Cell1340	1	6	12	7
Cell1341	1	13	13	4
Cell1342	1	14	2	10
Cell1343	1	16	5	9
Cell1344	1	11	11	8
Cell1345	1	7	12	13
Cell1346	1	1	10	16
Cell1347	1	2	7	1
Cell1348	1	16	6	9
Cell1349	1	9	3	6
Cell1350	1	2	7	1
Cell1351	1	6	12	7
Cell1352	1	13	13	4
Cell1353	1	7	12	13
Cell1354	1	11	1	8
Cell1355	1	1	10	16
Cell1356	1	11	1	8
Cell1357	1	6	12	7
Cell1358	1	14	2	10
Cell1359	1	5	8	14
Cell1360	1	1	10	16
Cell1361	1	4	15	5
Cell1362	1	16	6	9
Cell1363	1	13	13	4
Cell1364	1	9	3	6
Cell1365	1	13	13	4
Cell1366	1	3	13	12
Cell1367	1	14	2	10
Cell1368	1	8	16	3
Cell1369	1	11	11	8
Cell1370	1	4	15	5
Cell1371	1	15	14	15
Cell1372	1	13	13	4
Cell1373	1	11	11	8
Cell1374	1	10	9	11
Cell1375	1	11	11	8
Cell1376	1	12	4	2
Cell1377	1	16	5	9
Cell1378	1	16	5	9
Cell1379	1	2	7	1
Cell1380	1	2	7	1
Cell1381	1	16	6	9
Cell1383	1	8	16	3
Cell1384	1	2	7	1
Cell1385	1	5	8	14
Cell1386	1	11	11	8
Cell1387	1	13	13	4
Cell1388	1	2	7	1
Cell1389	1	8	16	3
Cell1390	1	11	11	8
Cell1391	1	10	9	11
Cell1392	1	15	14	15
Cell1393	1	7	12	13
Cell1394	1	14	2	10
Cell1395	1	1	10	16
Cell1396	1	1	10	16
Cell1397	1	8	16	3
Cell1398	1	12	4	2
Cell1399	1	3	13	12
Cell1400	1	5	8	14
Cell1401	1	1	10	16
Cell1402	1	11	1	8
Cell1403	1	12	4	2
Cell1404	1	11	1	8
Cell1405	1	11	1	15
Cell1406	1	11	1	8
Cell1407	1	7	12	13
Cell1408	1	5	8	14
Cell1409	1	9	3	6
Cell1412	1	10	9	11
Cell1413	1	12	4	2
Cell1414	1	16	6	9
Cell1415	1	16	6	9
Cell1416	1	10	9	15
Cell1417	1	5	8	14
Cell1418	1	9	3	6
Cell1419	1	5	8	14
Cell1421	1	9	3	6
Cell1422	1	6	12	7
Cell1423	1	15	14	15
Cell1424	1	12	4	2
Cell1425	1	13	13	4
Cell1426	1	16	6	9
Cell1427	1	8	16	3
Cell1428	1	16	5	9
Cell1429	1	2	7	1
Cell1430	1	14	2	2
Cell1431	1	7	12	13
Cell1432	1	8	16	3
Cell1433	1	1	10	16
Cell1434	1	6	12	7
Cell1436	1	5	8	14
Cell1437	1	12	4	2
Cell1438	1	6	12	7
Cell1439	1	7	12	13
Cell1440	1	5	8	14
Cell1441	1	16	5	9
Cell1442	1	2	7	1
Cell1443	1	8	16	3
Cell1444	1	15	14	15
Cell1445	1	16	5	9
Cell1446	1	2	7	1
Cell1447	1	4	15	5
Cell1448	1	2	7	1
Cell1449	1	15	10	16
Cell1450	1	10	9	11
Cell1451	1	3	13	12
Cell1452	1	9	3	6
Cell1453	1	7	12	13
Cell1455	1	2	7	1
Cell1456	1	14	2	10
Cell1458	1	3	13	12
Cell1459	1	12	4	2
Cell1460	1	11	11	8
Cell1461	1	14	2	10
Cell1462	1	10	9	11
Cell1464	1	7	12	13
Cell1465	1	11	1	15
Cell1466	1	3	13	12
Cell1468	1	7	12	13
Cell1469	1	14	2	10
Cell1470	1	3	13	12
Cell1471	1	10	9	11
Cell1472	1	15	14	15
Cell1473	1	2	7	1
Cell1474	1	13	13	4
Cell1475	1	12	4	2
Cell1476	1	7	12	13
Cell1477	1	14	2	10
Cell1478	1	2	7	1
Cell1479	1	14	2	10
Cell1480	1	9	3	6
Cell1481	1	12	4	2
Cell1482	1	1	10	16
Cell1483	1	8	16	3
Cell1484	1	8	16	3
Cell1485	1	3	13	12
Cell1486	1	14	2	10
Cell1487	1	5	8	14
Cell1488	1	7	12	13
Cell1489	1	9	3	6
Cell1490	1	5	8	14
Cell1491	1	8	16	3
Cell1492	1	15	14	15
Cell1493	1	8	16	3
Cell1494	1	6	12	7
Cell1495	1	2	7	1
Cell1496	1	14	2	10
Cell1497	1	2	7	1
Cell1498	1	9	3	6
Cell1499	1	10	9	11
Cell1500	1	11	11	8
Cell1501	1	15	14	15
Cell1502	1	11	11	8
Cell1503	1	13	13	4
Cell1504	1	11	11	8
Cell1505	1	12	4	2
Cell1506	1	3	13	12
Cell1507	1	16	5	9
Cell1508	1	2	7	1
Cell1509	1	4	15	5
Cell1510	1	13	13	4
Cell1511	1	4	15	5
Cell1512	1	11	11	8
Cell1513	1	1	10	16
Cell1514	1	8	16	3
Cell1515	1	2	7	1
Cell1516	1	1	10	16
Cell1517	1	12	4	2
Cell1518	1	7	12	13
Cell1519	1	9	3	6
Cell1520	1	5	8	14
Cell1521	1	4	15	5
Cell1522	1	9	3	6
Cell1523	1	2	7	1
Cell1524	1	10	9	11
Cell1525	1	10	9	11
Cell1526	1	9	3	6
Cell1527	1	13	13	4
Cell1528	1	7	12	13
Cell1529	1	9	3	6
Cell1530	1	10	9	11
Cell1531	1	14	2	10
Cell1532	1	5	8	14
Cell1533	1	3	13	12
Cell1534	1	14	2	10
Cell1535	1	5	8	14
Cell1536	1	7	12	13
Cell1537	1	6	12	7
Cell1538	1	7	12	13
Cell1539	1	13	13	4
Cell1540	1	1	10	16
Cell1541	1	12	4	15
Cell1542	1	3	13	12
Cell1543	1	8	16	3
Cell1544	1	4	15	5
Cell1545	1	7	12	13
Cell1546	1	12	4	2
Cell1547	1	14	2	10
Cell1548	1	13	13	4
Cell1549	1	9	3	6
Cell1550	1	16	5	9
Cell1551	1	6	12	7
Cell1553	1	11	1	8
Cell1554	1	14	2	10
Cell1555	1	4	15	5
Cell1556	1	12	4	2
Cell1557	1	14	2	10
Cell1558	1	4	15	5
Cell1559	1	8	16	3
Cell1560	1	11	1	8
Cell1561	1	6	12	7
Cell1562	1	13	13	4
Cell1563	1	4	15	5
Cell1564	1	6	12	7
Cell1565	1	2	7	1
Cell1566	1	14	2	10
Cell1567	1	4	15	5
Cell1568	1	2	7	1
Cell1569	1	4	15	5
Cell1570	1	1	10	16
Cell1571	1	10	9	11
Cell1572	1	3	13	12
Cell1573	1	2	7	1
Cell1574	1	10	9	11
Cell1575	1	14	2	10
Cell1576	1	5	8	14
Cell1577	1	7	12	13
Cell1578	1	11	11	8
Cell1579	1	1	10	16
Cell1580	1	8	16	3
Cell1581	1	14	2	10
Cell1582	1	11	1	8
Cell1583	1	8	16	3
Cell1584	1	7	12	13
Cell1585	1	4	15	5
Cell1586	1	9	3	6
Cell1587	1	2	7	1
Cell1588	1	13	13	4
Cell1589	1	6	12	7
Cell1590	1	14	2	10
Cell1591	1	1	10	16
Cell1592	1	14	2	10
Cell1593	1	10	9	11
Cell1594	1	1	10	16
Cell1595	1	16	5	9
Cell1597	1	12	4	2
Cell1598	1	11	11	8
Cell1599	1	4	15	5
Cell1600	1	15	14	15
Cell1601	1	3	13	12
Cell1602	1	11	11	8
Cell1603	1	7	12	13
Cell1604	1	9	3	6
Cell1605	1	7	12	13
Cell1606	1	1	10	16
Cell1607	1	13	13	4
Cell1608	1	5	8	14
Cell1609	1	2	7	1
Cell1610	1	1	10	16
Cell1611	1	14	2	10
Cell1612	1	7	12	13
Cell1613	1	10	9	11
Cell1614	1	2	7	1
Cell1615	1	1	10	16
Cell1616	1	13	13	4
Cell1619	1	6	12	7
Cell1620	1	4	15	5
Cell1621	1	5	8	14
Cell1622	1	11	11	8
Cell1623	1	8	16	3
Cell1624	1	15	14	15
Cell1625	1	10	9	11
Cell1626	1	11	11	8
Cell1627	1	5	8	14
Cell1628	1	8	16	3
Cell1629	1	15	14	15
Cell1630	1	14	2	10
Cell1631	1	10	9	11
Cell1632	1	2	7	1
Cell1633	1	12	4	2
Cell1634	1	5	8	14
Cell1635	1	11	1	8
Cell1636	1	2	7	1
Cell1637	1	6	12	7
Cell1638	1	10	9	11
Cell1639	1	15	14	15
Cell1640	1	3	13	12
Cell1641	1	6	12	7
Cell1642	1	15	14	15
Cell1643	1	3	13	12
Cell1644	1	10	9	11
Cell1645	1	9	3	6
Cell1646	1	13	13	4
Cell1647	1	3	13	12
Cell1648	1	11	11	8
Cell1650	1	5	8	14
Cell1651	1	6	12	7
Cell1652	1	2	7	1
Cell1653	1	4	15	5
Cell1654	1	12	4	2
Cell1656	1	3	13	12
Cell1657	1	5	8	14
Cell1658	1	7	12	13
Cell1660	1	2	7	1
Cell1661	1	7	12	13
Cell1662	1	16	5	9
Cell1663	1	8	16	3
Cell1664	1	6	12	7
Cell1665	1	7	12	13
Cell1666	1	11	1	8
Cell1667	1	2	7	1
Cell1668	1	9	3	6
Cell1669	1	5	8	14
Cell1670	1	13	13	4
Cell1671	1	9	3	6
Cell1672	1	8	16	3
Cell1673	1	11	1	8
Cell1674	1	7	12	13
Cell1675	1	5	8	14
Cell1676	1	3	13	12
Cell1677	1	3	13	12
Cell1678	1	8	16	3
Cell1679	1	10	9	11
Cell1680	1	1	10	16
Cell1681	1	2	7	1
Cell1683	1	2	7	1
Cell1684	1	8	16	3
Cell1685	1	13	13	4
Cell1686	1	2	7	1
Cell1687	1	11	11	8
Cell1688	1	12	4	2
Cell1689	1	3	13	12
Cell1690	1	7	12	13
Cell1691	1	14	2	10
Cell1692	1	2	7	1
Cell1693	1	7	12	13
Cell1694	1	4	15	5
Cell1695	1	9	3	6
Cell1696	1	9	3	6
Cell1697	1	8	16	3
Cell1698	1	12	4	2
Cell1699	1	11	11	8
Cell1700	1	10	9	11
Cell1701	1	12	4	2
Cell1702	1	3	13	12
Cell1703	1	9	3	6
Cell1704	1	12	4	2
Cell1705	1	13	13	4
Cell1706	1	3	13	12
Cell1707	1	3	13	12
Cell1708	1	9	3	6
Cell1709	1	13	13	4
Cell1710	1	15	14	15
Cell1711	1	5	8	14
Cell1712	1	8	16	3
Cell1713	1	10	9	11
Cell1715	1	11	11	8
Cell1716	1	3	13	12
Cell1717	1	1	10	15
Cell1718	1	13	13	4
Cell1719	1	9	3	6
Cell1720	1	8	16	3
Cell1721	1	13	13	4
Cell1722	1	16	5	9
Cell1723	1	12	4	2
Cell1724	1	15	14	15
Cell1725	1	14	2	10
Cell1726	1	7	12	13
Cell1727	1	15	14	15
Cell1728	1	9	3	6
Cell1729	1	2	7	1
Cell1730	1	2	7	1
Cell1731	1	11	11	8
Cell1732	1	10	9	11
Cell1733	1	8	16	3
Cell1734	1	15	14	15
Cell1735	1	7	12	13
Cell1736	1	4	15	5
Cell1737	1	16	6	9
Cell1738	1	6	12	7
Cell1739	1	4	15	5
Cell1740	1	15	14	8
Cell1741	1	10	9	11
Cell1742	1	6	12	7
Cell1743	1	1	10	16
Cell1744	1	9	3	6
Cell1745	1	7	12	13
Cell1747	1	7	12	13
Cell1748	1	13	13	4
Cell1749	1	1	10	16
Cell1750	1	15	14	15
Cell1751	1	6	12	7
Cell1752	1	10	9	11
Cell1753	1	6	12	7
Cell1754	1	15	14	15
Cell1755	1	8	16	3
Cell1756	1	9	3	6
Cell1757	1	4	15	5
Cell1758	1	15	14	15
Cell1759	1	4	15	5
Cell1760	1	5	8	14
Cell1761	1	4	15	5
Cell1762	1	12	4	2
Cell1763	1	12	4	2
Cell1764	1	14	2	10
Cell1765	1	10	9	11
Cell1766	1	6	12	7
Cell1767	1	5	8	14
Cell1768	1	6	12	7
Cell1769	1	1	10	16
Cell1770	1	11	1	8
Cell1771	1	6	12	7
Cell1772	1	3	13	12
Cell1773	1	2	7	1
Cell1774	1	16	6	9
Cell1775	1	16	6	9
Cell1776	1	9	3	6
Cell1777	1	14	2	10
Cell1778	1	10	9	11
Cell1779	1	4	15	5
Cell1780	1	15	14	15
Cell1781	1	7	12	13
Cell1782	1	1	10	16
Cell1783	1	6	12	7
Cell1784	1	5	8	14
Cell1785	1	10	9	11
Cell1786	1	13	13	4
Cell1787	1	8	16	3
Cell1788	1	3	13	12
Cell1789	1	7	12	13
Cell1790	1	15	14	15
Cell1791	1	3	13	12
Cell1792	1	8	16	3
Cell1793	1	15	14	15
Cell1794	1	2	7	1
Cell1795	1	10	9	11
Cell1796	1	9	3	6
Cell1797	1	12	4	2
Cell1798	1	8	16	3
Cell1799	1	9	3	6
Cell1800	1	1	10	16
Cell1801	1	12	4	2
Cell1802	1	10	9	11
Cell1803	1	6	12	7
Cell1804	1	15	14	15
Cell1805	1	7	12	13
Cell1806	1	9	3	6
Cell1807	1	5	8	14
Cell1808	1	2	7	1
Cell1809	1	9	3	6
Cell1810	1	16	6	9
Cell1811	1	10	9	11
Cell1812	1	9	3	6
Cell1813	1	15	14	16
Cell1814	1	8	16	3
Cell1815	1	15	14	15
Cell1816	1	6	12	7
Cell1817	1	6	12	7
Cell1818	1	15	14	15
Cell1819	1	6	12	7
Cell1820	1	9	3	6
Cell1821	1	2	7	1
Cell1822	1	16	6	9
Cell1823	1	11	1	8
Cell1824	1	12	4	2
Cell1825	1	7	12	13
Cell1826	1	13	13	4
Cell1827	1	2	7	1
Cell1828	1	16	5	9
Cell1829	1	8	16	3
Cell1830	1	6	12	7
Cell1831	1	4	15	5
Cell1832	1	12	4	2
Cell1833	1	3	13	12
Cell1834	1	3	13	12
Cell1835	1	13	13	4
Cell1836	1	5	8	14
Cell1837	1	5	8	14
Cell1838	1	3	13	12
Cell1839	1	7	12	13
Cell1840	1	5	8	14
Cell1841	1	16	6	9
Cell1842	1	12	4	2
Cell1843	1	6	12	7
Cell1845	1	13	13	4
Cell1846	1	9	3	6
Cell1847	1	8	16	3
Cell1848	1	6	12	7
Cell1849	1	7	12	13
Cell1850	1	15	14	15
Cell1851	1	4	15	5
Cell1853	1	16	5	9
Cell1854	1	12	4	2
Cell1855	1	7	12	13
Cell1856	1	13	13	4
Cell1857	1	4	15	5
Cell1858	1	4	15	5
Cell1859	1	16	6	9
Cell1860	1	13	13	4
Cell1861	1	13	13	4
Cell1862	1	10	9	11
Cell1863	1	10	9	11
Cell1864	1	12	4	2
Cell1865	1	1	10	16
Cell1866	1	15	14	15
Cell1867	1	5	8	14
Cell1868	1	2	7	1
Cell1869	1	14	2	10
Cell1870	1	9	3	6
Cell1871	1	16	6	9
Cell1872	1	7	12	13
Cell1873	1	4	15	5
Cell1874	1	9	3	6
Cell1875	1	3	13	12
Cell1877	1	7	12	13
Cell1878	1	15	14	15
Cell1879	1	4	15	5
Cell1880	1	5	8	14
Cell1881	1	1	10	16
Cell1882	1	4	15	5
Cell1883	1	15	14	15
Cell1884	1	13	13	4
Cell1885	1	15	14	15
Cell1886	1	5	8	14
Cell1887	1	13	13	4
Cell1888	1	12	4	2
Cell1889	1	5	8	14
Cell1890	1	10	9	11
Cell1891	1	4	15	5
Cell1892	1	6	12	7
Cell1893	1	4	15	5
Cell1894	1	3	13	12
Cell1895	1	3	13	12
Cell1896	1	1	10	16
Cell1897	1	3	13	12
Cell1898	1	11	1	8
Cell1899	1	15	14	15
Cell1900	1	8	16	3
Cell1901	1	15	14	15
Cell1902	1	13	13	4
Cell1903	1	13	13	4
Cell1904	1	3	13	12
Cell1906	1	11	11	8
Cell1907	1	13	13	4
Cell1908	1	9	3	6
Cell1909	1	3	13	12
Cell1910	1	5	8	14
Cell1911	1	16	6	9
Cell1912	1	13	13	4
Cell1913	1	8	16	3
Cell1914	1	5	8	14
Cell1915	1	5	8	14
Cell1916	1	3	13	12
Cell1917	1	10	9	11
Cell1918	1	4	15	5
Cell1919	1	2	7	1
Cell1920	1	4	15	5
Cell1921	1	2	7	1
Cell1922	1	8	16	3
Cell1923	1	12	4	2
Cell1924	1	5	8	14
Cell1925	1	3	13	12
Cell1926	1	4	15	5
Cell1927	1	5	8	14
Cell1928	1	2	7	1
Cell1929	1	4	15	5
Cell1930	1	12	4	2
Cell1931	1	4	15	5
Cell1932	1	13	13	4
Cell1933	1	6	12	7
Cell1934	1	5	8	14
Cell1935	1	8	16	3
Cell1936	1	8	16	3
Cell1937	1	5	8	14
Cell1938	1	2	7	1
Cell1939	1	13	13	4
Cell1940	1	9	3	6
Cell1941	1	12	4	2
Cell1942	1	1	10	16
Cell1943	1	13	13	4
Cell1944	1	8	16	3
Cell1945	1	3	13	12
Cell1946	1	11	1	8
Cell1947	1	8	16	3
Cell1948	1	5	8	14
Cell1949	1	3	13	12
Cell1950	1	16	5	9
Cell1951	1	11	1	8
Cell1952	1	3	13	12
Cell1953	1	16	6	9
Cell1954	1	6	12	7
Cell1955	1	7	12	13
Cell1956	1	5	8	14
Cell1957	1	2	7	1
Cell1958	1	16	6	9
Cell1959	1	9	3	6
Cell1960	1	16	5	9
Cell1961	1	8	16	3
Cell1962	1	2	7	1
Cell1963	1	8	16	3
Cell1965	1	2	7	1
Cell1966	1	14	2	10
Cell1967	1	9	3	6
Cell1968	1	7	12	13
Cell1969	1	2	7	1
Cell1970	1	1	10	16
Cell1971	1	3	13	12
Cell1972	1	13	13	4
Cell1973	1	8	16	3
Cell1974	1	13	13	4
Cell1975	1	11	1	8
Cell1976	1	13	13	4
Cell1977	1	4	15	5
Cell1978	1	7	12	13
Cell1979	1	10	9	11
Cell1980	1	6	12	7
Cell1981	1	1	10	16
Cell1982	1	6	12	7
Cell1983	1	10	9	11
Cell1984	1	2	7	1
Cell1985	1	3	13	12
Cell1986	1	3	13	12
Cell1987	1	5	8	14
Cell1988	1	12	4	2
Cell1989	1	5	8	14
Cell1990	1	6	12	7
Cell1991	1	12	4	2
Cell1992	1	9	3	6
Cell1993	1	12	4	2
Cell1994	1	13	13	4
Cell1995	1	10	9	11
Cell1996	1	11	11	15
Cell1997	1	9	3	6
Cell1998	1	15	14	15
Cell1999	1	14	2	10
Cell2000	1	6	12	7
Cell2001	1	12	4	2
Cell2002	1	16	5	9
Cell2003	1	7	12	13
Cell2004	1	13	13	4
Cell2005	1	1	10	16
Cell2006	1	8	16	3
Cell2007	1	1	10	16
Cell2008	1	15	14	15
Cell2009	1	13	13	4
Cell2010	1	11	11	8
Cell2011	1	6	12	7
Cell2012	1	9	3	6
Cell2013	1	13	13	4
Cell2014	1	2	7	1
Cell2015	1	2	7	1
Cell2016	1	11	11	8
Cell2017	1	13	13	4
Cell2018	1	3	13	12
Cell2019	1	7	12	13
Cell2020	1	6	12	7
Cell2021	1	12	4	2
Cell2022	1	14	2	10
Cell2023	1	7	12	13
Cell2024	1	13	13	4
Cell2025	1	15	14	15
Cell2026	1	7	12	13
Cell2027	1	5	8	14
Cell2028	1	1	10	16
Cell2029	1	8	16	3
Cell2030	1	12	4	2
Cell2031	1	3	13	12
Cell2032	1	3	13	12
Cell2033	1	13	13	4
Cell2034	1	6	12	7
Cell2035	1	6	12	7
Cell2037	1	14	2	10
Cell2038	1	2	7	1
Cell2039	1	12	4	2
Cell2040	1	11	11	8
Cell2041	1	11	11	8
Cell2042	1	3	13	12
Cell2043	1	15	14	15
Cell2044	1	5	8	14
Cell2045	1	16	5	9
Cell2047	1	16	5	9
Cell2048	1	1	10	16
Cell2049	1	1	10	16
Cell2050	1	9	3	6
Cell2051	1	5	8	14
Cell2052	1	6	12	7
Cell2053	1	3	13	12
Cell2054	1	13	13	4
Cell2055	1	8	16	3
Cell2056	1	1	10	16
Cell2057	1	13	13	4
Cell2058	1	3	13	12
Cell2059	1	4	15	5
Cell2060	1	9	3	6
Cell2061	1	1	10	16
Cell2062	1	5	8	14
Cell2063	1	15	14	15
Cell2064	1	7	12	13
Cell2065	1	16	6	9
Cell2066	1	9	3	6
Cell2067	1	5	8	14
Cell2068	1	12	4	2
Cell2069	1	14	2	10
Cell2070	1	7	12	13
Cell2071	1	6	12	7
Cell2072	1	9	3	6
Cell2073	1	4	15	5
Cell2074	1	14	2	10
Cell2075	1	10	9	11
Cell2076	1	12	4	2
Cell2077	1	16	6	9
Cell2078	1	13	13	4
Cell2079	1	10	9	11
Cell2080	1	4	15	5
Cell2081	1	7	12	13
Cell2082	1	6	12	7
Cell2083	1	2	7	1
Cell2084	1	1	10	16
Cell2085	1	16	5	9
Cell2086	1	5	8	14
Cell2087	1	2	7	1
Cell2088	1	6	12	7
Cell2089	1	2	7	1
Cell2090	1	8	16	3
Cell2091	1	1	10	2
Cell2092	1	14	2	10
Cell2093	1	10	9	11
Cell2094	1	3	13	12
Cell2095	1	14	2	10
Cell2096	1	16	6	9
Cell2097	1	12	4	2
Cell2098	1	3	13	12
Cell2099	1	9	3	6
Cell2100	1	2	7	1
Cell2101	1	2	7	1
Cell2102	1	6	12	7
Cell2103	1	12	4	2
Cell2104	1	3	13	12
Cell2105	1	7	12	13
Cell2106	1	14	2	10
Cell2107	1	4	15	5
Cell2108	1	9	3	2
Cell2109	1	1	10	16
Cell2110	1	11	11	8
Cell2111	1	15	14	15
Cell2112	1	13	13	4
Cell2113	1	3	13	12
Cell2114	1	5	8	14
Cell2115	1	4	15	5
Cell2116	1	11	11	8
Cell2117	1	13	13	4
Cell2119	1	12	4	2
Cell2120	1	5	8	14
Cell2121	1	11	11	8
Cell2122	1	13	13	4
Cell2123	1	10	9	11
Cell2124	1	15	14	15
Cell2125	1	13	13	4
Cell2126	1	13	13	4
Cell2127	1	12	4	2
Cell2128	1	5	8	14
Cell2129	1	2	7	1
Cell2130	1	16	6	9
Cell2131	1	2	7	1
Cell2132	1	7	12	13
Cell2133	1	9	3	6
Cell2134	1	5	8	14
Cell2135	1	9	3	6
Cell2136	1	5	8	14
Cell2137	1	5	8	14
Cell2138	1	3	13	12
Cell2139	1	14	2	10
Cell2141	1	4	15	5
Cell2142	1	15	14	15
Cell2143	1	12	4	2
Cell2145	1	6	12	7
Cell2146	1	3	13	12
Cell2147	1	1	10	16
Cell2148	1	13	13	4
Cell2149	1	9	3	6
Cell2150	1	11	1	15
Cell2151	1	13	13	4
Cell2152	1	4	15	5
Cell2154	1	6	12	7
Cell2155	1	1	10	16
Cell2156	1	10	9	11
Cell2157	1	14	2	10
Cell2158	1	10	9	11
Cell2159	1	9	3	6
Cell2160	1	1	10	16
Cell2161	1	16	5	9
Cell2162	1	8	16	3
Cell2163	1	8	16	3
Cell2164	1	6	12	7
Cell2165	1	5	8	14
Cell2166	1	14	2	10
Cell2167	1	8	16	3
Cell2168	1	9	3	6
Cell2169	1	3	13	12
Cell2170	1	4	15	5
Cell2171	1	12	4	2
Cell2172	1	10	9	11
Cell2173	1	6	12	7
Cell2174	1	10	9	11
Cell2175	1	11	1	8
Cell2176	1	10	9	11
Cell2177	1	14	2	10
Cell2178	1	8	16	3
Cell2179	1	10	9	11
Cell2180	1	2	7	1
Cell2181	1	15	14	15
Cell2182	1	7	12	13
Cell2183	1	14	2	10
Cell2184	1	10	9	11
Cell2185	1	3	13	12
Cell2186	1	1	10	15
Cell2187	1	8	16	3
Cell2188	1	12	4	2
Cell2189	1	10	9	11
Cell2190	1	1	10	16
Cell2191	1	6	12	7
Cell2192	1	1	10	16
Cell2193	1	2	7	1
Cell2194	1	8	16	3
Cell2195	1	12	4	2
Cell2196	1	10	9	11
Cell2197	1	11	11	8
Cell2198	1	15	14	15
Cell2199	1	7	12	13
Cell2200	1	3	13	12
Cell2201	1	16	5	9
Cell2202	1	13	13	4
Cell2203	1	12	4	2
Cell2204	1	13	13	4
Cell2206	1	6	12	7
Cell2207	1	12	4	2
Cell2208	1	5	8	14
Cell2209	1	6	12	7
Cell2210	1	16	6	9
Cell2211	1	1	10	16
Cell2212	1	12	4	2
Cell2213	1	6	12	7
Cell2214	1	9	3	6
Cell2215	1	9	3	6
Cell2216	1	14	2	10
Cell2217	1	15	14	15
Cell2218	1	1	10	16
Cell2219	1	6	12	7
Cell2220	1	2	7	1
Cell2221	1	13	13	4
Cell2222	1	10	9	11
Cell2224	1	2	7	1
Cell2225	1	12	4	2
Cell2226	1	15	14	15
Cell2227	1	3	13	12
Cell2229	1	11	11	8
Cell2230	1	12	4	2
Cell2232	1	1	10	16
Cell2234	1	10	9	11
Cell2235	1	7	12	13
Cell2236	1	10	9	11
Cell2237	1	14	2	10
Cell2238	1	7	12	13
Cell2239	1	4	15	5
Cell2240	1	2	7	1
Cell2243	1	16	5	9
Cell2244	1	2	7	1
Cell2245	1	14	2	10
Cell2246	1	2	7	1
Cell2247	1	14	2	10
Cell2248	1	12	4	2
Cell2249	1	3	13	12
Cell2250	1	11	1	8
Cell2251	1	6	12	7
Cell2252	1	3	13	12
Cell2253	1	12	4	2
Cell2254	1	6	12	7
Cell2255	1	10	9	11
Cell2256	1	3	13	12
Cell2257	1	7	12	13
Cell2258	1	7	12	13
Cell2259	1	5	8	14
Cell2260	1	12	4	2
Cell2261	1	13	13	4
Cell2262	1	9	3	6
Cell2263	1	1	10	15
Cell2264	1	5	8	14
Cell2265	1	13	13	4
Cell2266	1	6	12	7
Cell2267	1	2	7	1
Cell2268	1	7	12	13
Cell2269	1	9	3	6
Cell2270	1	5	8	14
Cell2271	1	2	7	1
Cell2272	1	11	11	8
Cell2273	1	5	8	14
Cell2274	1	9	3	6
Cell2276	1	4	15	5
Cell2277	1	16	5	9
Cell2278	1	7	12	13
Cell2280	1	9	3	6
Cell2281	1	7	12	13
Cell2282	1	16	6	9
Cell2283	1	14	2	10
Cell2284	1	7	12	13
Cell2285	1	3	13	12
Cell2287	1	16	6	9
Cell2288	1	7	12	13
Cell2289	1	12	4	2
Cell2290	1	13	13	4
Cell2291	1	10	9	11
Cell2292	1	13	13	4
Cell2293	1	1	10	16
Cell2294	1	3	13	12
Cell2295	1	11	11	8
Cell2296	1	14	2	10
Cell2297	1	7	12	13
Cell2298	1	4	15	5
Cell2299	1	3	13	12
Cell2300	1	2	7	1
Cell2301	1	5	8	14
Cell2302	1	12	4	2
Cell2303	1	6	12	7
Cell2304	1	13	13	4
Cell2305	1	8	16	3
Cell2306	1	16	5	9
Cell2307	1	14	2	10
Cell2308	1	6	12	7
Cell2309	1	7	12	13
Cell2310	1	1	10	16
Cell2311	1	2	7	1
Cell2312	1	9	3	6
Cell2313	1	6	12	7
Cell2314	1	7	12	13
Cell2315	1	14	2	10
Cell2316	1	7	12	13
Cell2317	1	3	13	12
Cell2318	1	8	16	3
Cell2319	1	3	13	12
Cell2320	1	7	12	13
Cell2321	1	1	10	15
Cell2322	1	15	14	15
Cell2323	1	12	4	2
Cell2324	1	5	8	14
Cell2325	1	3	13	12
Cell2326	1	16	6	9
Cell2327	1	10	9	11
Cell2328	1	15	14	15
Cell2329	1	16	6	9
Cell2330	1	2	7	1
Cell2331	1	5	8	14
Cell2332	1	10	9	11
Cell2333	1	2	7	1
Cell2334	1	3	13	12
Cell2335	1	4	15	5
Cell2336	1	7	12	13
Cell2337	1	5	8	14
Cell2339	1	2	7	1
Cell2340	1	16	5	9
Cell2341	1	15	14	15
Cell2342	1	9	3	6
Cell2344	1	3	13	12
Cell2346	1	7	12	13
Cell2347	1	15	14	15
Cell2348	1	10	9	11
Cell2349	1	12	4	2
Cell2350	1	9	3	6
Cell2352	1	2	7	1
Cell2353	1	11	11	8
Cell2354	1	8	16	3
Cell2355	1	14	2	10
Cell2356	1	3	13	12
Cell2357	1	13	13	4
Cell2358	1	6	12	7
Cell2359	1	3	13	12
Cell2360	1	7	12	13
Cell2361	1	3	13	12
Cell2362	1	12	4	2
Cell2363	1	11	11	8
Cell2364	1	4	15	5
Cell2365	1	3	13	12
Cell2366	1	8	16	3
Cell2367	1	8	16	3
Cell2368	1	4	15	5
Cell2370	1	5	8	14
Cell2371	1	4	15	5
Cell2372	1	13	13	4
Cell2373	1	12	4	2
Cell2375	1	6	12	7
Cell2376	1	13	13	4
Cell2377	1	13	13	4
Cell2378	1	6	12	7
Cell2379	1	3	13	12
Cell2380	1	1	10	16
Cell2381	1	7	12	13
Cell2382	1	3	13	12
Cell2383	1	4	15	5
Cell2384	1	8	16	3
Cell2385	1	9	3	6
Cell2386	1	10	9	11
Cell2387	1	10	9	11
Cell2388	1	1	10	16
Cell2389	1	12	4	2
Cell2390	1	11	1	8
Cell2391	1	7	12	13
Cell2392	1	10	9	11
Cell2393	1	2	7	1
Cell2394	1	16	6	9
Cell2395	1	3	13	12
Cell2396	1	6	12	7
Cell2397	1	10	9	11
Cell2398	1	9	3	6
Cell2399	1	16	5	9
Cell2400	1	1	10	16
Cell2401	1	12	4	2
Cell2402	1	14	2	10
Cell2403	1	13	13	4
Cell2404	1	5	8	14
Cell2405	1	12	4	2
Cell2406	1	7	12	13
Cell2407	1	5	8	14
Cell2408	1	15	14	15
Cell2409	1	15	14	15
Cell2410	1	12	4	2
Cell2411	1	6	12	7
Cell2412	1	10	9	11
Cell2413	1	9	3	6
Cell2415	1	14	2	10
Cell2416	1	13	13	4
Cell2417	1	15	14	15
Cell2418	1	14	2	10
Cell2419	1	2	7	1
Cell2421	1	3	13	12
Cell2422	1	6	12	7
Cell2424	1	4	15	5
Cell2425	1	1	10	16
Cell2427	1	3	13	12
Cell2428	1	4	15	5
Cell2429	1	2	7	1
Cell2430	1	16	5	9
Cell2431	1	16	6	9
Cell2432	1	6	12	7
Cell2433	1	13	13	4
Cell2434	1	6	12	7
Cell2435	1	8	16	3
Cell2436	1	14	2	10
Cell2437	1	9	3	6
Cell2438	1	15	14	15
Cell2439	1	7	12	13
Cell2440	1	4	15	5
Cell2441	1	6	12	7
Cell2442	1	12	4	2
Cell2443	1	2	7	1
Cell2444	1	4	15	5
Cell2445	1	7	12	13
Cell2446	1	1	10	16
Cell2447	1	5	8	14
Cell2448	1	5	8	14
Cell2449	1	13	13	4
Cell2450	1	12	4	2
Cell2451	1	4	15	5
Cell2452	1	10	9	11
Cell2453	1	9	3	6
Cell2454	1	4	15	5
Cell2456	1	8	16	3
Cell2457	1	9	3	6
Cell2458	1	3	13	12
Cell2459	1	7	12	13
Cell2460	1	2	7	1
Cell2461	1	3	13	12
Cell2462	1	8	16	3
Cell2463	1	3	13	12
Cell2464	1	4	15	5
Cell2465	1	8	16	3
Cell2466	1	13	13	4
Cell2467	1	1	10	16
Cell2469	1	16	6	9
Cell2470	1	1	10	16
Cell2471	1	2	7	1
Cell2472	1	2	7	1
Cell2473	1	4	15	5
Cell2474	1	15	14	15
Cell2475	1	11	11	8
Cell2476	1	9	3	6
Cell2477	1	13	13	4
Cell2479	1	14	2	10
Cell2480	1	2	7	1
Cell2481	1	11	11	8
Cell2482	1	7	12	13
Cell2483	1	8	16	3
Cell2484	1	10	9	11
Cell2485	1	2	7	1
Cell2486	1	1	10	16
Cell2487	1	4	15	5
Cell2488	1	14	2	10
Cell2489	1	1	10	16
Cell2490	1	7	12	13
Cell2491	1	4	15	5
Cell2492	1	2	7	1
Cell2493	1	15	14	15
Cell2494	1	10	9	11
Cell2495	1	1	10	16
Cell2496	1	12	4	2
Cell2497	1	1	10	16
Cell2498	1	9	3	6
Cell2499	1	3	13	12
Cell2500	1	9	3	6
Cell2502	1	16	6	9
Cell2503	1	14	2	10
Cell2504	1	13	13	4
Cell2505	1	6	12	7
Cell2506	1	11	11	8
Cell2507	1	2	7	1
Cell2508	1	6	12	7
Cell2509	1	8	16	3
Cell2510	1	9	3	6
Cell2511	1	16	6	9
Cell2512	1	8	16	3
Cell2513	1	1	10	16
Cell2514	1	16	5	9
Cell2515	1	16	5	9
Cell2516	1	2	7	1
Cell2517	1	2	7	1
Cell2518	1	14	2	10
Cell2519	1	1	10	16
Cell2520	1	16	5	9
Cell2521	1	12	4	2
Cell2522	1	6	12	7
Cell2523	1	14	2	10
Cell2524	1	3	13	12
Cell2525	1	9	3	6
Cell2526	1	1	10	16
Cell2527	1	14	2	10
Cell2528	1	4	15	5
Cell2530	1	2	7	1
Cell2531	1	2	7	1
Cell2532	1	9	3	6
Cell2534	1	2	7	1
Cell2535	1	16	5	9
Cell2536	1	2	7	1
Cell2537	1	6	12	7
Cell2538	1	12	4	2
Cell2539	1	10	9	11
Cell2540	1	3	13	12
Cell2541	1	10	9	11
Cell2542	1	10	9	11
Cell2543	1	11	1	8
Cell2544	1	15	14	15
Cell2545	1	15	14	15
Cell2546	1	12	4	2
Cell2547	1	16	6	9
Cell2548	1	8	16	3
Cell2549	1	9	3	6
Cell2550	1	7	12	13
Cell2551	1	14	2	10
Cell2553	1	5	8	14
Cell2554	1	11	11	8
Cell2555	1	8	16	3
Cell2556	1	9	3	6
Cell2557	1	4	15	5
Cell2559	1	4	15	5
Cell2560	1	8	16	3
Cell2561	1	14	2	10
Cell2562	1	7	12	13
Cell2563	1	2	7	1
Cell2564	1	12	4	2
Cell2565	1	6	12	7
Cell2566	1	11	11	8
Cell2569	1	13	13	4
Cell2570	1	15	14	15
Cell2571	1	3	13	12
Cell2572	1	10	9	11
Cell2573	1	15	14	15
Cell2574	1	1	10	16
Cell2575	1	1	10	16
Cell2576	1	14	2	10
Cell2577	1	1	10	16
Cell2578	1	14	2	10
Cell2579	1	15	14	15
Cell2580	1	5	8	14
Cell2581	1	12	4	2
Cell2582	1	2	7	1
Cell2583	1	14	2	10
Cell2584	1	14	2	10
Cell2585	1	9	3	6
Cell2587	1	10	9	11
Cell2588	1	5	8	14
Cell2589	1	5	8	14
Cell2590	1	3	13	12
Cell2591	1	12	4	2
Cell2592	1	14	2	10
Cell2593	1	13	13	4
Cell2594	1	12	4	2
Cell2595	1	5	8	14
Cell2596	1	3	13	12
Cell2598	1	3	13	12
Cell2599	1	8	16	3
Cell2601	1	7	12	13
Cell2602	1	7	12	13
Cell2603	1	5	8	14
Cell2604	1	6	12	7
Cell2605	1	16	6	9
Cell2606	1	12	4	2
Cell2607	1	5	8	14
Cell2608	1	1	10	16
Cell2609	1	14	2	10
Cell2610	1	16	6	9
Cell2611	1	7	12	13
Cell2613	1	15	14	15
Cell2614	1	2	7	1
Cell2616	1	2	7	1
Cell2617	1	7	12	13
Cell2618	1	9	3	6
Cell2619	1	14	2	10
Cell2620	1	1	10	16
Cell2621	1	8	16	3
Cell2622	1	3	13	12
Cell2623	1	1	10	16
Cell2625	1	7	12	13
Cell2626	1	3	13	12
Cell2627	1	12	4	2
Cell2628	1	11	11	8
Cell2629	1	6	12	7
Cell2630	1	15	14	15
Cell2631	1	1	10	16
Cell2632	1	13	13	4
Cell2633	1	3	13	12
Cell2634	1	8	16	3
Cell2635	1	1	10	16
Cell2636	1	9	3	6
Cell2637	1	1	10	16
Cell2638	1	6	12	7
Cell2639	1	15	14	15
Cell2640	1	16	5	9
Cell2641	1	4	15	5
Cell2642	1	3	13	12
Cell2643	1	16	5	9
Cell2644	1	11	11	8
Cell2645	1	6	12	7
Cell2646	1	1	10	15
Cell2647	1	1	10	16
Cell2649	1	1	10	16
Cell2650	1	4	15	5
Cell2651	1	16	6	9
Cell2652	1	12	4	2
Cell2653	1	15	14	15
Cell2654	1	1	10	15
Cell2656	1	9	3	6
Cell2657	1	7	12	13
Cell2658	1	7	12	13
Cell2659	1	3	13	12
Cell2661	1	3	13	12
Cell2662	1	3	13	12
Cell2663	1	9	3	6
Cell2664	1	15	14	15
Cell2665	1	12	4	2
Cell2666	1	2	7	1
Cell2667	1	12	4	2
Cell2668	1	6	12	7
Cell2669	1	4	15	5
Cell2670	1	16	6	9
Cell2671	1	4	15	5
Cell2672	1	9	3	6
Cell2673	1	12	4	2
Cell2674	1	2	7	1
Cell2675	1	8	16	3
Cell2676	1	10	9	11
Cell2677	1	14	2	10
Cell2678	1	12	4	2
Cell2680	1	9	3	6
Cell2681	1	15	14	15
Cell2682	1	2	7	1
Cell2683	1	4	15	5
Cell2684	1	10	9	11
Cell2685	1	3	13	12
Cell2687	1	4	15	5
Cell2688	1	3	13	12
Cell2689	1	15	14	15
Cell2690	1	12	4	2
Cell2691	1	7	12	13
Cell2692	1	9	3	6
Cell2693	1	9	3	6
Cell2694	1	11	11	11
Cell2695	1	13	13	4
Cell2696	1	11	11	8
Cell2697	1	11	11	8
Cell2698	1	9	3	6
Cell2699	1	10	9	11
Cell2700	1	8	16	3
Cell2701	1	3	13	12
Cell2702	1	3	13	12
Cell2703	1	10	9	11
Cell2704	1	14	2	10
Cell2705	1	14	2	10
Cell2706	1	10	9	11
Cell2707	1	3	13	12
Cell2708	1	11	11	8
Cell2709	1	10	9	11
Cell2710	1	14	2	10
Cell2712	1	12	4	2
Cell2713	1	5	8	14
Cell2714	1	2	7	1
Cell2715	1	12	4	2
Cell2716	1	8	16	3
Cell2717	1	15	14	15
Cell2718	1	14	2	10
Cell2719	1	5	8	14
Cell2720	1	14	2	10
Cell2721	1	15	14	15
Cell2722	1	16	6	9
Cell2723	1	7	12	13
Cell2724	1	12	4	2
Cell2725	1	2	7	1
Cell2726	1	1	10	16
Cell2727	1	7	12	13
Cell2728	1	11	1	8
Cell2729	1	2	7	1
Cell2730	1	12	4	2
Cell2731	1	9	3	6
Cell2732	1	13	13	4
Cell2733	1	5	8	14
Cell2735	1	9	3	6
Cell2736	1	8	16	3
Cell2737	1	7	12	13
Cell2738	1	10	9	11
Cell2740	1	15	14	15
Cell2741	1	12	4	2
Cell2742	1	3	13	12
Cell2743	1	8	16	3
Cell2744	1	12	4	2
Cell2746	1	13	13	4
Cell2747	1	1	10	16
Cell2748	1	1	10	16
Cell2749	1	16	5	9
Cell2750	1	13	13	4
Cell2751	1	14	2	10
Cell2752	1	15	14	15
Cell2753	1	6	12	7
Cell2754	1	7	12	13
Cell2755	1	14	2	10
Cell2756	1	1	10	16
Cell2757	1	2	7	1
Cell2758	1	10	9	11
Cell2759	1	1	10	16
Cell2760	1	8	16	3
Cell2761	1	12	4	2
Cell2762	1	4	15	5
Cell2763	1	2	7	1
Cell2764	1	3	13	12
Cell2766	1	7	12	13
Cell2767	1	10	9	11
Cell2768	1	5	8	14
Cell2769	1	6	12	7
Cell2770	1	16	5	9
Cell2771	1	1	10	16
Cell2772	1	11	1	8
Cell2773	1	11	1	8
Cell2774	1	15	14	15
Cell2775	1	7	12	13
Cell2776	1	1	10	16
Cell2777	1	13	13	4
Cell2778	1	5	8	14
Cell2779	1	12	4	2
Cell2780	1	8	16	3
Cell2781	1	16	5	9
Cell2782	1	8	16	3
Cell2783	1	1	10	16
Cell2785	1	15	14	15
Cell2786	1	8	16	3
Cell2787	1	2	7	1
Cell2788	1	10	9	11
Cell2789	1	10	9	11
Cell2790	1	6	12	7
Cell2791	1	7	12	13
Cell2792	1	14	2	10
Cell2794	1	13	13	4
Cell2795	1	9	3	6
Cell2797	1	10	9	11
Cell2799	1	16	6	9
Cell2800	1	6	12	7
Cell2801	1	10	9	11
Cell2802	1	10	9	11
Cell2803	1	9	3	6
Cell2804	1	10	9	11
Cell2805	1	6	12	7
Cell2806	1	16	5	9
Cell2807	1	7	12	13
Cell2808	1	2	7	1
Cell2809	1	9	3	6
Cell2810	1	8	16	3
Cell2811	1	7	12	13
Cell2812	1	15	14	15
Cell2813	1	16	5	9
Cell2814	1	8	16	3
Cell2815	1	14	2	10
Cell2816	1	15	14	15
Cell2817	1	13	13	4
Cell2818	1	3	13	12
Cell2819	1	6	12	7
Cell2820	1	4	15	5
Cell2821	1	14	2	10
Cell2822	1	16	5	9
Cell2823	1	13	13	4
Cell2824	1	3	13	12
Cell2825	1	9	3	6
Cell2826	1	12	4	2
Cell2827	1	2	7	1
Cell2828	1	1	10	16
Cell2829	1	14	2	10
Cell2830	1	14	2	10
Cell2831	1	2	7	1
Cell2832	1	16	6	9
Cell2833	1	3	13	12
Cell2834	1	1	10	16
Cell2835	1	7	12	13
Cell2836	1	1	10	16
Cell2837	1	4	15	5
Cell2838	1	15	14	15
Cell2839	1	1	10	16
Cell2840	1	14	2	10
Cell2841	1	1	10	16
Cell2842	1	15	14	15
Cell2843	1	15	14	15
Cell2844	1	2	7	1
Cell2845	1	16	6	9
Cell2846	1	2	7	1
Cell2847	1	3	13	12
Cell2848	1	9	3	6
Cell2849	1	16	6	9
Cell2850	1	10	9	11
Cell2851	1	1	10	16
Cell2853	1	3	13	12
Cell2854	1	11	1	8
Cell2855	1	7	12	13
Cell2856	1	5	8	14
Cell2857	1	14	2	10
Cell2858	1	2	7	1
Cell2859	1	2	7	1
Cell2860	1	13	13	4
Cell2861	1	7	12	13
Cell2862	1	4	15	5
Cell2863	1	14	2	10
Cell2864	1	7	12	13
Cell2865	1	11	1	8
Cell2866	1	6	12	7
Cell2867	1	14	2	10
Cell2868	1	11	1	8
Cell2869	1	15	14	15
Cell2870	1	3	13	12
Cell2871	1	4	15	5
Cell2872	1	8	16	3
Cell2873	1	14	2	10
Cell2874	1	16	5	9
Cell2875	1	3	13	12
Cell2876	1	9	3	6
Cell2877	1	9	3	6
Cell2878	1	11	1	8
Cell2879	1	7	12	13
Cell2880	1	13	13	4
Cell2881	1	8	16	3
Cell2882	1	3	13	12
Cell2883	1	3	13	12
Cell2884	1	2	7	1
Cell2885	1	14	2	10
Cell2886	1	11	1	8
Cell2887	1	15	14	15
Cell2888	1	16	5	9
Cell2889	1	16	5	9
Cell2891	1	3	13	12
Cell2892	1	15	14	15
Cell2893	1	13	13	4
Cell2894	1	10	9	11
Cell2895	1	16	6	9
Cell2896	1	7	12	13
Cell2897	1	2	7	1
Cell2898	1	10	9	11
Cell2899	1	12	4	2
Cell2900	1	4	15	5
Cell2901	1	15	14	15
Cell2902	1	16	6	9
Cell2903	1	2	7	1
Cell2904	1	7	12	13
Cell2905	1	8	16	3
Cell2906	1	14	2	10
Cell2907	1	5	8	14
Cell2908	1	16	6	9
Cell2909	1	2	7	1
Cell2910	1	7	12	13
Cell2911	1	14	2	10
Cell2912	1	8	16	3
Cell2913	1	15	14	15
Cell2914	1	16	6	9
Cell2915	1	15	14	15
Cell2916	1	12	4	2
Cell2917	1	9	3	6
Cell2919	1	2	7	1
Cell2920	1	4	15	5
Cell2921	1	8	16	3
Cell2922	1	9	3	6
Cell2923	1	2	7	1
Cell2924	1	13	13	4
Cell2925	1	13	13	4
Cell2926	1	11	11	8
Cell2927	1	10	9	11
Cell2928	1	7	12	13
Cell2929	1	3	13	12
Cell2930	1	4	15	5
Cell2931	1	6	12	7
Cell2932	1	15	14	15
Cell2933	1	11	1	8
Cell2934	1	2	7	1
Cell2936	1	5	8	14
Cell2937	1	15	14	15
Cell2938	1	4	15	5
Cell2939	1	10	9	11
Cell2940	1	13	13	4
Cell2941	1	3	13	12
Cell2942	1	10	9	11
Cell2943	1	7	12	13
Cell2944	1	15	1	15
Cell2945	1	11	11	8
Cell2946	1	6	12	7
Cell2947	1	2	7	1
Cell2948	1	9	3	6
Cell2949	1	15	14	15
Cell2950	1	14	2	10
Cell2951	1	8	16	3
Cell2952	1	12	4	2
Cell2953	1	14	2	10
Cell2954	1	9	3	6
Cell2955	1	10	9	11
Cell2956	1	3	13	12
Cell2957	1	9	3	6
Cell2958	1	4	15	5
Cell2959	1	16	6	9
Cell2960	1	12	4	2
Cell2961	1	10	9	11
Cell2962	1	3	13	12
Cell2963	1	10	9	11
Cell2964	1	9	3	6
Cell2965	1	9	3	6
Cell2966	1	7	12	13
Cell2967	1	5	8	14
Cell2968	1	10	9	11
Cell2969	1	7	12	13
Cell2970	1	6	12	7
Cell2971	1	1	10	16
Cell2972	1	4	15	5
Cell2973	1	8	16	3
Cell2974	1	11	1	15
Cell2975	1	10	9	11
Cell2976	1	2	7	1
Cell2977	1	6	12	7
Cell2978	1	8	16	3
Cell2979	1	16	5	9
Cell2980	1	3	13	12
Cell2981	1	1	10	16
Cell2982	1	1	10	16
Cell2983	1	3	13	12
Cell2984	1	4	15	5
Cell2985	1	4	15	5
Cell2986	1	11	11	8
Cell2987	1	11	11	8
Cell2988	1	1	10	15
Cell2989	1	7	12	13
Cell2990	1	15	14	15
Cell2991	1	5	8	14
Cell2992	1	3	13	12
Cell2993	1	4	15	5
Cell2994	1	8	16	3
Cell2995	1	8	16	3
Cell2996	1	13	13	4
Cell2997	1	6	12	7
Cell2998	1	14	2	10
Cell2999	1	6	12	7
Cell3000	1	10	9	11
Cell3001	1	10	9	11
Cell3002	1	4	15	5
Cell3003	1	1	10	16
Cell3004	1	12	4	2
Cell3005	1	13	13	4
Cell3006	1	7	12	13
Cell3007	1	1	10	16
Cell3008	1	3	13	12
Cell3009	1	5	8	14
Cell3010	1	8	16	3
Cell3011	1	16	6	9
Cell3012	1	16	6	9
Cell3013	1	7	12	13
Cell3014	1	6	12	7
Cell3015	1	11	1	8
Cell3016	1	14	2	10
Cell3017	1	11	11	8
Cell3018	1	15	14	15
Cell3019	1	4	15	5
Cell3020	1	2	7	1
Cell3021	1	3	13	12
Cell3022	1	5	8	14
Cell3023	1	12	4	2
Cell3024	1	15	14	15
Cell3025	1	14	2	10
Cell3026	1	3	13	12
Cell3027	1	12	4	2
Cell3028	1	12	4	2
Cell3029	1	12	4	2
Cell3030	1	6	12	7
Cell3031	1	7	12	13
Cell3032	1	2	7	1
Cell3033	1	3	13	12
Cell3034	1	13	13	4
Cell3035	1	9	3	6
Cell3036	1	10	9	11
Cell3037	1	13	13	4
Cell3038	1	3	13	12
Cell3039	1	13	13	4
Cell3040	1	5	8	14
Cell3041	1	6	12	7
Cell3042	1	7	12	13
Cell3043	1	15	14	15
Cell3044	1	3	13	12
Cell3045	1	8	16	3
Cell3046	1	6	12	7
Cell3047	1	11	11	8
Cell3048	1	12	4	2
Cell3049	1	1	10	16
Cell3050	1	5	8	14
Cell3051	1	6	12	7
Cell3052	1	1	10	15
Cell3053	1	4	15	5
Cell3055	1	11	11	8
Cell3056	1	15	14	15
Cell3057	1	4	15	5
Cell3058	1	2	7	1
Cell3059	1	16	5	9
Cell3060	1	4	15	5
Cell3061	1	10	9	11
Cell3062	1	2	7	1
Cell3063	1	10	9	11
Cell3064	1	4	15	5
Cell3065	1	9	3	6
Cell3066	1	14	2	10
Cell3067	1	8	16	3
Cell3068	1	5	8	14
Cell3069	1	3	13	12
Cell3070	1	1	10	15
Cell3071	1	2	7	1
Cell3072	1	4	15	5
Cell3073	1	1	10	15
Cell3074	1	8	16	3
Cell3075	1	10	9	11
Cell3076	1	5	8	14
Cell3077	1	10	9	11
Cell3078	1	14	2	10
Cell3079	1	14	2	10
Cell3080	1	7	12	13
Cell3081	1	8	16	3
Cell3082	1	16	6	9
Cell3083	1	9	3	6
Cell3084	1	1	10	16
Cell3085	1	1	10	16
Cell3086	1	4	15	5
Cell3087	1	9	3	6
Cell3088	1	9	3	6
Cell3089	1	6	12	7
Cell3090	1	11	1	8
Cell3091	1	16	5	9
Cell3092	1	5	8	14
Cell3093	1	7	12	13
Cell3094	1	7	12	13
Cell3095	1	9	3	6
Cell3096	1	4	15	5
Cell3097	1	7	12	13
Cell3098	1	1	10	16
Cell3099	1	7	12	13
Cell3101	1	7	12	13
Cell3103	1	3	13	12
Cell3104	1	15	14	15
Cell3105	1	3	13	12
Cell3106	1	12	4	2
Cell3107	1	4	15	5
Cell3108	1	1	10	16
Cell3109	1	7	12	10
Cell3110	1	16	5	9
Cell3111	1	4	15	5
Cell3112	1	2	7	1
Cell3113	1	1	10	16
Cell3114	1	4	15	5
Cell3115	1	1	10	16
Cell3116	1	14	2	10
Cell3117	1	1	10	16
Cell3118	1	11	1	8
Cell3119	1	8	16	3
Cell3120	1	10	9	11
Cell3121	1	10	9	11
Cell3122	1	8	16	3
Cell3123	1	5	8	14
Cell3124	1	4	15	5
Cell3126	1	13	13	4
Cell3127	1	3	13	12
Cell3128	1	9	3	6
Cell3129	1	6	12	7
Cell3130	1	14	2	10
Cell3131	1	6	12	7
Cell3132	1	8	16	3
Cell3134	1	15	14	15
Cell3135	1	14	2	10
Cell3136	1	7	12	13
Cell3138	1	8	16	3
Cell3139	1	7	12	13
Cell3140	1	15	14	15
Cell3141	1	5	8	14
Cell3142	1	1	10	16
Cell3143	1	13	13	4
Cell3144	1	14	2	10
Cell3145	1	9	3	6
Cell3147	1	12	4	2
Cell3148	1	5	8	14
Cell3149	1	2	7	1
Cell3150	1	15	14	15
Cell3151	1	9	3	6
Cell3152	1	4	15	5
Cell3153	1	15	14	15
Cell3154	1	8	16	3
Cell3155	1	9	3	6
Cell3156	1	10	9	11
Cell3157	1	15	14	15
Cell3158	1	8	16	3
Cell3159	1	5	8	14
Cell3160	1	15	14	15
Cell3161	1	9	3	6
Cell3162	1	5	8	14
Cell3163	1	9	3	6
Cell3164	1	14	2	10
Cell3165	1	16	5	9
Cell3166	1	7	12	13
Cell3167	1	12	4	2
Cell3168	1	10	9	11
Cell3169	1	4	15	5
Cell3170	1	5	8	14
Cell3171	1	3	13	12
Cell3172	1	16	5	9
Cell3173	1	7	12	13
Cell3174	1	12	4	2
Cell3175	1	2	7	1
Cell3176	1	10	9	11
Cell3177	1	8	16	3
Cell3179	1	14	2	10
Cell3180	1	3	13	12
Cell3181	1	3	13	12
Cell3182	1	10	9	11
Cell3183	1	8	16	3
Cell3184	1	9	3	6
Cell3185	1	11	11	8
Cell3186	1	13	13	4
Cell3187	1	7	12	13
Cell3188	1	15	14	15
Cell3189	1	6	12	7
Cell3190	1	1	10	16
Cell3191	1	10	9	11
Cell3192	1	8	16	3
Cell3193	1	9	3	6
Cell3194	1	5	8	14
Cell3195	1	14	2	10
Cell3196	1	14	2	10
Cell3197	1	15	14	15
Cell3198	1	5	8	14
Cell3199	1	1	10	16
Cell3201	1	5	8	14
Cell3202	1	13	13	4
Cell3203	1	1	10	16
Cell3204	1	2	7	1
Cell3205	1	11	1	8
Cell3206	1	16	6	9
Cell3207	1	13	13	4
Cell3210	1	6	12	7
Cell3211	1	15	14	15
Cell3212	1	14	2	10
Cell3214	1	13	13	4
Cell3215	1	10	9	11
Cell3216	1	12	4	2
Cell3217	1	11	11	8
Cell3218	1	10	9	11
Cell3219	1	13	13	4
Cell3220	1	15	14	15
Cell3221	1	5	8	14
Cell3222	1	16	5	9
Cell3223	1	16	6	9
Cell3224	1	9	3	6
Cell3225	1	3	13	12
Cell3226	1	8	16	3
Cell3227	1	5	8	14
Cell3228	1	7	12	13
Cell3229	1	1	10	16
Cell3231	1	7	12	13
Cell3232	1	1	10	16
Cell3233	1	12	4	2
Cell3234	1	10	9	11
Cell3235	1	6	12	7
Cell3236	1	15	14	15
Cell3237	1	7	12	13
Cell3238	1	14	2	10
Cell3239	1	8	16	3
Cell3240	1	11	1	8
Cell3241	1	2	7	1
Cell3242	1	3	13	12
Cell3243	1	1	10	16
Cell3244	1	14	2	10
Cell3245	1	14	2	10
Cell3246	1	6	12	7
Cell3248	1	1	10	16
Cell3249	1	14	2	10
Cell3250	1	12	4	2
Cell3251	1	14	2	10
Cell3252	1	6	12	7
Cell3253	1	5	8	14
Cell3254	1	4	15	5
Cell3255	1	7	12	13
Cell3256	1	5	8	14
Cell3257	1	2	7	1
Cell3258	1	11	11	8
Cell3259	1	2	7	1
Cell3260	1	12	4	2
Cell3261	1	14	2	10
Cell3262	1	4	15	5
Cell3263	1	13	13	4
Cell3264	1	5	8	14
Cell3265	1	9	3	6
Cell3266	1	12	4	2
Cell3267	1	2	7	1
Cell3268	1	13	13	4
Cell3269	1	8	16	3
Cell3270	1	7	12	13
Cell3271	1	8	16	3
Cell3272	1	6	12	7
Cell3273	1	14	2	10
Cell3274	1	3	13	12
Cell3275	1	11	11	8
Cell3276	1	7	12	13
Cell3277	1	3	13	12
Cell3278	1	11	1	8
Cell3279	1	8	16	3
Cell3280	1	14	2	10
Cell3281	1	3	13	12
Cell3282	1	11	1	8
Cell3283	1	11	11	8
Cell3284	1	14	2	2
Cell3285	1	12	4	2
Cell3286	1	3	13	12
Cell3287	1	5	8	14
Cell3288	1	16	5	9
Cell3289	1	15	14	15
Cell3290	1	10	9	11
Cell3291	1	12	4	2
Cell3292	1	2	7	1
Cell3293	1	2	7	1
Cell3294	1	3	13	12
Cell3295	1	4	15	5
Cell3296	1	5	8	14
Cell3297	1	10	9	11
Cell3298	1	7	12	13
Cell3299	1	4	15	5
Cell3300	1	2	7	1
Cell3301	1	1	10	16
Cell3302	1	3	13	12
Cell3303	1	2	7	1
Cell3304	1	11	11	8
Cell3306	1	13	13	4
Cell3307	1	16	6	9
Cell3308	1	5	8	14
Cell3309	1	4	15	5
Cell3310	1	2	7	1
Cell3311	1	16	5	9
Cell3312	1	4	15	5
Cell3313	1	11	1	8
Cell3314	1	9	3	6
Cell3315	1	10	9	11
Cell3316	1	4	15	5
Cell3317	1	7	12	13
Cell3319	1	16	6	9
Cell3320	1	7	12	13
Cell3321	1	12	4	2
Cell3322	1	8	16	3
Cell3323	1	5	8	14
Cell3324	1	9	3	6
Cell3325	1	3	13	12
Cell3326	1	5	8	14
Cell3327	1	9	3	6
Cell3328	1	14	2	10
Cell3329	1	2	7	1
Cell3330	1	9	3	6
Cell3331	1	14	2	10
Cell3332	1	12	4	2
Cell3333	1	8	16	3
Cell3334	1	5	8	14
Cell3335	1	7	12	13
Cell3337	1	8	16	3
Cell3338	1	11	11	8
Cell3339	1	13	13	4
Cell3340	1	3	13	12
Cell3341	1	2	7	1
Cell3342	1	16	5	9
Cell3343	1	3	13	12
Cell3344	1	8	16	3
Cell3345	1	7	12	13
Cell3346	1	11	1	8
Cell3347	1	16	5	9
Cell3348	1	3	13	12
Cell3349	1	15	14	15
Cell3351	1	1	10	16
Cell3352	1	6	12	7
Cell3353	1	15	14	15
Cell3354	1	12	4	2
Cell3355	1	8	16	3
Cell3356	1	8	16	3
Cell3357	1	7	12	13
Cell3358	1	3	13	12
Cell3359	1	13	13	4
Cell3360	1	14	2	10
Cell3361	1	13	13	4
Cell3362	1	7	12	13
Cell3363	1	4	15	5
Cell3364	1	15	14	15
Cell3365	1	13	13	4
Cell3366	1	8	16	3
Cell3367	1	8	16	3
Cell3368	1	12	4	2
Cell3369	1	2	7	1
Cell3370	1	5	8	14
Cell3371	1	13	13	4
Cell3372	1	14	2	10
Cell3373	1	10	9	11
Cell3374	1	9	3	6
Cell3375	1	13	13	4
Cell3376	1	11	11	8
Cell3377	1	6	12	7
Cell3378	1	1	10	16
Cell3379	1	11	1	8
Cell3381	1	10	9	11
Cell3382	1	12	4	2
Cell3383	1	9	3	6
Cell3384	1	15	14	15
Cell3385	1	4	15	5
Cell3386	1	8	16	3
Cell3387	1	8	16	3
Cell3388	1	7	12	13
Cell3389	1	9	3	6
Cell3390	1	5	8	14
Cell3391	1	10	9	11
Cell3392	1	1	10	16
Cell3393	1	14	2	10
Cell3394	1	13	13	4
Cell3395	1	6	12	7
Cell3396	1	3	13	12
Cell3397	1	9	3	6
Cell3398	1	14	2	10
Cell3399	1	9	3	6
Cell3400	1	2	7	1
Cell3401	1	2	7	1
Cell3402	1	13	13	4
Cell3403	1	12	4	2
Cell3404	1	16	5	9
Cell3405	1	6	12	7
Cell3406	1	13	13	4
Cell3407	1	14	2	10
Cell3408	1	1	10	16
Cell3409	1	9	3	6
Cell3410	1	15	14	15
Cell3412	1	15	14	15
Cell3413	1	15	14	15
Cell3414	1	2	7	1
Cell3415	1	8	16	3
Cell3416	1	12	4	2
Cell3417	1	2	7	1
Cell3418	1	15	14	15
Cell3419	1	14	2	10
Cell3420	1	16	6	9
Cell3421	1	1	10	15
Cell3422	1	7	12	13
Cell3423	1	12	4	2
Cell3424	1	7	12	13
Cell3425	1	7	12	13
Cell3426	1	12	4	2
Cell3427	1	2	7	1
Cell3428	1	13	13	4
Cell3429	1	13	13	4
Cell3430	1	14	2	10
Cell3431	1	9	3	6
Cell3432	1	13	13	4
Cell3433	1	1	10	16
Cell3434	1	14	2	10
Cell3435	1	6	12	7
Cell3436	1	8	16	3
Cell3437	1	1	10	16
Cell3438	1	4	15	5
Cell3439	1	15	14	15
Cell3440	1	15	14	15
Cell3441	1	12	4	2
Cell3442	1	15	14	15
Cell3443	1	2	7	1
Cell3444	1	6	12	7
Cell3445	1	2	7	1
Cell3446	1	10	9	11
Cell3447	1	2	7	1
Cell3448	1	15	14	15
Cell3449	1	7	12	13
Cell3450	1	4	15	5
Cell3451	1	3	13	12
Cell3452	1	5	8	14
Cell3453	1	14	2	10
Cell3454	1	12	4	2
Cell3455	1	6	12	7
Cell3456	1	15	14	15
Cell3457	1	13	13	4
Cell3458	1	6	12	7
Cell3459	1	7	12	13
Cell3460	1	7	12	13
Cell3461	1	13	13	4
Cell3462	1	1	10	16
Cell3463	1	5	8	14
Cell3464	1	7	12	13
Cell3465	1	3	13	12
Cell3466	1	2	7	1
Cell3467	1	11	11	8
Cell3468	1	3	13	12
Cell3469	1	4	15	5
Cell3471	1	6	12	7
Cell3472	1	12	4	2
Cell3473	1	7	12	13
Cell3474	1	4	15	5
Cell3475	1	11	11	8
Cell3476	1	8	16	3
Cell3477	1	4	15	5
Cell3478	1	4	15	5
Cell3479	1	7	12	13
Cell3482	1	10	9	11
Cell3483	1	13	13	4
Cell3484	1	13	13	4
Cell3485	1	13	13	4
Cell3486	1	4	15	5
Cell3487	1	10	9	11
Cell3488	1	16	5	9
Cell3489	1	1	10	16
Cell3490	1	10	9	11
Cell3491	1	2	7	1
Cell3492	1	4	15	5
Cell3493	1	10	9	11
Cell3495	1	16	5	9
Cell3496	1	8	16	3
Cell3497	1	16	5	9
Cell3498	1	11	11	8
Cell3499	1	9	3	6
Cell3500	1	13	13	4
Cell3501	1	16	6	9
Cell3502	1	7	12	13
Cell3503	1	16	5	9
Cell3504	1	4	15	5
Cell3505	1	15	14	15
Cell3506	1	16	5	9
Cell3507	1	5	8	14
Cell3508	1	16	5	9
Cell3509	1	2	7	1
Cell3510	1	2	7	1
Cell3511	1	11	11	8
Cell3512	1	15	14	15
Cell3513	1	2	7	1
Cell3515	1	1	10	16
Cell3517	1	1	10	15
Cell3518	1	13	13	4
Cell3519	1	16	5	9
Cell3520	1	11	11	8
Cell3521	1	12	4	2
Cell3522	1	10	9	11
Cell3523	1	15	14	15
Cell3524	1	12	4	2
Cell3525	1	7	12	13
Cell3526	1	13	13	4
Cell3527	1	6	12	7
Cell3528	1	6	12	7
Cell3529	1	7	12	13
Cell3530	1	12	4	2
Cell3531	1	14	2	10
Cell3532	1	3	13	12
Cell3533	1	5	8	14
Cell3534	1	7	12	13
Cell3535	1	9	3	6
Cell3537	1	6	12	7
Cell3538	1	15	14	15
Cell3539	1	11	1	8
Cell3540	1	11	11	8
Cell3541	1	11	11	8
Cell3542	1	15	14	15
Cell3543	1	5	8	14
Cell3544	1	8	16	3
Cell3546	1	11	1	8
Cell3548	1	13	13	4
Cell3549	1	11	1	8
Cell3550	1	4	15	5
Cell3551	1	8	16	3
Cell3552	1	14	2	10
Cell3553	1	10	9	11
Cell3554	1	16	5	9
Cell3555	1	16	6	9
Cell3556	1	8	16	3
Cell3558	1	7	12	13
Cell3559	1	5	8	14
Cell3560	1	16	5	9
Cell3561	1	11	1	8
Cell3562	1	12	4	2
Cell3563	1	3	13	12
Cell3564	1	11	11	8
Cell3565	1	1	10	16
Cell3566	1	9	3	6
Cell3567	1	10	9	11
Cell3568	1	1	10	16
Cell3569	1	11	1	8
Cell3570	1	13	13	4
Cell3571	1	5	8	14
Cell3572	1	16	6	9
Cell3573	1	8	16	3
Cell3574	1	8	16	3
Cell3575	1	3	13	12
Cell3576	1	5	8	14
Cell3577	1	7	12	13
Cell3578	1	2	7	1
Cell3579	1	4	15	5
Cell3580	1	13	13	4
Cell3581	1	8	16	3
Cell3582	1	10	9	11
Cell3583	1	2	7	1
Cell3584	1	4	15	5
Cell3585	1	12	4	2
Cell3586	1	5	8	14
Cell3587	1	9	3	6
Cell3588	1	9	3	6
Cell3590	1	11	11	8
Cell3591	1	12	4	2
Cell3592	1	1	10	16
Cell3593	1	14	2	10
Cell3594	1	16	5	9
Cell3595	1	2	7	1
Cell3596	1	1	10	16
Cell3597	1	4	15	5
Cell3598	1	8	16	3
Cell3599	1	1	10	16
Cell3600	1	16	5	9
Cell3601	1	14	2	10
Cell3602	1	14	2	10
Cell3603	1	7	12	13
Cell3604	1	4	15	5
Cell3605	1	11	11	8
Cell3606	1	1	10	16
Cell3607	1	1	10	16
Cell3608	1	9	3	6
Cell3609	1	8	16	3
Cell3610	1	9	3	6
Cell3611	1	2	7	1
Cell3612	1	9	3	6
Cell3613	1	10	9	11
Cell3614	1	13	13	4
Cell3615	1	11	11	8
Cell3616	1	16	6	9
Cell3617	1	13	13	4
Cell3618	1	7	12	13
Cell3619	1	5	8	14
Cell3620	1	6	12	7
Cell3621	1	9	3	6
Cell3622	1	9	3	6
Cell3624	1	6	12	7
Cell3625	1	3	13	12
Cell3626	1	14	2	10
Cell3627	1	8	16	3
Cell3628	1	9	3	6
Cell3629	1	13	13	4
Cell3630	1	10	9	11
Cell3631	1	2	7	1
Cell3632	1	9	3	6
Cell3633	1	12	4	2
Cell3634	1	4	15	5
Cell3635	1	9	3	6
Cell3636	1	4	15	5
Cell3637	1	13	13	4
Cell3638	1	12	4	2
Cell3639	1	14	2	10
Cell3640	1	5	8	14
Cell3641	1	1	10	16
Cell3642	1	2	7	1
Cell3643	1	3	13	12
Cell3644	1	1	10	16
Cell3645	1	2	7	1
Cell3646	1	1	10	16
Cell3647	1	14	2	10
Cell3648	1	16	5	9
Cell3649	1	14	2	10
Cell3650	1	9	3	6
Cell3651	1	4	15	5
Cell3652	1	6	12	7
Cell3653	1	12	4	2
Cell3654	1	2	7	1
Cell3655	1	12	4	2
Cell3656	1	10	9	11
Cell3657	1	10	9	11
Cell3658	1	4	15	5
Cell3659	1	16	5	9
Cell3660	1	1	10	16
Cell3661	1	2	7	1
Cell3662	1	16	5	9
Cell3663	1	1	10	16
Cell3665	1	14	2	10
Cell3666	1	9	3	6
Cell3667	1	10	9	11
Cell3668	1	7	12	13
Cell3669	1	9	3	6
Cell3670	1	9	3	6
Cell3671	1	15	14	15
Cell3672	1	12	4	2
Cell3675	1	6	12	7
Cell3676	1	9	3	6
Cell3677	1	2	7	1
Cell3678	1	9	3	6
Cell3679	1	6	12	7
Cell3680	1	2	7	1
Cell3681	1	12	4	2
Cell3682	1	10	9	11
Cell3683	1	2	7	1
Cell3684	1	9	3	6
Cell3685	1	3	13	12
Cell3686	1	16	5	9
Cell3687	1	6	12	7
Cell3688	1	1	10	16
Cell3689	1	7	12	13
Cell3690	1	8	16	3
Cell3691	1	1	10	16
Cell3692	1	6	12	7
Cell3693	1	6	12	7
Cell3694	1	12	4	2
Cell3695	1	15	14	15
Cell3696	1	16	5	9
Cell3697	1	3	13	12
Cell3698	1	4	15	5
Cell3699	1	5	8	14
Cell3700	1	10	9	11
Cell3701	1	5	8	14
Cell3702	1	9	3	6
Cell3703	1	10	9	11
Cell3704	1	12	4	2
Cell3705	1	5	8	14
Cell3706	1	9	3	6
Cell3707	1	10	9	11
Cell3708	1	5	8	14
Cell3709	1	14	2	10
Cell3710	1	16	5	9
Cell3711	1	2	7	1
Cell3712	1	10	9	11
Cell3713	1	11	1	8
Cell3714	1	2	7	1
Cell3716	1	11	1	8
Cell3717	1	3	13	12
Cell3718	1	4	15	5
Cell3719	1	8	16	3
Cell3720	1	5	8	14
Cell3721	1	6	12	7
Cell3722	1	8	16	3
Cell3723	1	16	5	9
Cell3724	1	11	1	8
Cell3725	1	10	9	11
Cell3726	1	6	12	7
Cell3727	1	9	3	6
Cell3728	1	9	3	6
Cell3729	1	2	7	1
Cell3730	1	8	16	3
Cell3731	1	2	7	1
Cell3732	1	15	14	15
Cell3733	1	8	16	3
Cell3734	1	1	10	16
Cell3735	1	9	3	6
Cell3736	1	9	3	6
Cell3737	1	4	15	5
Cell3738	1	9	3	6
Cell3739	1	15	14	15
Cell3740	1	4	15	5
Cell3741	1	15	14	15
Cell3742	1	10	9	11
Cell3743	1	2	7	1
Cell3744	1	8	16	3
Cell3745	1	4	15	5
Cell3746	1	6	12	7
Cell3747	1	6	12	7
Cell3748	1	5	8	14
Cell3749	1	5	8	14
Cell3750	1	15	14	15
Cell3751	1	13	13	4
Cell3752	1	7	12	13
Cell3753	1	1	10	16
Cell3755	1	14	2	10
Cell3756	1	7	12	13
Cell3757	1	2	7	1
Cell3758	1	2	7	1
Cell3759	1	16	5	9
Cell3760	1	5	8	14
Cell3761	1	6	12	7
Cell3762	1	8	16	3
Cell3763	1	16	5	9
Cell3764	1	7	12	13
Cell3765	1	4	15	5
Cell3766	1	12	4	2
Cell3767	1	2	7	1
Cell3768	1	4	15	5
Cell3769	1	14	2	10
Cell3770	1	6	12	7
Cell3772	1	6	12	7
Cell3773	1	7	12	13
Cell3774	1	12	4	2
Cell3775	1	4	15	5
Cell3776	1	16	6	9
Cell3777	1	2	7	1
Cell3778	1	5	8	14
Cell3779	1	5	8	14
Cell3780	1	10	9	11
Cell3781	1	14	2	10
Cell3782	1	3	13	12
Cell3784	1	7	12	13
Cell3785	1	16	5	9
Cell3787	1	3	13	12
Cell3788	1	14	2	10
Cell3790	1	5	8	14
Cell3791	1	11	1	8
Cell3792	1	2	7	1
Cell3793	1	16	6	9
Cell3794	1	6	12	7
Cell3795	1	10	9	11
Cell3796	1	4	15	5
Cell3797	1	9	3	6
Cell3798	1	2	7	1
Cell3799	1	4	15	5
Cell3800	1	2	7	1
Cell3801	1	10	9	11
Cell3802	1	11	11	8
Cell3803	1	1	10	16
Cell3804	1	8	16	3
Cell3805	1	3	13	12
Cell3806	1	2	7	1
Cell3807	1	9	3	6
Cell3808	1	1	10	16
Cell3809	1	4	15	5
Cell3811	1	8	16	3
Cell3812	1	10	9	11
Cell3813	1	1	10	16
Cell3814	1	16	6	9
Cell3815	1	4	15	5
Cell3816	1	12	4	2
Cell3817	1	1	10	16
Cell3818	1	11	1	8
Cell3819	1	13	13	4
Cell3820	1	16	6	9
Cell3821	1	1	10	16
Cell3822	1	12	4	2
Cell3823	1	15	14	15
Cell3824	1	4	15	5
Cell3825	1	12	4	2
Cell3826	1	10	9	11
Cell3827	1	3	13	12
Cell3828	1	4	15	5
Cell3829	1	11	1	8
Cell3830	1	15	14	15
Cell3831	1	6	12	7
Cell3832	1	12	4	2
Cell3833	1	10	9	11
Cell3834	1	5	8	14
Cell3835	1	10	9	11
Cell3836	1	3	13	12
Cell3837	1	7	12	13
Cell3838	1	2	7	1
Cell3839	1	5	8	14
Cell3840	1	1	10	16
Cell3841	1	3	13	12
Cell3842	1	1	10	16
Cell3843	1	16	5	9
Cell3844	1	10	9	11
Cell3845	1	1	10	15
Cell3846	1	11	11	8
Cell3847	1	3	13	12
Cell3848	1	5	8	14
Cell3849	1	15	14	15
Cell3850	1	9	3	6
Cell3852	1	9	3	6
Cell3853	1	14	2	10
Cell3855	1	5	8	14
Cell3856	1	15	14	15
Cell3857	1	3	13	12
Cell3858	1	14	2	10
Cell3859	1	8	16	3
Cell3860	1	1	10	16
Cell3861	1	12	4	2
Cell3862	1	3	13	12
Cell3863	1	3	13	12
Cell3864	1	2	7	1
Cell3865	1	5	8	14
Cell3866	1	6	12	7
Cell3867	1	9	3	6
Cell3868	1	1	10	16
Cell3869	1	6	12	7
Cell3870	1	11	11	8
Cell3871	1	5	8	14
Cell3873	1	11	11	8
Cell3874	1	8	16	3
Cell3875	1	4	15	5
Cell3876	1	8	16	3
Cell3877	1	14	2	10
Cell3878	1	14	2	10
Cell3879	1	8	16	3
Cell3880	1	16	6	9
Cell3881	1	5	8	14
Cell3882	1	16	5	9
Cell3883	1	1	10	16
Cell3884	1	5	8	14
Cell3885	1	12	4	2
Cell3886	1	16	6	9
Cell3887	1	2	7	1
Cell3888	1	3	13	12
Cell3889	1	16	5	9
Cell3890	1	1	10	16
Cell3891	1	14	2	10
Cell3892	1	4	15	5
Cell3893	1	6	12	7
Cell3894	1	1	10	16
Cell3895	1	10	9	11
Cell3896	1	16	5	9
Cell3897	1	7	12	13
Cell3898	1	2	7	1
Cell3899	1	8	16	3
Cell3900	1	6	12	7
Cell3901	1	7	12	13
Cell3902	1	10	9	11
Cell3903	1	1	10	16
Cell3904	1	3	13	12
Cell3905	1	3	13	12
Cell3906	1	2	7	1
Cell3907	1	13	13	4
Cell3908	1	16	6	9
Cell3909	1	4	15	5
Cell3910	1	15	14	15
Cell3911	1	12	4	2
Cell3912	1	6	12	7
Cell3913	1	11	1	15
Cell3914	1	8	16	3
Cell3915	1	9	3	6
Cell3916	1	3	13	12
Cell3918	1	5	8	14
Cell3919	1	5	8	14
Cell3920	1	7	12	13
Cell3921	1	11	11	8
Cell3922	1	9	3	6
Cell3923	1	7	12	13
Cell3924	1	2	7	1
Cell3925	1	1	10	16
Cell3926	1	8	16	3
Cell3927	1	14	2	10
Cell3928	1	9	3	6
Cell3929	1	13	13	4
Cell3930	1	1	10	16
Cell3931	1	5	8	14
Cell3932	1	2	7	1
Cell3933	1	2	7	1
Cell3934	1	9	3	6
Cell3935	1	1	10	16
Cell3936	1	11	11	11
Cell3937	1	4	15	5
Cell3938	1	16	5	9
Cell3940	1	10	9	11
Cell3941	1	12	4	2
Cell3942	1	10	9	11
Cell3943	1	16	6	9
Cell3944	1	2	7	1
Cell3945	1	12	4	2
Cell3946	1	12	4	2
Cell3947	1	3	13	12
Cell3948	1	4	15	5
Cell3949	1	6	12	7
Cell3951	1	9	3	6
Cell3952	1	8	16	3
Cell3953	1	12	4	2
Cell3954	1	16	5	9
Cell3955	1	1	10	16
Cell3956	1	16	5	9
Cell3957	1	6	12	7
Cell3958	1	5	8	14
Cell3959	1	11	1	8
Cell3960	1	4	15	5
Cell3961	1	4	15	5
Cell3962	1	12	4	2
Cell3963	1	6	12	7
Cell3964	1	7	12	13
Cell3965	1	6	12	7
Cell3966	1	8	16	3
Cell3967	1	8	16	3
Cell3968	1	3	13	12
Cell3969	1	12	4	2
Cell3971	1	7	12	13
Cell3972	1	4	15	5
Cell3973	1	2	7	1
Cell3974	1	6	12	7
Cell3976	1	10	9	11
Cell3977	1	8	16	3
Cell3978	1	7	12	13
Cell3979	1	14	2	10
Cell3980	1	15	14	15
Cell3982	1	8	16	3
Cell3983	1	2	7	1
Cell3984	1	4	15	5
Cell3985	1	8	16	3
Cell3986	1	15	14	15
Cell3987	1	2	7	1
Cell3988	1	7	12	13
Cell3989	1	13	13	4
Cell3990	1	13	13	4
Cell3991	1	12	4	2
Cell3992	1	11	11	8
Cell3993	1	13	13	4
Cell3994	1	1	10	15
Cell3995	1	3	13	12
Cell3996	1	12	4	2
Cell3997	1	7	12	13
Cell3998	1	6	12	7
Cell3999	1	13	13	4
Cell4000	1	10	9	11
Cell4001	1	5	8	14
Cell4002	1	14	2	10
Cell4003	1	12	4	2
Cell4004	1	11	11	8
Cell4005	1	12	4	2
Cell4006	1	7	12	13
Cell4007	1	4	15	5
Cell4008	1	8	16	3
Cell4009	1	15	14	15
Cell4010	1	5	8	14
Cell4012	1	1	10	16
Cell4014	1	7	12	13
Cell4015	1	10	9	11
Cell4016	1	2	7	1
Cell4017	1	12	4	2
Cell4018	1	9	3	6
Cell4019	1	11	11	8
Cell4020	1	9	3	6
Cell4021	1	10	9	11
Cell4023	1	16	5	9
Cell4024	1	11	1	8
Cell4025	1	1	10	16
Cell4026	1	6	12	7
Cell4027	1	12	4	2
Cell4028	1	6	12	7
Cell4029	1	7	12	13
Cell4030	1	12	4	2
Cell4031	1	5	8	14
Cell4032	1	11	1	8
Cell4033	1	6	12	7
Cell4034	1	5	8	14
Cell4035	1	3	13	12
Cell4036	1	15	14	15
Cell4037	1	11	11	8
Cell4038	1	1	10	16
Cell4039	1	9	3	6
Cell4040	1	6	12	7
Cell4041	1	15	14	15
Cell4042	1	9	3	6
Cell4043	1	9	3	6
Cell4044	1	15	14	15
Cell4045	1	8	16	3
Cell4046	1	15	14	15
Cell4047	1	14	2	10
Cell4048	1	11	1	8
Cell4049	1	1	10	16
Cell4050	1	7	12	13
Cell4051	1	6	12	7
Cell4052	1	11	11	8
Cell4053	1	13	13	4
Cell4054	1	16	6	9
Cell4055	1	6	12	7
Cell4056	1	3	13	12
Cell4057	1	13	13	4
Cell4058	1	12	4	2
Cell4059	1	15	14	15
Cell4060	1	8	16	3
Cell4061	1	5	8	14
Cell4062	1	12	4	2
Cell4063	1	6	12	7
Cell4064	1	15	14	15
Cell4065	1	11	1	8
Cell4066	1	4	15	5
Cell4067	1	3	13	12
Cell4068	1	5	8	14
Cell4069	1	5	8	14
Cell4070	1	3	13	12
Cell4071	1	16	6	9
Cell4072	1	2	7	1
Cell4073	1	3	13	12
Cell4074	1	10	9	11
Cell4076	1	3	13	12
Cell4077	1	6	12	7
Cell4078	1	14	2	10
Cell4079	1	14	2	10
Cell4080	1	2	7	1
Cell4081	1	12	4	2
Cell4082	1	16	5	9
Cell4083	1	15	14	15
Cell4084	1	7	12	13
Cell4085	1	13	13	4
Cell4086	1	6	12	7
Cell4087	1	10	9	11
Cell4088	1	2	7	1
Cell4090	1	3	13	12
Cell4091	1	9	3	6
Cell4092	1	8	16	3
Cell4093	1	7	12	13
Cell4094	1	9	3	6
Cell4095	1	10	9	11
Cell4096	1	11	1	8
Cell4097	1	2	7	1
Cell4098	1	13	13	4
Cell4099	1	5	8	14
Cell4100	1	4	15	5
Cell4101	1	2	7	1
Cell4102	1	3	13	12
Cell4103	1	3	13	12
Cell4104	1	4	15	5
Cell4105	1	13	13	4
Cell4106	1	16	5	9
Cell4107	1	16	5	9
Cell4108	1	6	12	7
Cell4109	1	15	14	15
Cell4110	1	7	12	13
Cell4111	1	10	9	11
Cell4112	1	13	13	4
Cell4113	1	9	3	6
Cell4114	1	2	7	1
Cell4115	1	2	7	1
Cell4116	1	15	14	15
Cell4117	1	6	12	7
Cell4118	1	1	10	16
Cell4119	1	7	12	13
Cell4120	1	4	15	5
Cell4121	1	13	13	4
Cell4122	1	9	3	6
Cell4124	1	2	7	1
Cell4125	1	10	9	11
Cell4126	1	7	12	13
Cell4128	1	9	3	6
Cell4129	1	12	4	2
Cell4130	1	13	13	4
Cell4131	1	14	2	10
Cell4132	1	7	12	13
Cell4133	1	4	15	5
Cell4134	1	9	3	6
Cell4135	1	15	14	15
Cell4136	1	1	10	16
Cell4137	1	12	4	2
Cell4138	1	10	9	11
Cell4139	1	11	1	8
Cell4140	1	5	8	14
Cell4141	1	13	13	4
Cell4142	1	13	13	4
Cell4143	1	13	13	4
Cell4144	1	1	10	15
Cell4145	1	9	3	6
Cell4146	1	13	13	4
Cell4147	1	5	8	14
Cell4148	1	4	15	5
Cell4149	1	14	2	10
Cell4150	1	11	11	8
Cell4151	1	7	12	13
Cell4152	1	6	12	7
Cell4153	1	7	12	13
Cell4154	1	6	12	7
Cell4155	1	2	7	1
Cell4156	1	15	14	15
Cell4157	1	5	8	14
Cell4158	1	14	2	10
Cell4159	1	10	9	11
Cell4161	1	12	4	2
Cell4162	1	3	13	12
Cell4163	1	16	5	9
Cell4164	1	10	9	11
Cell4165	1	15	14	15
Cell4166	1	13	13	4
Cell4167	1	14	2	10
Cell4168	1	8	16	3
Cell4169	1	1	10	16
Cell4170	1	5	8	14
Cell4171	1	15	14	15
Cell4172	1	3	13	12
Cell4173	1	10	9	11
Cell4174	1	1	10	16
Cell4175	1	2	7	1
Cell4176	1	14	2	10
Cell4177	1	16	5	9
Cell4178	1	4	15	5
Cell4179	1	12	4	2
Cell4180	1	1	10	16
Cell4181	1	13	13	4
Cell4182	1	7	12	13
Cell4183	1	6	12	7
Cell4184	1	8	16	3
Cell4185	1	8	16	3
Cell4186	1	10	9	11
Cell4187	1	6	12	7
Cell4188	1	5	8	14
Cell4189	1	9	3	6
Cell4190	1	6	12	7
Cell4191	1	3	13	12
Cell4192	1	2	7	1
Cell4193	1	13	13	4
Cell4195	1	12	4	2
Cell4196	1	13	13	4
Cell4198	1	11	11	8
Cell4199	1	7	12	13
Cell4200	1	11	11	8
Cell4201	1	1	10	16
Cell4202	1	1	10	15
Cell4203	1	3	13	12
Cell4204	1	5	8	14
Cell4205	1	8	16	3
Cell4206	1	13	13	4
Cell4207	1	7	12	13
Cell4208	1	11	1	8
Cell4209	1	7	12	13
Cell4210	1	15	14	15
Cell4211	1	13	13	4
Cell4212	1	13	13	4
Cell4213	1	12	4	2
Cell4214	1	14	2	10
Cell4215	1	11	11	8
Cell4216	1	7	12	13
Cell4217	1	3	13	12
Cell4218	1	14	2	10
Cell4219	1	2	7	1
Cell4220	1	4	15	5
Cell4221	1	5	8	14
Cell4222	1	6	12	7
Cell4223	1	15	14	15
Cell4224	1	12	4	2
Cell4225	1	3	13	12
Cell4226	1	10	9	11
Cell4227	1	9	3	6
Cell4228	1	9	3	6
Cell4230	1	1	10	16
Cell4231	1	2	7	1
Cell4232	1	1	10	16
Cell4233	1	12	4	2
Cell4234	1	13	13	4
Cell4235	1	15	14	15
Cell4236	1	8	16	3
Cell4237	1	5	8	14
Cell4238	1	9	3	6
Cell4239	1	7	12	13
Cell4240	1	5	8	14
Cell4241	1	8	16	3
Cell4242	1	7	12	13
Cell4243	1	11	11	8
Cell4244	1	8	16	3
Cell4245	1	12	4	2
Cell4246	1	1	10	16
Cell4247	1	7	12	13
Cell4248	1	9	3	6
Cell4249	1	6	12	7
Cell4250	1	2	7	1
Cell4251	1	3	13	12
Cell4252	1	6	12	7
Cell4253	1	15	14	15
Cell4254	1	12	4	2
Cell4255	1	1	10	16
Cell4256	1	3	13	12
Cell4258	1	7	12	13
Cell4259	1	11	11	8
Cell4260	1	12	4	2
Cell4261	1	1	10	16
Cell4262	1	11	11	8
Cell4263	1	10	9	11
Cell4264	1	5	8	14
Cell4265	1	4	15	5
Cell4266	1	8	16	3
Cell4267	1	13	13	4
Cell4268	1	1	10	16
Cell4270	1	8	16	3
Cell4271	1	15	14	15
Cell4272	1	4	15	5
Cell4273	1	7	12	13
Cell4275	1	16	6	9
Cell4276	1	12	4	2
Cell4277	1	15	14	15
Cell4278	1	3	13	12
Cell4279	1	7	12	13
Cell4280	1	10	9	11
Cell4281	1	14	2	10
Cell4282	1	4	15	5
Cell4283	1	5	8	14
Cell4284	1	9	3	6
Cell4285	1	12	4	2
Cell4286	1	9	3	6
Cell4287	1	6	12	7
Cell4288	1	15	14	15
Cell4289	1	15	14	15
Cell4290	1	16	5	9
Cell4291	1	2	7	1
Cell4292	1	10	9	11
Cell4293	1	16	6	9
Cell4294	1	15	14	15
Cell4295	1	13	13	4
Cell4296	1	8	16	3
Cell4297	1	8	16	3
Cell4298	1	5	8	14
Cell4299	1	13	13	4
Cell4300	1	11	11	8
Cell4301	1	10	9	11
Cell4302	1	12	4	2
Cell4303	1	5	8	14
Cell4304	1	16	5	9
Cell4305	1	16	6	9
Cell4306	1	3	13	12
Cell4307	1	15	14	15
Cell4308	1	6	12	7
Cell4309	1	6	12	7
Cell4310	1	16	6	9
Cell4311	1	14	2	10
Cell4313	1	16	6	9
Cell4314	1	11	1	8
Cell4315	1	11	11	8
Cell4316	1	6	12	7
Cell4317	1	10	9	11
Cell4318	1	9	3	6
Cell4319	1	11	11	8
Cell4320	1	14	2	10
Cell4321	1	4	15	5
Cell4322	1	6	12	7
Cell4323	1	15	14	15
Cell4324	1	14	2	10
Cell4325	1	6	12	7
Cell4326	1	8	16	3
Cell4327	1	7	12	13
Cell4328	1	16	6	9
Cell4329	1	9	3	6
Cell4330	1	16	6	9
Cell4331	1	11	11	8
Cell4332	1	15	14	15
Cell4333	1	13	13	4
Cell4335	1	6	12	7
Cell4336	1	14	2	2
Cell4337	1	6	12	7
Cell4338	1	6	12	7
Cell4339	1	12	4	2
Cell4340	1	5	8	14
Cell4341	1	2	7	1
Cell4342	1	15	14	15
Cell4343	1	9	3	6
Cell4344	1	3	13	12
Cell4345	1	12	4	2
Cell4346	1	10	9	11
Cell4347	1	2	7	1
Cell4348	1	5	8	14
Cell4349	1	4	15	5
Cell4350	1	3	13	12
Cell4351	1	2	7	1
Cell4352	1	7	12	13
Cell4353	1	4	15	5
Cell4354	1	14	2	10
Cell4355	1	1	10	16
Cell4356	1	13	13	4
Cell4357	1	6	12	11
Cell4358	1	8	16	3
Cell4359	1	10	9	11
Cell4360	1	8	16	3
Cell4361	1	9	3	6
Cell4362	1	14	2	10
Cell4363	1	11	11	8
Cell4364	1	6	12	7
Cell4365	1	8	16	3
Cell4366	1	11	11	8
Cell4367	1	5	8	14
Cell4368	1	6	12	7
Cell4369	1	5	8	14
Cell4370	1	2	7	1
Cell4371	1	1	10	16
Cell4372	1	9	3	6
Cell4373	1	9	3	6
Cell4374	1	4	15	5
Cell4375	1	4	15	5
Cell4376	1	14	2	10
Cell4377	1	12	4	2
Cell4378	1	7	12	13
Cell4379	1	4	15	5
Cell4380	1	1	10	16
Cell4381	1	11	11	8
Cell4382	1	1	10	16
Cell4383	1	12	4	2
Cell4384	1	15	14	15
Cell4385	1	1	10	16
Cell4386	1	15	14	15
Cell4387	1	14	2	10
Cell4388	1	5	8	14
Cell4389	1	6	12	7
Cell4390	1	14	2	10
Cell4391	1	4	15	5
Cell4392	1	1	10	16
Cell4393	1	1	10	16
Cell4394	1	14	2	10
Cell4395	1	3	13	12
Cell4396	1	10	9	15
Cell4397	1	11	1	15
Cell4398	1	13	13	4
Cell4399	1	12	4	2
Cell4400	1	12	4	2
Cell4401	1	14	2	10
Cell4402	1	4	15	5
Cell4403	1	9	3	6
Cell4404	1	3	13	12
Cell4405	1	7	12	13
Cell4406	1	6	12	7
Cell4407	1	4	15	5
Cell4408	1	14	2	10
Cell4409	1	10	9	11
Cell4410	1	6	12	7
Cell4411	1	16	5	9
Cell4412	1	6	12	7
Cell4413	1	12	4	2
Cell4414	1	4	15	5
Cell4415	1	4	15	5
Cell4416	1	11	11	8
Cell4417	1	11	1	8
Cell4418	1	1	10	16
Cell4419	1	2	7	1
Cell4420	1	1	10	16
Cell4421	1	6	12	7
Cell4422	1	3	13	12
Cell4423	1	5	8	14
Cell4424	1	11	1	8
Cell4425	1	10	9	11
Cell4427	1	1	10	16
Cell4428	1	6	12	7
Cell4429	1	15	14	15
Cell4430	1	5	8	14
Cell4431	1	5	8	14
Cell4432	1	11	1	8
Cell4433	1	9	3	6
Cell4434	1	4	15	5
Cell4435	1	8	16	3
Cell4436	1	1	10	16
Cell4437	1	1	10	16
Cell4438	1	16	5	9
Cell4439	1	4	15	5
Cell4440	1	11	1	8
Cell4441	1	2	7	1
Cell4442	1	11	1	15
Cell4443	1	7	12	13
Cell4444	1	12	4	2
Cell4445	1	5	8	14
Cell4446	1	8	16	3
Cell4447	1	1	10	16
Cell4448	1	1	10	16
Cell4449	1	14	2	10
Cell4451	1	6	12	7
Cell4452	1	3	13	12
Cell4453	1	5	8	14
Cell4454	1	9	3	6
Cell4455	1	5	8	14
Cell4456	1	5	8	14
Cell4457	1	12	4	2
Cell4458	1	9	3	6
Cell4459	1	2	7	1
Cell4460	1	10	9	11
Cell4461	1	8	16	3
Cell4462	1	2	7	1
Cell4463	1	14	2	10
Cell4465	1	6	12	7
Cell4466	1	2	7	1
Cell4467	1	15	14	15
Cell4468	1	5	8	14
Cell4469	1	10	9	11
Cell4470	1	4	15	5
Cell4471	1	10	9	15
Cell4472	1	5	8	14
Cell4473	1	4	15	5
Cell4474	1	4	15	5
Cell4475	1	13	13	4
Cell4476	1	3	13	12
Cell4478	1	1	10	16
Cell4479	1	13	13	4
Cell4480	1	5	8	14
Cell4481	1	14	2	10
Cell4482	1	9	3	6
Cell4483	1	5	8	14
Cell4485	1	13	13	4
Cell4487	1	8	16	3
Cell4488	1	13	13	4
Cell4489	1	10	9	11
Cell4491	1	6	12	7
Cell4492	1	1	10	16
Cell4493	1	4	15	5
Cell4494	1	9	3	6
Cell4495	1	11	11	8
Cell4496	1	8	16	3
Cell4497	1	10	9	11
Cell4498	1	3	13	12
Cell4499	1	10	9	11
Cell4500	1	5	8	14
Cell4501	1	1	10	16
Cell4502	1	9	3	6
Cell4503	1	14	2	10
Cell4504	1	3	13	12
Cell4505	1	5	8	14
Cell4506	1	11	11	8
Cell4507	1	11	1	8
Cell4508	1	4	15	5
Cell4509	1	1	10	16
Cell4510	1	9	3	6
Cell4511	1	11	1	8
Cell4513	1	11	11	8
Cell4514	1	2	7	1
Cell4515	1	11	11	8
Cell4516	1	15	14	15
Cell4517	1	12	4	2
Cell4518	1	1	10	16
Cell4519	1	8	16	3
Cell4520	1	8	16	3
Cell4521	1	14	2	10
Cell4522	1	4	15	5
Cell4523	1	3	13	12
Cell4524	1	1	10	16
Cell4525	1	14	2	10
Cell4526	1	4	15	5
Cell4527	1	12	4	2
Cell4528	1	12	4	2
Cell4529	1	3	13	12
Cell4530	1	15	14	15
Cell4531	1	8	16	3
Cell4532	1	10	9	11
Cell4533	1	9	3	6
Cell4534	1	5	8	14
Cell4535	1	9	3	6
Cell4536	1	14	2	10
Cell4538	1	13	13	4
Cell4539	1	11	1	8
Cell4540	1	12	4	2
Cell4542	1	4	15	5
Cell4543	1	10	9	11
Cell4544	1	5	8	14
Cell4545	1	1	10	16
Cell4546	1	1	10	16
Cell4547	1	6	12	7
Cell4548	1	16	6	9
Cell4549	1	6	12	7
Cell4550	1	3	13	12
Cell4551	1	15	14	11
Cell4552	1	16	6	9
Cell4553	1	6	12	7
Cell4554	1	9	3	6
Cell4555	1	7	12	13
Cell4556	1	6	12	7
Cell4557	1	7	12	13
Cell4558	1	13	13	4
Cell4559	1	1	10	16
Cell4560	1	8	16	3
Cell4561	1	13	13	4
Cell4562	1	7	12	13
Cell4563	1	7	12	13
Cell4564	1	9	3	6
Cell4566	1	5	8	14
Cell4567	1	14	2	10
Cell4568	1	1	10	16
Cell4569	1	1	10	16
Cell4570	1	12	4	2
Cell4571	1	16	6	9
Cell4572	1	8	16	3
Cell4573	1	7	12	13
Cell4574	1	14	2	10
Cell4575	1	12	4	2
Cell4576	1	4	15	5
Cell4577	1	3	13	12
Cell4578	1	15	14	15
Cell4579	1	14	2	10
Cell4580	1	15	14	15
Cell4581	1	8	16	3
Cell4582	1	4	15	5
Cell4583	1	16	5	9
Cell4584	1	2	7	1
Cell4585	1	1	10	16
Cell4586	1	11	1	8
Cell4587	1	12	4	2
Cell4588	1	15	14	15
Cell4589	1	6	12	7
Cell4590	1	6	12	7
Cell4591	1	5	8	14
Cell4592	1	11	11	8
Cell4593	1	5	8	14
Cell4594	1	4	15	5
Cell4595	1	16	5	9
Cell4596	1	9	3	6
Cell4597	1	11	1	8
Cell4598	1	13	13	4
Cell4599	1	5	8	14
Cell4600	1	8	16	3
Cell4601	1	9	3	6
Cell4602	1	10	9	11
Cell4603	1	4	15	5
Cell4604	1	1	10	16
Cell4605	1	15	14	15
Cell4606	1	12	4	2
Cell4607	1	9	3	6
Cell4608	1	16	5	9
Cell4609	1	1	10	16
Cell4610	1	14	2	10
Cell4611	1	12	4	2
Cell4612	1	15	14	15
Cell4613	1	6	12	7
Cell4614	1	15	14	15
Cell4615	1	16	5	9
Cell4616	1	16	5	9
Cell4617	1	9	3	6
Cell4618	1	9	3	6
Cell4619	1	4	15	5
Cell4620	1	4	15	5
Cell4621	1	5	8	14
Cell4622	1	6	12	7
Cell4623	1	12	4	2
Cell4624	1	16	6	9
Cell4625	1	12	4	2
Cell4626	1	15	14	15
Cell4627	1	4	15	5
Cell4628	1	11	1	8
Cell4629	1	3	13	12
Cell4630	1	15	14	15
Cell4631	1	2	7	1
Cell4632	1	13	13	4
Cell4633	1	6	12	7
Cell4634	1	5	8	14
Cell4635	1	12	4	2
Cell4636	1	11	1	8
Cell4637	1	6	12	7
Cell4638	1	3	13	12
Cell4639	1	1	10	15
Cell4640	1	3	13	12
Cell4641	1	1	10	16
Cell4643	1	8	16	3
Cell4644	1	3	13	12
Cell4645	1	9	3	6
Cell4646	1	11	11	8
Cell4647	1	10	9	11
Cell4648	1	8	16	3
Cell4649	1	11	1	8
Cell4650	1	15	14	15
Cell4651	1	3	13	12
Cell4652	1	16	6	9
Cell4653	1	10	9	11
Cell4654	1	3	13	12
Cell4655	1	10	9	11
Cell4657	1	3	13	12
Cell4658	1	14	2	10
Cell4659	1	9	3	6
Cell4660	1	2	7	1
Cell4661	1	9	3	6
Cell4662	1	11	11	8
Cell4663	1	4	15	5
Cell4664	1	4	15	5
Cell4665	1	8	16	3
Cell4666	1	5	8	14
Cell4667	1	13	13	4
Cell4668	1	6	12	7
Cell4669	1	12	4	2
Cell4670	1	9	3	6
Cell4671	1	12	4	2
Cell4672	1	9	3	6
Cell4673	1	15	14	15
Cell4674	1	2	7	1
Cell4675	1	6	12	7
Cell4676	1	11	11	8
Cell4678	1	12	4	2
Cell4679	1	13	13	4
Cell4680	1	4	15	5
Cell4681	1	6	12	7
Cell4682	1	11	11	8
Cell4683	1	8	16	3
Cell4684	1	16	6	9
Cell4685	1	7	12	13
Cell4686	1	11	11	8
Cell4687	1	10	9	11
Cell4688	1	15	14	15
Cell4689	1	4	15	5
Cell4690	1	1	10	16
Cell4691	1	6	12	7
Cell4692	1	12	4	2
Cell4693	1	14	2	10
Cell4694	1	9	3	6
Cell4695	1	3	13	12
Cell4696	1	10	9	11
Cell4697	1	5	8	14
Cell4698	1	15	14	15
Cell4699	1	7	12	13
Cell4700	1	12	4	2
Cell4701	1	13	13	4
Cell4703	1	10	9	15
Cell4704	1	5	8	14
Cell4705	1	4	15	5
Cell4706	1	14	2	10
Cell4707	1	7	12	13
Cell4708	1	2	7	1
Cell4709	1	4	15	5
Cell4710	1	8	16	3
Cell4711	1	4	15	5
Cell4712	1	16	6	9
Cell4713	1	11	11	8
Cell4714	1	13	13	4
Cell4715	1	15	14	15
Cell4716	1	10	9	11
Cell4718	1	15	14	15
Cell4719	1	6	12	7
Cell4720	1	16	6	9
Cell4721	1	13	13	4
Cell4722	1	10	9	11
Cell4723	1	11	11	8
Cell4724	1	15	14	15
Cell4726	1	1	10	16
Cell4727	1	3	13	12
Cell4728	1	14	2	10
Cell4729	1	14	2	10
Cell4730	1	4	15	5
Cell4731	1	7	12	13
Cell4732	1	6	12	7
Cell4733	1	13	13	4
Cell4734	1	5	8	14
Cell4735	1	9	3	6
Cell4736	1	8	16	3
Cell4737	1	1	10	16
Cell4738	1	15	14	15
Cell4739	1	11	11	8
Cell4740	1	5	8	14
Cell4742	1	11	11	8
Cell4743	1	12	4	2
Cell4745	1	15	14	15
Cell4746	1	12	4	2
Cell4747	1	2	7	1
Cell4748	1	9	3	6
Cell4749	1	3	13	12
Cell4750	1	6	12	7
Cell4751	1	11	1	15
Cell4752	1	15	14	15
Cell4753	1	16	6	9
Cell4754	1	3	13	12
Cell4755	1	5	8	14
Cell4756	1	13	13	4
Cell4757	1	8	16	3
Cell4758	1	12	4	2
Cell4760	1	7	12	13
Cell4761	1	13	13	4
Cell4762	1	2	7	1
Cell4763	1	6	12	7
Cell4764	1	2	7	1
Cell4765	1	4	15	5
Cell4766	1	9	3	6
Cell4767	1	12	4	2
Cell4768	1	9	3	6
Cell4769	1	5	8	14
Cell4770	1	10	9	11
Cell4771	1	13	13	4
Cell4772	1	9	3	6
Cell4773	1	9	3	6
Cell4774	1	16	5	9
Cell4775	1	10	9	11
Cell4776	1	14	2	10
Cell4777	1	11	1	8
Cell4778	1	8	16	3
Cell4779	1	15	14	15
Cell4780	1	4	15	5
Cell4781	1	2	7	1
Cell4782	1	16	5	9
Cell4783	1	13	13	4
Cell4784	1	5	8	14
Cell4785	1	6	12	7
Cell4786	1	5	8	14
Cell4787	1	1	10	16
Cell4788	1	7	12	13
Cell4789	1	7	12	13
Cell4790	1	2	7	1
Cell4792	1	1	10	16
Cell4793	1	14	2	10
Cell4794	1	11	11	8
Cell4795	1	9	3	6
Cell4796	1	15	14	15
Cell4797	1	10	9	11
Cell4798	1	13	13	4
Cell4799	1	13	13	4
Cell4800	1	9	3	6
Cell4802	1	4	15	5
Cell4803	1	2	7	1
Cell4804	1	1	10	16
Cell4805	1	1	10	16
Cell4807	1	2	7	1
Cell4808	1	16	5	9
Cell4810	1	11	11	8
Cell4811	1	2	7	1
Cell4812	1	14	2	10
Cell4813	1	6	12	7
Cell4814	1	12	4	2
Cell4815	1	12	4	2
Cell4816	1	10	9	11
Cell4817	1	8	16	3
Cell4818	1	5	8	14
Cell4819	1	16	5	9
Cell4820	1	5	8	14
Cell4821	1	1	10	16
Cell4822	1	8	16	3
Cell4823	1	5	8	14
Cell4824	1	3	13	12
Cell4826	1	8	16	3
Cell4827	1	9	3	6
Cell4828	1	5	8	14
Cell4829	1	4	15	5
Cell4830	1	3	13	12
Cell4831	1	7	12	13
Cell4832	1	8	16	3
Cell4833	1	3	13	12
Cell4834	1	6	12	7
Cell4835	1	4	15	5
Cell4836	1	2	7	1
Cell4837	1	1	10	16
Cell4838	1	4	15	5
Cell4839	1	15	14	15
Cell4840	1	12	4	2
Cell4841	1	9	3	6
Cell4842	1	5	8	14
Cell4843	1	10	9	11
Cell4844	1	10	9	11
Cell4845	1	13	13	4
Cell4846	1	11	1	11
Cell4847	1	5	8	14
Cell4848	1	6	12	7
Cell4849	1	8	16	3
Cell4850	1	3	13	12
Cell4851	1	5	8	14
Cell4852	1	13	13	4
Cell4853	1	9	3	6
Cell4854	1	14	2	10
Cell4855	1	13	13	4
Cell4856	1	4	15	5
Cell4857	1	8	16	3
Cell4858	1	8	16	3
Cell4859	1	9	3	6
Cell4860	1	5	8	14
Cell4861	1	14	2	10
Cell4862	1	6	12	7
Cell4863	1	13	13	4
Cell4864	1	15	14	15
Cell4865	1	5	8	14
Cell4866	1	4	15	5
Cell4867	1	14	2	10
Cell4868	1	7	12	13
Cell4869	1	4	15	5
Cell4870	1	15	14	15
Cell4871	1	10	9	11
Cell4872	1	1	10	16
Cell4873	1	1	10	16
Cell4874	1	11	11	8
Cell4875	1	7	12	13
Cell4876	1	5	8	14
Cell4877	1	4	15	5
Cell4878	1	12	4	2
Cell4879	1	12	4	2
Cell4880	1	14	2	10
Cell4881	1	2	7	1
Cell4882	1	7	12	13
Cell4883	1	7	12	13
Cell4884	1	3	13	12
Cell4885	1	11	1	8
Cell4886	1	3	13	12
Cell4887	1	4	15	5
Cell4888	1	16	6	9
Cell4889	1	11	11	8
Cell4890	1	15	14	15
Cell4891	1	8	16	3
Cell4892	1	11	1	8
Cell4893	1	6	12	7
Cell4894	1	11	1	8
Cell4895	1	1	10	16
Cell4897	1	14	2	10
Cell4898	1	4	15	5
Cell4899	1	2	7	1
Cell4900	1	11	11	8
Cell4901	1	12	4	2
Cell4902	1	13	13	4
Cell4903	1	16	5	9
Cell4904	1	12	4	2
Cell4905	1	15	14	15
Cell4906	1	11	11	8
Cell4907	1	1	10	16
Cell4909	1	6	12	7
Cell4911	1	8	16	3
Cell4912	1	6	12	7
Cell4913	1	10	9	11
Cell4914	1	13	13	4
Cell4915	1	13	13	4
Cell4916	1	2	7	1
Cell4917	1	3	13	12
Cell4918	1	4	15	5
Cell4919	1	16	5	9
Cell4920	1	14	2	10
Cell4921	1	3	13	12
Cell4922	1	3	13	12
Cell4923	1	8	16	3
Cell4924	1	2	7	1
Cell4925	1	4	15	5
Cell4926	1	6	12	7
Cell4927	1	11	1	8
Cell4928	1	2	7	1
Cell4929	1	10	9	11
Cell4930	1	10	9	11
Cell4931	1	8	16	3
Cell4932	1	10	9	11
Cell4933	1	12	4	2
Cell4934	1	12	4	2
Cell4935	1	5	8	14
Cell4936	1	8	16	3
Cell4937	1	15	14	15
Cell4938	1	10	9	11
Cell4939	1	16	5	9
Cell4940	1	10	9	11
Cell4941	1	6	12	7
Cell4942	1	14	2	10
Cell4943	1	9	3	6
Cell4944	1	5	8	14
Cell4945	1	8	16	3
Cell4946	1	6	12	7
Cell4947	1	4	15	5
Cell4948	1	14	2	10
Cell4949	1	13	13	4
Cell4950	1	11	1	8
Cell4951	1	9	3	6
Cell4952	1	16	5	9
Cell4953	1	15	14	15
Cell4954	1	11	11	8
Cell4955	1	9	3	6
Cell4956	1	4	15	5
Cell4957	1	3	13	12
Cell4958	1	16	6	9
Cell4959	1	2	7	1
Cell4960	1	10	9	11
Cell4961	1	14	2	10
Cell4962	1	1	10	16
Cell4963	1	1	10	16
Cell4964	1	16	6	9
Cell4965	1	10	9	11
Cell4966	1	16	5	9
Cell4967	1	11	1	8
Cell4968	1	15	14	15
Cell4970	1	9	3	6
Cell4971	1	9	3	6
Cell4972	1	8	16	3
Cell4973	1	11	11	8
Cell4974	1	3	13	12
Cell4975	1	5	8	14
Cell4976	1	9	3	6
Cell4977	1	12	4	2
Cell4978	1	10	9	11
Cell4979	1	11	11	8
Cell4980	1	1	10	16
Cell4981	1	14	2	10
Cell4982	1	12	4	2
Cell4983	1	4	15	5
Cell4984	1	3	13	12
Cell4985	1	13	13	4
Cell4986	1	16	5	9
Cell4987	1	2	7	1
Cell4988	1	5	8	14
Cell4989	1	2	7	1
Cell4990	1	10	9	11
Cell4991	1	4	15	5
Cell4992	1	3	13	12
Cell4993	1	4	15	5
Cell4994	1	8	16	3
Cell4996	1	4	15	5
Cell4997	1	16	6	9
Cell4998	1	1	10	16
Cell4999	1	8	16	3
Cell5000	1	3	13	12
