ID	did	seurat_cluster	kmeans_cluster	labels
Cell1	1	1	1	1
Cell2	1	1	1	1
Cell3	1	4	3	3
Cell4	1	4	3	3
Cell5	1	1	1	1
Cell6	1	3	3	3
Cell7	1	6	3	2
Cell8	1	2	4	4
Cell9	1	8	1	1
Cell10	1	5	2	4
Cell12	1	4	3	3
Cell13	1	3	3	3
Cell14	1	4	3	3
Cell15	1	6	3	2
Cell16	1	8	1	1
Cell17	1	1	1	1
Cell18	1	3	3	3
Cell19	1	4	3	3
Cell21	1	4	3	3
Cell22	1	9	3	2
Cell23	1	2	4	4
Cell24	1	7	3	2
Cell25	1	6	3	2
Cell26	1	3	3	3
Cell27	1	2	2	4
Cell28	1	5	2	4
Cell29	1	3	3	3
Cell30	1	1	1	1
Cell31	1	3	3	3
Cell32	1	9	3	2
Cell33	1	7	3	2
Cell34	1	6	3	2
Cell35	1	4	3	3
Cell36	1	9	3	2
Cell37	1	1	1	1
Cell38	1	9	3	2
Cell39	1	4	3	3
Cell40	1	3	3	3
Cell41	1	1	1	1
Cell43	1	5	2	4
Cell44	1	8	1	1
Cell45	1	1	1	1
Cell46	1	3	3	3
Cell47	1	2	4	4
Cell48	1	1	1	1
Cell49	1	1	1	1
Cell50	1	2	4	4
Cell53	1	1	1	1
Cell54	1	1	1	1
Cell55	1	1	1	1
Cell56	1	7	3	2
Cell57	1	5	2	4
Cell58	1	2	4	4
Cell59	1	9	3	2
Cell60	1	5	2	4
Cell61	1	5	2	4
Cell62	1	4	3	3
Cell63	1	1	1	1
Cell65	1	7	3	2
Cell66	1	7	3	2
Cell67	1	1	1	1
Cell68	1	3	3	3
Cell69	1	6	3	2
Cell70	1	5	2	4
Cell71	1	3	3	3
Cell73	1	1	1	1
Cell74	1	2	2	4
Cell75	1	3	3	3
Cell76	1	5	2	4
Cell77	1	1	1	1
Cell78	1	2	2	4
Cell79	1	7	3	2
Cell80	1	9	3	2
Cell81	1	5	2	4
Cell82	1	8	1	1
Cell83	1	5	2	4
Cell84	1	3	3	3
Cell85	1	6	3	2
Cell87	1	2	4	4
Cell88	1	8	1	1
Cell89	1	5	2	4
Cell90	1	3	3	3
Cell91	1	1	1	1
Cell92	1	8	1	1
Cell93	1	2	4	4
Cell94	1	1	1	1
Cell95	1	2	4	4
Cell96	1	3	3	3
Cell97	1	1	1	1
Cell98	1	5	2	4
Cell99	1	7	3	2
Cell100	1	1	1	1
Cell101	1	1	1	1
Cell102	1	2	2	4
Cell103	1	7	3	2
Cell104	1	9	3	2
Cell105	1	8	1	1
Cell106	1	4	3	3
Cell107	1	6	3	2
Cell108	1	3	3	3
Cell109	1	4	3	3
Cell110	1	9	3	2
Cell111	1	4	3	3
Cell112	1	3	3	3
Cell114	1	7	3	2
Cell115	1	8	1	1
Cell117	1	3	3	3
Cell118	1	4	3	3
Cell119	1	1	1	1
Cell120	1	1	1	1
Cell121	1	6	3	2
Cell122	1	1	1	1
Cell123	1	3	3	3
Cell124	1	2	4	4
Cell125	1	2	4	4
Cell126	1	1	1	1
Cell127	1	5	2	4
Cell128	1	7	3	2
Cell129	1	5	2	4
Cell130	1	1	1	1
Cell131	1	1	1	1
Cell132	1	1	1	1
Cell133	1	4	3	3
Cell134	1	1	1	1
Cell135	1	5	2	4
Cell136	1	1	1	1
Cell137	1	8	1	1
Cell138	1	6	3	2
Cell139	1	7	3	2
Cell140	1	4	3	3
Cell141	1	3	3	3
Cell142	1	9	3	2
Cell143	1	7	3	2
Cell144	1	9	3	2
Cell146	1	6	3	2
Cell147	1	4	3	3
Cell148	1	8	1	1
Cell149	1	1	1	1
Cell150	1	6	3	2
Cell151	1	5	2	4
Cell152	1	8	1	1
Cell153	1	5	2	4
Cell154	1	3	3	3
Cell155	1	7	3	2
Cell156	1	3	3	3
Cell157	1	4	3	3
Cell158	1	4	3	3
Cell159	1	7	3	2
Cell160	1	2	4	4
Cell161	1	5	2	4
Cell163	1	3	3	3
Cell164	1	1	1	1
Cell165	1	3	3	3
Cell166	1	2	4	4
Cell167	1	9	3	2
Cell168	1	9	3	2
Cell169	1	2	4	4
Cell170	1	4	3	3
Cell171	1	5	2	4
Cell172	1	2	2	4
Cell173	1	7	3	2
Cell174	1	6	3	2
Cell176	1	1	1	1
Cell177	1	3	3	3
Cell178	1	2	4	4
Cell179	1	3	3	3
Cell180	1	4	3	3
Cell181	1	1	1	1
Cell182	1	1	1	1
Cell183	1	1	1	1
Cell184	1	7	3	2
Cell185	1	2	4	4
Cell186	1	5	2	4
Cell187	1	6	3	2
Cell188	1	6	3	2
Cell189	1	1	1	1
Cell190	1	7	3	2
Cell191	1	4	3	3
Cell192	1	8	1	1
Cell193	1	7	3	2
Cell194	1	1	1	1
Cell196	1	1	1	1
Cell197	1	2	4	4
Cell198	1	5	2	4
Cell199	1	5	2	4
Cell200	1	6	3	2
Cell201	1	8	1	1
Cell202	1	4	3	3
Cell203	1	6	3	2
Cell204	1	6	3	2
Cell205	1	8	1	1
Cell206	1	3	3	3
Cell207	1	6	3	2
Cell208	1	9	3	2
Cell209	1	8	1	1
Cell210	1	5	2	4
Cell211	1	1	1	1
Cell212	1	4	3	3
Cell213	1	3	3	3
Cell214	1	1	1	1
Cell215	1	4	3	3
Cell216	1	2	4	4
Cell217	1	2	4	4
Cell218	1	1	1	1
Cell219	1	6	3	2
Cell220	1	1	1	1
Cell221	1	4	3	3
Cell222	1	4	3	3
Cell223	1	3	3	3
Cell224	1	1	1	1
Cell225	1	6	3	2
Cell226	1	5	2	4
Cell227	1	7	3	2
Cell228	1	5	2	4
Cell229	1	9	3	2
Cell230	1	7	3	2
Cell231	1	9	3	2
Cell232	1	5	2	4
Cell233	1	4	3	3
Cell234	1	7	3	2
Cell235	1	1	1	1
Cell236	1	7	3	2
Cell237	1	3	3	3
Cell238	1	8	1	1
Cell239	1	7	3	2
Cell240	1	8	1	1
Cell241	1	4	3	3
Cell242	1	3	3	3
Cell243	1	2	2	4
Cell244	1	3	3	3
Cell245	1	5	2	4
Cell246	1	6	3	2
Cell247	1	2	4	4
Cell248	1	6	3	2
Cell249	1	3	3	3
Cell250	1	1	1	1
Cell251	1	7	3	2
Cell252	1	1	1	1
Cell253	1	1	1	1
Cell254	1	5	2	4
Cell255	1	9	3	2
Cell256	1	3	3	3
Cell257	1	3	3	3
Cell258	1	4	3	3
Cell259	1	2	4	4
Cell260	1	9	3	2
Cell261	1	3	3	3
Cell262	1	5	2	4
Cell263	1	2	4	4
Cell264	1	1	1	1
Cell265	1	2	4	4
Cell267	1	4	3	3
Cell268	1	1	1	1
Cell269	1	4	3	3
Cell270	1	3	3	3
Cell271	1	3	3	3
Cell272	1	2	2	4
Cell273	1	9	3	2
Cell274	1	8	1	1
Cell275	1	4	3	3
Cell276	1	3	3	3
Cell277	1	8	1	1
Cell278	1	2	2	4
Cell279	1	5	2	4
Cell280	1	1	1	1
Cell281	1	5	2	4
Cell283	1	2	4	4
Cell284	1	9	3	2
Cell285	1	2	2	4
Cell286	1	1	1	1
Cell287	1	1	1	1
Cell288	1	4	3	3
Cell289	1	5	2	4
Cell290	1	1	1	1
Cell292	1	5	2	4
Cell293	1	8	1	1
Cell294	1	1	1	1
Cell295	1	2	4	4
Cell297	1	6	3	2
Cell298	1	9	3	2
Cell299	1	9	3	2
Cell300	1	3	3	3
Cell301	1	1	1	1
Cell302	1	7	3	2
Cell303	1	4	3	3
Cell304	1	9	3	2
Cell305	1	6	3	2
Cell306	1	5	2	4
Cell307	1	1	1	1
Cell308	1	1	1	1
Cell309	1	2	4	4
Cell310	1	5	2	4
Cell311	1	6	3	2
Cell312	1	8	1	1
Cell313	1	5	2	4
Cell314	1	3	3	3
Cell315	1	2	4	4
Cell316	1	7	3	2
Cell317	1	2	4	4
Cell318	1	2	4	4
Cell319	1	4	3	3
Cell320	1	1	1	1
Cell321	1	6	3	2
Cell322	1	1	1	1
Cell323	1	8	1	1
Cell324	1	2	2	4
Cell325	1	1	1	1
Cell326	1	1	1	1
Cell327	1	1	1	1
Cell328	1	1	1	1
Cell329	1	6	3	2
Cell330	1	2	4	4
Cell331	1	8	1	1
Cell332	1	5	2	4
Cell333	1	8	1	1
Cell334	1	5	2	4
Cell335	1	2	2	4
Cell336	1	8	1	1
Cell338	1	1	1	1
Cell339	1	4	3	3
Cell340	1	1	1	1
Cell341	1	8	1	1
Cell342	1	4	3	3
Cell343	1	2	4	4
Cell344	1	4	3	3
Cell345	1	8	1	1
Cell346	1	5	2	4
Cell347	1	2	4	4
Cell348	1	1	1	1
Cell349	1	8	1	1
Cell350	1	1	1	1
Cell351	1	1	1	1
Cell352	1	7	3	2
Cell353	1	1	1	1
Cell354	1	3	3	3
Cell355	1	8	1	1
Cell356	1	1	1	1
Cell357	1	5	2	4
Cell358	1	3	3	3
Cell359	1	6	3	2
Cell360	1	2	4	4
Cell361	1	7	3	2
Cell362	1	3	3	3
Cell363	1	8	1	1
Cell364	1	2	2	4
Cell365	1	1	1	1
Cell366	1	8	1	1
Cell367	1	9	3	2
Cell368	1	4	3	3
Cell369	1	5	2	4
Cell370	1	3	3	3
Cell371	1	9	3	2
Cell372	1	6	3	2
Cell373	1	4	3	3
Cell374	1	6	3	2
Cell375	1	3	3	3
Cell376	1	2	2	4
Cell377	1	2	4	4
Cell378	1	4	3	3
Cell379	1	2	2	4
Cell380	1	4	3	3
Cell382	1	3	3	3
Cell383	1	2	4	4
Cell384	1	1	1	1
Cell385	1	6	3	2
Cell386	1	6	3	2
Cell387	1	8	1	1
Cell388	1	3	3	3
Cell389	1	2	4	4
Cell391	1	3	3	3
Cell392	1	7	3	2
Cell393	1	9	3	2
Cell394	1	7	3	2
Cell395	1	3	3	3
Cell396	1	1	1	1
Cell397	1	3	3	3
Cell398	1	1	1	1
Cell399	1	2	2	4
Cell400	1	4	3	3
Cell401	1	8	1	1
Cell402	1	4	3	3
Cell403	1	3	3	3
Cell404	1	4	3	3
Cell405	1	9	3	2
Cell406	1	4	3	3
Cell407	1	2	4	4
Cell408	1	8	1	1
Cell409	1	6	3	2
Cell410	1	7	3	2
Cell411	1	5	2	4
Cell412	1	8	1	1
Cell413	1	7	3	2
Cell415	1	9	3	2
Cell417	1	2	2	4
Cell418	1	8	1	1
Cell419	1	1	1	1
Cell420	1	1	1	1
Cell421	1	2	4	4
Cell422	1	3	3	3
Cell423	1	6	3	2
Cell424	1	6	3	2
Cell425	1	1	1	1
Cell426	1	7	3	2
Cell427	1	1	1	1
Cell428	1	3	3	3
Cell429	1	9	3	2
Cell430	1	8	1	1
Cell431	1	9	3	2
Cell432	1	9	3	2
Cell433	1	4	3	3
Cell434	1	2	4	4
Cell435	1	5	2	4
Cell436	1	5	2	4
Cell437	1	4	3	3
Cell438	1	1	1	1
Cell439	1	2	4	4
Cell440	1	2	4	4
Cell441	1	8	1	1
Cell442	1	6	3	2
Cell443	1	6	3	2
Cell444	1	9	3	2
Cell445	1	6	3	2
Cell446	1	8	1	1
Cell447	1	8	1	1
Cell448	1	8	1	1
Cell449	1	4	3	3
Cell451	1	9	3	2
Cell452	1	8	1	1
Cell453	1	1	1	1
Cell454	1	1	1	1
Cell456	1	1	1	1
Cell457	1	3	3	3
Cell458	1	5	4	4
Cell459	1	9	3	2
Cell460	1	6	3	2
Cell461	1	5	2	4
Cell462	1	4	3	3
Cell463	1	1	1	1
Cell464	1	7	3	2
Cell465	1	7	3	2
Cell466	1	1	1	1
Cell467	1	7	3	2
Cell468	1	1	1	1
Cell469	1	2	4	4
Cell470	1	1	1	1
Cell471	1	2	4	4
Cell472	1	6	3	2
Cell473	1	7	3	2
Cell474	1	9	3	2
Cell475	1	6	3	2
Cell476	1	3	3	3
Cell477	1	5	2	4
Cell478	1	4	3	3
Cell479	1	2	4	4
Cell480	1	2	4	4
Cell481	1	9	3	2
Cell482	1	3	3	3
Cell483	1	5	2	4
Cell484	1	2	2	4
Cell485	1	4	3	3
Cell486	1	8	1	1
Cell487	1	8	1	1
Cell488	1	1	1	1
Cell489	1	3	3	3
Cell490	1	1	1	1
Cell491	1	1	1	1
Cell492	1	2	2	4
Cell493	1	3	3	3
Cell494	1	5	2	4
Cell495	1	2	4	4
Cell496	1	6	3	2
Cell497	1	1	1	1
Cell498	1	6	3	2
Cell499	1	1	1	1
Cell500	1	4	3	3
Cell501	1	3	3	3
Cell502	1	2	2	4
Cell503	1	3	3	3
Cell504	1	3	3	3
Cell505	1	5	2	4
Cell506	1	8	1	1
Cell507	1	8	1	1
Cell508	1	5	2	4
Cell509	1	5	2	4
Cell510	1	1	1	1
Cell511	1	1	1	1
Cell512	1	8	1	1
Cell513	1	6	3	2
Cell515	1	8	1	1
Cell516	1	1	1	1
Cell517	1	4	3	3
Cell518	1	1	1	1
Cell519	1	4	3	3
Cell520	1	5	2	4
Cell521	1	7	3	2
Cell522	1	7	3	2
Cell523	1	2	4	4
Cell524	1	6	3	2
Cell525	1	9	3	2
Cell526	1	2	4	4
Cell527	1	3	3	3
Cell528	1	3	3	3
Cell529	1	6	3	2
Cell530	1	8	1	1
Cell531	1	2	4	4
Cell532	1	2	4	4
Cell533	1	8	1	1
Cell534	1	8	1	1
Cell535	1	6	3	2
Cell536	1	7	3	2
Cell537	1	6	3	2
Cell538	1	5	2	4
Cell539	1	2	4	4
Cell540	1	8	1	1
Cell541	1	3	3	3
Cell542	1	6	3	2
Cell543	1	7	3	2
Cell544	1	6	3	2
Cell545	1	7	3	2
Cell546	1	4	3	3
Cell547	1	2	4	4
Cell548	1	7	3	2
Cell549	1	9	3	2
Cell550	1	5	2	4
Cell551	1	4	3	3
Cell552	1	4	3	3
Cell553	1	2	4	4
Cell554	1	6	3	2
Cell555	1	6	3	2
Cell556	1	1	1	1
Cell557	1	6	3	2
Cell558	1	5	2	4
Cell559	1	1	1	1
Cell560	1	1	1	1
Cell561	1	2	2	4
Cell562	1	6	3	2
Cell563	1	1	1	1
Cell564	1	2	4	4
Cell565	1	4	3	3
Cell566	1	5	2	4
Cell567	1	7	3	2
Cell568	1	5	2	4
Cell569	1	5	2	4
Cell570	1	1	1	1
Cell571	1	6	3	2
Cell572	1	4	3	3
Cell573	1	7	3	2
Cell575	1	6	3	2
Cell576	1	4	3	3
Cell577	1	9	3	2
Cell578	1	2	2	4
Cell579	1	2	4	4
Cell580	1	9	3	2
Cell581	1	5	2	4
Cell582	1	1	1	1
Cell583	1	3	3	3
Cell584	1	4	3	3
Cell585	1	3	3	3
Cell586	1	7	3	2
Cell587	1	2	4	4
Cell588	1	4	3	3
Cell589	1	1	1	1
Cell590	1	9	3	2
Cell591	1	5	2	4
Cell592	1	4	3	3
Cell593	1	3	3	3
Cell594	1	3	3	3
Cell595	1	2	2	4
Cell596	1	8	1	1
Cell597	1	2	2	4
Cell598	1	4	3	3
Cell599	1	1	1	1
Cell600	1	8	1	1
Cell601	1	2	2	4
Cell602	1	9	3	2
Cell603	1	1	1	1
Cell604	1	8	1	1
Cell605	1	6	3	2
Cell606	1	9	3	2
Cell607	1	1	1	1
Cell608	1	5	2	4
Cell609	1	2	4	4
Cell610	1	1	1	1
Cell611	1	9	3	2
Cell612	1	2	4	4
Cell613	1	6	3	2
Cell614	1	9	3	2
Cell615	1	5	2	4
Cell616	1	6	3	2
Cell618	1	3	3	3
Cell619	1	8	1	1
Cell620	1	1	1	1
Cell621	1	6	3	2
Cell622	1	2	2	4
Cell623	1	2	4	4
Cell624	1	2	4	4
Cell625	1	2	4	4
Cell626	1	4	3	3
Cell627	1	2	4	4
Cell628	1	7	3	2
Cell629	1	1	1	1
Cell630	1	2	4	4
Cell631	1	1	1	1
Cell632	1	4	3	3
Cell633	1	3	3	3
Cell635	1	5	2	4
Cell636	1	4	3	3
Cell637	1	2	4	4
Cell638	1	1	1	1
Cell639	1	5	2	4
Cell640	1	9	3	2
Cell641	1	7	3	2
Cell642	1	2	4	4
Cell644	1	2	4	4
Cell645	1	4	3	3
Cell646	1	7	3	2
Cell647	1	2	2	4
Cell648	1	7	3	2
Cell649	1	4	3	3
Cell650	1	8	1	1
Cell651	1	7	3	2
Cell652	1	5	2	4
Cell653	1	4	3	3
Cell654	1	7	3	2
Cell655	1	7	3	2
Cell656	1	1	1	1
Cell657	1	5	2	4
Cell658	1	9	3	2
Cell659	1	4	3	3
Cell660	1	4	3	3
Cell661	1	7	3	2
Cell662	1	4	3	3
Cell663	1	2	4	4
Cell664	1	9	3	2
Cell665	1	8	1	1
Cell666	1	1	1	1
Cell667	1	5	2	4
Cell668	1	9	3	2
Cell669	1	5	2	4
Cell670	1	3	3	3
Cell671	1	2	4	4
Cell672	1	8	1	1
Cell673	1	5	2	4
Cell674	1	4	3	3
Cell675	1	2	2	4
Cell676	1	4	3	3
Cell677	1	7	3	2
Cell678	1	6	3	2
Cell679	1	4	3	3
Cell680	1	4	3	3
Cell681	1	2	2	4
Cell682	1	5	2	4
Cell683	1	2	4	4
Cell684	1	4	3	3
Cell686	1	6	3	2
Cell687	1	2	2	4
Cell688	1	1	1	1
Cell689	1	7	3	2
Cell690	1	1	1	1
Cell691	1	2	4	4
Cell692	1	6	3	2
Cell693	1	6	3	2
Cell694	1	5	2	4
Cell695	1	5	2	4
Cell696	1	1	1	1
Cell697	1	2	4	4
Cell698	1	4	3	3
Cell699	1	6	3	2
Cell700	1	6	3	2
Cell701	1	6	3	2
Cell702	1	5	2	4
Cell703	1	2	4	4
Cell704	1	2	4	4
Cell705	1	3	3	3
Cell706	1	8	1	1
Cell707	1	8	1	1
Cell708	1	9	3	2
Cell709	1	7	3	2
Cell710	1	9	3	2
Cell711	1	9	3	2
Cell712	1	9	3	2
Cell713	1	1	1	1
Cell715	1	2	4	4
Cell716	1	6	3	2
Cell717	1	3	3	3
Cell718	1	2	4	4
Cell719	1	9	3	2
Cell720	1	4	3	3
Cell721	1	9	3	2
Cell722	1	5	2	4
Cell725	1	1	1	1
Cell726	1	2	4	4
Cell727	1	1	1	1
Cell728	1	5	2	4
Cell729	1	3	3	3
Cell730	1	7	3	2
Cell731	1	4	3	3
Cell732	1	3	3	3
Cell733	1	3	3	3
Cell734	1	8	1	1
Cell735	1	6	3	2
Cell736	1	8	1	1
Cell737	1	8	1	1
Cell738	1	1	1	1
Cell739	1	6	3	2
Cell740	1	7	3	2
Cell741	1	5	2	4
Cell742	1	4	3	3
Cell743	1	5	2	4
Cell744	1	2	4	4
Cell745	1	2	4	4
Cell746	1	3	3	3
Cell747	1	8	1	1
Cell748	1	3	3	3
Cell749	1	3	3	3
Cell750	1	2	4	4
Cell751	1	7	3	2
Cell752	1	2	4	4
Cell753	1	3	3	3
Cell754	1	1	1	1
Cell756	1	9	3	2
Cell757	1	6	3	2
Cell758	1	8	1	1
Cell759	1	2	4	4
Cell760	1	3	3	3
Cell761	1	4	3	3
Cell762	1	5	2	4
Cell763	1	8	1	1
Cell764	1	5	2	4
Cell765	1	2	4	4
Cell766	1	3	3	3
Cell767	1	2	2	4
Cell768	1	1	1	1
Cell769	1	1	1	1
Cell770	1	1	1	1
Cell771	1	1	1	1
Cell772	1	5	2	4
Cell773	1	6	3	2
Cell774	1	4	3	3
Cell775	1	8	1	1
Cell776	1	4	3	3
Cell777	1	3	3	3
Cell778	1	2	4	4
Cell779	1	1	1	1
Cell780	1	2	4	4
Cell781	1	2	4	4
Cell782	1	4	3	3
Cell783	1	1	1	1
Cell784	1	2	4	4
Cell785	1	7	3	2
Cell786	1	1	1	1
Cell787	1	1	1	1
Cell788	1	3	3	3
Cell789	1	1	1	1
Cell790	1	2	4	4
Cell791	1	2	4	4
Cell794	1	9	3	2
Cell795	1	6	3	2
Cell796	1	9	3	2
Cell797	1	1	1	1
Cell798	1	8	1	1
Cell799	1	2	4	4
Cell800	1	2	4	4
Cell801	1	4	3	3
Cell802	1	6	3	2
Cell803	1	7	3	2
Cell804	1	8	1	1
Cell805	1	5	2	4
Cell806	1	5	2	4
Cell807	1	3	3	3
Cell808	1	7	3	2
Cell809	1	4	3	3
Cell810	1	1	1	1
Cell811	1	4	3	3
Cell812	1	3	3	3
Cell813	1	5	2	4
Cell814	1	2	2	4
Cell815	1	3	3	3
Cell818	1	3	3	3
Cell819	1	5	2	4
Cell820	1	1	1	1
Cell821	1	6	3	2
Cell822	1	6	3	2
Cell823	1	6	3	2
Cell824	1	2	4	4
Cell825	1	4	3	3
Cell826	1	7	3	2
Cell827	1	6	3	2
Cell829	1	2	4	4
Cell830	1	1	1	1
Cell832	1	2	4	4
Cell833	1	5	2	4
Cell834	1	7	3	2
Cell835	1	7	3	2
Cell836	1	4	3	3
Cell837	1	7	3	2
Cell838	1	9	3	2
Cell839	1	1	1	1
Cell840	1	7	3	2
Cell842	1	2	2	4
Cell843	1	6	3	2
Cell844	1	1	1	1
Cell845	1	8	1	1
Cell846	1	1	1	1
Cell847	1	1	1	1
Cell848	1	7	3	2
Cell849	1	5	2	4
Cell850	1	3	3	3
Cell851	1	3	3	3
Cell852	1	1	1	1
Cell853	1	1	1	1
Cell854	1	2	2	4
Cell855	1	8	1	1
Cell856	1	1	1	1
Cell857	1	6	3	2
Cell858	1	3	3	3
Cell859	1	4	3	3
Cell860	1	9	3	2
Cell861	1	3	3	3
Cell862	1	3	3	3
Cell863	1	1	1	1
Cell864	1	1	1	1
Cell866	1	2	4	4
Cell867	1	1	1	1
Cell868	1	2	4	4
Cell869	1	3	3	3
Cell870	1	1	1	1
Cell871	1	2	4	4
Cell872	1	1	1	1
Cell873	1	3	3	3
Cell874	1	2	4	4
Cell875	1	4	3	3
Cell876	1	5	2	4
Cell877	1	7	3	2
Cell878	1	7	3	2
Cell880	1	4	3	3
Cell881	1	2	4	4
Cell882	1	2	4	4
Cell883	1	1	1	1
Cell885	1	5	2	4
Cell886	1	3	3	3
Cell887	1	1	1	1
Cell888	1	9	3	2
Cell889	1	9	3	2
Cell890	1	7	3	2
Cell891	1	2	2	4
Cell892	1	4	3	3
Cell893	1	6	3	2
Cell894	1	8	1	1
Cell895	1	1	1	1
Cell896	1	3	3	3
Cell897	1	1	1	1
Cell898	1	8	1	1
Cell899	1	6	3	2
Cell900	1	2	4	4
Cell901	1	5	2	4
Cell902	1	4	3	3
Cell903	1	1	1	1
Cell904	1	7	3	2
Cell905	1	2	4	4
Cell906	1	2	4	4
Cell907	1	7	3	2
Cell908	1	1	1	1
Cell909	1	9	3	2
Cell910	1	2	4	4
Cell911	1	4	3	3
Cell912	1	9	3	2
Cell914	1	1	1	1
Cell915	1	4	3	3
Cell916	1	2	4	4
Cell917	1	1	1	1
Cell918	1	1	1	1
Cell919	1	7	3	2
Cell920	1	2	4	4
Cell921	1	7	3	2
Cell922	1	9	3	2
Cell923	1	8	1	1
Cell924	1	1	1	1
Cell925	1	9	3	2
Cell926	1	2	2	4
Cell927	1	1	1	1
Cell928	1	1	1	1
Cell929	1	2	4	4
Cell930	1	4	3	3
Cell932	1	3	3	3
Cell933	1	1	1	1
Cell934	1	9	3	2
Cell935	1	6	3	2
Cell936	1	4	3	3
Cell937	1	3	3	3
Cell938	1	1	1	1
Cell939	1	5	2	4
Cell940	1	8	1	1
Cell941	1	5	2	4
Cell942	1	3	3	3
Cell943	1	6	3	2
Cell944	1	6	3	2
Cell945	1	3	3	3
Cell946	1	7	3	2
Cell947	1	3	3	3
Cell948	1	6	3	2
Cell949	1	9	3	2
Cell950	1	9	3	2
Cell951	1	8	1	1
Cell952	1	9	3	2
Cell953	1	1	1	1
Cell954	1	1	1	1
Cell955	1	4	3	3
Cell957	1	6	3	2
Cell958	1	3	3	3
Cell959	1	3	3	3
Cell960	1	4	3	3
Cell961	1	2	4	4
Cell962	1	9	3	2
Cell963	1	1	1	1
Cell964	1	4	3	3
Cell965	1	1	1	1
Cell966	1	8	1	1
Cell967	1	4	3	3
Cell968	1	8	1	1
Cell969	1	3	3	3
Cell970	1	9	3	2
Cell971	1	3	3	3
Cell972	1	4	3	3
Cell974	1	2	4	4
Cell975	1	1	1	1
Cell976	1	5	2	4
Cell978	1	4	3	3
Cell979	1	5	2	4
Cell980	1	7	3	2
Cell981	1	4	3	3
Cell982	1	7	3	2
Cell983	1	8	1	1
Cell984	1	4	3	3
Cell986	1	8	1	1
Cell987	1	1	1	1
Cell988	1	5	2	4
Cell989	1	5	2	4
Cell990	1	1	1	1
Cell991	1	2	4	4
Cell992	1	3	3	3
Cell993	1	3	3	3
Cell995	1	6	3	2
Cell997	1	9	3	2
Cell998	1	2	4	4
Cell999	1	4	3	3
Cell1000	1	7	3	2
Cell1001	1	6	3	2
Cell1003	1	1	1	1
Cell1004	1	3	3	3
Cell1005	1	3	3	3
Cell1006	1	1	1	1
Cell1007	1	3	3	3
Cell1008	1	7	3	2
Cell1010	1	1	1	1
Cell1011	1	1	1	1
Cell1012	1	7	3	2
Cell1013	1	5	2	4
Cell1015	1	4	3	3
Cell1016	1	3	3	3
Cell1017	1	3	3	3
Cell1018	1	5	2	4
Cell1019	1	2	2	4
Cell1020	1	1	1	1
Cell1021	1	8	1	1
Cell1022	1	5	2	4
Cell1023	1	6	3	2
Cell1024	1	5	2	4
Cell1025	1	1	1	1
Cell1026	1	1	1	1
Cell1027	1	1	1	1
Cell1028	1	3	3	3
Cell1029	1	3	3	3
Cell1030	1	9	3	2
Cell1031	1	8	1	1
Cell1032	1	1	1	1
Cell1033	1	5	2	4
Cell1034	1	1	1	1
Cell1035	1	3	3	3
Cell1036	1	5	2	4
Cell1037	1	8	1	1
Cell1038	1	1	1	1
Cell1039	1	5	2	4
Cell1040	1	3	3	3
Cell1041	1	4	3	3
Cell1042	1	7	3	2
Cell1043	1	7	3	2
Cell1044	1	3	3	3
Cell1045	1	7	3	2
Cell1046	1	3	3	3
Cell1047	1	9	3	2
Cell1048	1	3	3	3
Cell1049	1	5	2	4
Cell1050	1	8	1	1
Cell1052	1	2	4	4
Cell1053	1	1	1	1
Cell1054	1	7	3	2
Cell1055	1	4	3	3
Cell1056	1	8	1	1
Cell1057	1	1	1	1
Cell1059	1	1	1	1
Cell1060	1	1	1	1
Cell1061	1	7	3	2
Cell1062	1	2	4	4
Cell1063	1	6	3	2
Cell1064	1	1	1	1
Cell1065	1	2	4	4
Cell1066	1	3	3	3
Cell1067	1	4	3	3
Cell1068	1	5	2	4
Cell1070	1	6	3	2
Cell1071	1	2	2	4
Cell1072	1	8	1	1
Cell1073	1	3	3	3
Cell1074	1	4	3	3
Cell1075	1	1	1	1
Cell1076	1	1	1	1
Cell1077	1	1	1	1
Cell1079	1	3	3	3
Cell1080	1	7	3	2
Cell1081	1	8	1	1
Cell1082	1	1	1	1
Cell1083	1	6	3	2
Cell1084	1	4	3	3
Cell1085	1	4	3	3
Cell1086	1	9	3	2
Cell1087	1	4	3	3
Cell1088	1	7	3	2
Cell1089	1	3	3	3
Cell1090	1	3	3	3
Cell1091	1	4	3	3
Cell1092	1	6	3	2
Cell1093	1	8	1	1
Cell1094	1	1	1	1
Cell1095	1	6	3	2
Cell1096	1	3	3	3
Cell1097	1	1	1	1
Cell1098	1	6	3	2
Cell1099	1	3	3	3
Cell1100	1	7	3	2
Cell1101	1	5	2	4
Cell1102	1	7	3	2
Cell1103	1	3	3	3
Cell1104	1	5	2	4
Cell1105	1	9	3	2
Cell1106	1	5	2	4
Cell1107	1	7	3	2
Cell1108	1	4	3	3
Cell1109	1	2	4	4
Cell1110	1	4	3	3
Cell1111	1	8	1	1
Cell1112	1	3	3	3
Cell1113	1	7	3	2
Cell1114	1	9	3	2
Cell1115	1	3	3	3
Cell1117	1	2	4	4
Cell1118	1	5	2	4
Cell1119	1	3	3	3
Cell1120	1	2	4	4
Cell1121	1	3	3	3
Cell1122	1	6	3	2
Cell1123	1	9	3	2
Cell1124	1	6	3	2
Cell1125	1	3	3	3
Cell1126	1	9	3	2
Cell1127	1	9	3	2
Cell1128	1	6	3	2
Cell1129	1	1	1	1
Cell1130	1	2	2	4
Cell1131	1	6	3	2
Cell1132	1	7	3	2
Cell1133	1	7	3	2
Cell1134	1	7	3	2
Cell1135	1	3	3	3
Cell1136	1	7	3	2
Cell1137	1	6	3	2
Cell1138	1	4	3	3
Cell1139	1	7	3	2
Cell1140	1	7	3	2
Cell1141	1	2	4	4
Cell1142	1	2	4	4
Cell1143	1	2	4	4
Cell1144	1	7	3	2
Cell1145	1	5	2	4
Cell1146	1	8	1	1
Cell1147	1	4	3	3
Cell1148	1	1	1	1
Cell1149	1	1	1	1
Cell1150	1	5	2	4
Cell1151	1	4	3	3
Cell1152	1	2	4	4
Cell1153	1	8	1	1
Cell1154	1	1	1	1
Cell1155	1	8	1	1
Cell1156	1	2	4	4
Cell1157	1	6	3	2
Cell1158	1	8	1	1
Cell1159	1	1	1	1
Cell1160	1	1	1	1
Cell1161	1	5	2	4
Cell1162	1	8	1	1
Cell1163	1	2	2	4
Cell1164	1	2	4	4
Cell1165	1	2	2	4
Cell1166	1	5	2	4
Cell1167	1	1	1	1
Cell1168	1	7	3	2
Cell1169	1	4	3	3
Cell1170	1	5	2	4
Cell1171	1	2	2	4
Cell1172	1	6	3	2
Cell1174	1	8	1	1
Cell1175	1	1	1	1
Cell1176	1	6	3	2
Cell1177	1	5	2	4
Cell1178	1	7	3	2
Cell1179	1	5	2	4
Cell1180	1	3	3	3
Cell1181	1	3	3	3
Cell1182	1	7	3	2
Cell1183	1	9	3	2
Cell1184	1	2	4	4
Cell1185	1	2	2	4
Cell1186	1	5	2	4
Cell1187	1	4	3	3
Cell1188	1	5	2	4
Cell1189	1	8	1	1
Cell1190	1	4	3	3
Cell1191	1	3	3	3
Cell1193	1	9	3	2
Cell1194	1	8	1	1
Cell1195	1	5	2	4
Cell1196	1	7	3	2
Cell1197	1	2	4	4
Cell1198	1	5	2	4
Cell1199	1	2	2	4
Cell1200	1	9	3	2
Cell1201	1	8	1	1
Cell1202	1	4	3	3
Cell1203	1	2	4	4
Cell1204	1	6	3	2
Cell1205	1	8	1	1
Cell1206	1	8	1	1
Cell1207	1	1	1	1
Cell1208	1	9	3	2
Cell1209	1	6	3	2
Cell1210	1	4	3	3
Cell1211	1	6	3	2
Cell1212	1	4	3	3
Cell1213	1	1	1	1
Cell1214	1	9	3	2
Cell1215	1	4	3	3
Cell1216	1	3	3	3
Cell1217	1	7	3	2
Cell1218	1	4	3	3
Cell1219	1	5	2	4
Cell1220	1	2	4	4
Cell1221	1	5	2	4
Cell1222	1	8	1	1
Cell1223	1	5	2	4
Cell1224	1	9	3	2
Cell1225	1	2	4	4
Cell1226	1	5	2	4
Cell1227	1	5	2	4
Cell1228	1	2	4	4
Cell1231	1	1	1	1
Cell1232	1	4	3	3
Cell1233	1	2	4	4
Cell1234	1	3	3	3
Cell1235	1	8	1	1
Cell1236	1	2	4	4
Cell1237	1	9	3	2
Cell1238	1	7	3	2
Cell1239	1	1	1	1
Cell1240	1	2	4	4
Cell1241	1	1	1	1
Cell1242	1	8	1	1
Cell1243	1	5	2	4
Cell1244	1	3	3	3
Cell1245	1	1	1	1
Cell1246	1	9	3	2
Cell1247	1	1	1	1
Cell1248	1	3	3	3
Cell1249	1	1	1	1
Cell1250	1	6	3	2
Cell1251	1	2	2	4
Cell1252	1	9	3	2
Cell1253	1	3	3	3
Cell1254	1	5	2	4
Cell1255	1	2	4	4
Cell1256	1	2	4	4
Cell1257	1	1	1	1
Cell1258	1	6	3	2
Cell1259	1	3	3	3
Cell1260	1	5	2	4
Cell1261	1	1	1	1
Cell1262	1	6	3	2
Cell1263	1	8	1	1
Cell1264	1	6	3	2
Cell1265	1	7	3	2
Cell1266	1	9	3	2
Cell1267	1	1	1	1
Cell1268	1	1	1	1
Cell1269	1	5	2	4
Cell1270	1	1	1	1
Cell1271	1	6	3	2
Cell1272	1	3	3	3
Cell1273	1	4	3	3
Cell1274	1	2	4	4
Cell1275	1	6	3	2
Cell1276	1	7	3	2
Cell1277	1	9	3	2
Cell1278	1	1	1	1
Cell1279	1	9	3	2
Cell1280	1	6	3	2
Cell1281	1	7	3	2
Cell1282	1	7	3	2
Cell1283	1	3	3	3
Cell1284	1	1	1	1
Cell1285	1	1	1	1
Cell1286	1	7	3	2
Cell1287	1	8	1	1
Cell1288	1	2	4	4
Cell1289	1	6	3	2
Cell1290	1	1	1	1
Cell1291	1	4	3	3
Cell1292	1	9	3	2
Cell1293	1	8	1	1
Cell1295	1	8	1	1
Cell1296	1	5	2	4
Cell1297	1	8	1	1
Cell1298	1	4	3	3
Cell1299	1	3	3	3
Cell1300	1	2	4	4
Cell1301	1	7	3	2
Cell1302	1	2	2	4
Cell1303	1	3	3	3
Cell1304	1	4	3	3
Cell1305	1	4	3	3
Cell1306	1	3	3	3
Cell1307	1	2	4	4
Cell1308	1	3	3	3
Cell1309	1	1	1	1
Cell1310	1	1	1	1
Cell1311	1	1	1	1
Cell1312	1	2	4	4
Cell1313	1	7	3	2
Cell1314	1	5	2	4
Cell1315	1	3	3	3
Cell1316	1	1	1	1
Cell1317	1	7	3	2
Cell1318	1	2	4	4
Cell1319	1	1	1	1
Cell1320	1	5	2	4
Cell1321	1	7	3	2
Cell1322	1	6	3	2
Cell1323	1	2	4	4
Cell1324	1	2	2	4
Cell1325	1	6	3	2
Cell1326	1	2	4	4
Cell1327	1	2	4	4
Cell1328	1	4	3	3
Cell1329	1	7	3	2
Cell1330	1	6	3	2
Cell1331	1	2	4	4
Cell1332	1	1	1	1
Cell1333	1	7	3	2
Cell1334	1	1	1	1
Cell1336	1	9	3	2
Cell1337	1	1	1	1
Cell1338	1	1	1	1
Cell1339	1	3	3	3
Cell1340	1	3	3	3
Cell1341	1	7	3	2
Cell1342	1	5	2	4
Cell1343	1	4	3	3
Cell1344	1	4	3	3
Cell1345	1	5	2	4
Cell1346	1	1	1	1
Cell1347	1	1	1	1
Cell1348	1	4	3	3
Cell1349	1	3	3	3
Cell1350	1	8	1	1
Cell1351	1	4	3	3
Cell1352	1	6	3	2
Cell1353	1	2	4	4
Cell1354	1	4	3	3
Cell1355	1	8	1	1
Cell1356	1	3	3	3
Cell1357	1	4	3	3
Cell1358	1	2	2	4
Cell1359	1	1	1	1
Cell1360	1	1	1	1
Cell1361	1	7	3	2
Cell1362	1	3	3	3
Cell1363	1	6	3	2
Cell1364	1	3	3	3
Cell1365	1	7	3	2
Cell1366	1	2	4	4
Cell1367	1	5	2	4
Cell1368	1	6	3	2
Cell1369	1	4	3	3
Cell1370	1	9	3	2
Cell1372	1	6	3	2
Cell1373	1	4	3	3
Cell1375	1	3	3	3
Cell1376	1	9	3	2
Cell1377	1	3	3	3
Cell1378	1	4	3	3
Cell1379	1	1	1	1
Cell1380	1	1	1	1
Cell1381	1	4	3	3
Cell1382	1	1	1	1
Cell1383	1	6	3	2
Cell1385	1	1	1	1
Cell1386	1	4	3	3
Cell1387	1	7	3	2
Cell1388	1	8	1	1
Cell1389	1	6	3	2
Cell1390	1	4	3	3
Cell1391	1	2	4	4
Cell1392	1	1	1	1
Cell1393	1	2	4	4
Cell1394	1	5	2	4
Cell1395	1	1	1	1
Cell1396	1	1	1	1
Cell1397	1	7	3	2
Cell1398	1	7	3	2
Cell1399	1	5	2	4
Cell1400	1	1	1	1
Cell1402	1	4	3	3
Cell1403	1	9	3	2
Cell1404	1	3	3	3
Cell1405	1	1	1	1
Cell1406	1	4	3	3
Cell1407	1	5	2	4
Cell1409	1	3	3	3
Cell1410	1	2	4	4
Cell1411	1	1	1	1
Cell1412	1	2	4	4
Cell1413	1	9	3	2
Cell1414	1	3	3	3
Cell1415	1	4	3	3
Cell1416	1	1	1	1
Cell1417	1	1	1	1
Cell1418	1	3	3	3
Cell1419	1	8	1	1
Cell1420	1	2	4	4
Cell1421	1	4	3	3
Cell1422	1	4	3	3
Cell1423	1	8	1	1
Cell1424	1	6	3	2
Cell1425	1	6	3	2
Cell1426	1	3	3	3
Cell1427	1	7	3	2
Cell1428	1	4	3	3
Cell1429	1	1	1	1
Cell1430	1	7	3	2
Cell1431	1	2	2	4
Cell1432	1	7	3	2
Cell1433	1	1	1	1
Cell1434	1	4	3	3
Cell1435	1	2	4	4
Cell1436	1	1	1	1
Cell1437	1	9	3	2
Cell1438	1	4	3	3
Cell1439	1	2	4	4
Cell1441	1	3	3	3
Cell1442	1	1	1	1
Cell1443	1	9	3	2
Cell1444	1	1	1	1
Cell1445	1	4	3	3
Cell1446	1	1	1	1
Cell1447	1	9	3	2
Cell1448	1	1	1	1
Cell1449	1	1	1	1
Cell1450	1	2	4	4
Cell1452	1	3	3	3
Cell1453	1	5	2	4
Cell1454	1	5	2	4
Cell1455	1	1	1	1
Cell1456	1	5	2	4
Cell1457	1	5	2	4
Cell1458	1	2	4	4
Cell1459	1	6	3	2
Cell1460	1	4	3	3
Cell1461	1	2	4	4
Cell1462	1	2	4	4
Cell1463	1	2	4	4
Cell1464	1	2	4	4
Cell1465	1	1	1	1
Cell1466	1	5	2	4
Cell1468	1	5	2	4
Cell1469	1	2	4	4
Cell1470	1	5	2	4
Cell1471	1	5	2	4
Cell1472	1	1	1	1
Cell1473	1	1	1	1
Cell1474	1	7	3	2
Cell1475	1	9	3	2
Cell1476	1	5	2	4
Cell1477	1	5	2	4
Cell1478	1	1	1	1
Cell1479	1	2	4	4
Cell1480	1	4	3	3
Cell1481	1	6	3	2
Cell1482	1	1	1	1
Cell1483	1	7	3	2
Cell1484	1	6	3	2
Cell1485	1	2	4	4
Cell1486	1	2	2	4
Cell1487	1	1	1	1
Cell1488	1	5	2	4
Cell1489	1	4	3	3
Cell1490	1	1	1	1
Cell1491	1	6	3	2
Cell1492	1	8	1	1
Cell1493	1	6	3	2
Cell1496	1	2	4	4
Cell1497	1	1	1	1
Cell1498	1	3	3	3
Cell1499	1	5	2	4
Cell1500	1	4	3	3
Cell1501	1	8	1	1
Cell1502	1	3	3	3
Cell1503	1	6	3	2
Cell1504	1	4	3	3
Cell1506	1	2	4	4
Cell1507	1	4	3	3
Cell1508	1	8	1	1
Cell1509	1	6	3	2
Cell1510	1	6	3	2
Cell1511	1	9	3	2
Cell1512	1	3	3	3
Cell1513	1	1	1	1
Cell1514	1	7	3	2
Cell1515	1	8	1	1
Cell1516	1	1	1	1
Cell1517	1	7	3	2
Cell1518	1	5	2	4
Cell1519	1	4	3	3
Cell1520	1	8	1	1
Cell1521	1	6	3	2
Cell1522	1	4	3	3
Cell1523	1	1	1	1
Cell1524	1	5	2	4
Cell1525	1	2	4	4
Cell1526	1	4	3	3
Cell1527	1	6	3	2
Cell1528	1	5	2	4
Cell1529	1	4	3	3
Cell1530	1	2	4	4
Cell1531	1	2	4	4
Cell1532	1	1	1	1
Cell1533	1	2	4	4
Cell1534	1	5	2	4
Cell1535	1	1	1	1
Cell1536	1	2	4	4
Cell1537	1	4	3	3
Cell1538	1	5	2	4
Cell1539	1	7	3	2
Cell1540	1	8	1	1
Cell1541	1	8	1	1
Cell1542	1	2	2	4
Cell1543	1	9	3	2
Cell1544	1	6	3	2
Cell1545	1	5	2	4
Cell1546	1	6	3	2
Cell1547	1	5	2	4
Cell1548	1	9	3	2
Cell1549	1	3	3	3
Cell1550	1	3	3	3
Cell1551	1	3	3	3
Cell1552	1	4	3	3
Cell1553	1	4	3	3
Cell1554	1	5	2	4
Cell1555	1	6	3	2
Cell1556	1	6	3	2
Cell1557	1	2	4	4
Cell1558	1	6	3	2
Cell1559	1	7	3	2
Cell1560	1	3	3	3
Cell1561	1	3	3	3
Cell1562	1	9	3	2
Cell1563	1	9	3	2
Cell1564	1	4	3	3
Cell1565	1	8	1	1
Cell1566	1	5	2	4
Cell1567	1	6	3	2
Cell1568	1	1	1	1
Cell1569	1	6	3	2
Cell1570	1	1	1	1
Cell1571	1	5	2	4
Cell1572	1	5	2	4
Cell1573	1	8	1	1
Cell1574	1	2	4	4
Cell1575	1	2	2	4
Cell1576	1	1	1	1
Cell1577	1	5	2	4
Cell1578	1	4	3	3
Cell1580	1	6	3	2
Cell1581	1	2	4	4
Cell1582	1	3	3	3
Cell1583	1	6	3	2
Cell1584	1	5	2	4
Cell1585	1	7	3	2
Cell1586	1	4	3	3
Cell1588	1	6	3	2
Cell1589	1	3	3	3
Cell1590	1	5	2	4
Cell1592	1	5	2	4
Cell1593	1	5	2	4
Cell1594	1	1	1	1
Cell1595	1	3	3	3
Cell1596	1	6	3	2
Cell1597	1	7	3	2
Cell1598	1	4	3	3
Cell1599	1	9	3	2
Cell1600	1	1	1	1
Cell1601	1	5	2	4
Cell1602	1	3	3	3
Cell1603	1	2	4	4
Cell1604	1	4	3	3
Cell1605	1	2	4	4
Cell1606	1	1	1	1
Cell1608	1	1	1	1
Cell1609	1	1	1	1
Cell1611	1	2	2	4
Cell1612	1	5	2	4
Cell1613	1	2	4	4
Cell1614	1	8	1	1
Cell1615	1	1	1	1
Cell1616	1	6	3	2
Cell1617	1	6	3	2
Cell1618	1	2	4	4
Cell1619	1	3	3	3
Cell1620	1	7	3	2
Cell1621	1	8	1	1
Cell1622	1	3	3	3
Cell1623	1	9	3	2
Cell1624	1	8	1	1
Cell1625	1	5	2	4
Cell1626	1	3	3	3
Cell1627	1	1	1	1
Cell1628	1	9	3	2
Cell1630	1	5	2	4
Cell1631	1	5	2	4
Cell1632	1	8	1	1
Cell1633	1	9	3	2
Cell1634	1	1	1	1
Cell1635	1	4	3	3
Cell1637	1	3	3	3
Cell1638	1	5	2	4
Cell1639	1	1	1	1
Cell1640	1	2	2	4
Cell1641	1	3	3	3
Cell1642	1	1	1	1
Cell1643	1	5	2	4
Cell1644	1	2	4	4
Cell1645	1	3	3	3
Cell1646	1	9	3	2
Cell1647	1	5	2	4
Cell1648	1	3	3	3
Cell1649	1	6	3	2
Cell1650	1	1	1	1
Cell1651	1	3	3	3
Cell1652	1	1	1	1
Cell1653	1	6	3	2
Cell1654	1	7	3	2
Cell1655	1	1	1	1
Cell1656	1	5	2	4
Cell1657	1	8	1	1
Cell1658	1	2	4	4
Cell1659	1	2	4	4
Cell1660	1	1	1	1
Cell1661	1	2	2	4
Cell1662	1	4	3	3
Cell1663	1	6	3	2
Cell1664	1	4	3	3
Cell1665	1	2	4	4
Cell1666	1	4	3	3
Cell1667	1	8	1	1
Cell1668	1	3	3	3
Cell1669	1	8	1	1
Cell1670	1	9	3	2
Cell1672	1	7	3	2
Cell1673	1	4	3	3
Cell1674	1	5	2	4
Cell1675	1	8	1	1
Cell1676	1	2	4	4
Cell1677	1	2	2	4
Cell1678	1	6	3	2
Cell1679	1	2	4	4
Cell1680	1	8	1	1
Cell1681	1	8	1	1
Cell1682	1	7	3	2
Cell1683	1	1	1	1
Cell1684	1	7	3	2
Cell1685	1	7	3	2
Cell1686	1	1	1	1
Cell1687	1	4	3	3
Cell1688	1	7	3	2
Cell1689	1	2	4	4
Cell1690	1	2	4	4
Cell1691	1	2	4	4
Cell1692	1	1	1	1
Cell1693	1	2	4	4
Cell1694	1	7	3	2
Cell1696	1	3	3	3
Cell1697	1	6	3	2
Cell1698	1	6	3	2
Cell1699	1	3	3	3
Cell1700	1	5	2	4
Cell1701	1	6	3	2
Cell1702	1	2	2	4
Cell1703	1	4	3	3
Cell1704	1	6	3	2
Cell1705	1	6	3	2
Cell1706	1	5	2	4
Cell1707	1	5	2	4
Cell1708	1	3	3	3
Cell1709	1	9	3	2
Cell1710	1	1	1	1
Cell1711	1	1	1	1
Cell1712	1	9	3	2
Cell1714	1	1	1	1
Cell1715	1	3	3	3
Cell1716	1	2	4	4
Cell1717	1	8	1	1
Cell1718	1	7	3	2
Cell1719	1	3	3	3
Cell1720	1	6	3	2
Cell1721	1	9	3	2
Cell1722	1	4	3	3
Cell1723	1	7	3	2
Cell1725	1	2	4	4
Cell1726	1	2	2	4
Cell1727	1	1	1	1
Cell1728	1	3	3	3
Cell1729	1	1	1	1
Cell1730	1	1	1	1
Cell1731	1	3	3	3
Cell1732	1	2	4	4
Cell1733	1	9	3	2
Cell1734	1	1	1	1
Cell1735	1	2	4	4
Cell1736	1	6	3	2
Cell1737	1	4	3	3
Cell1738	1	3	3	3
Cell1739	1	6	3	2
Cell1740	1	4	3	3
Cell1741	1	2	4	4
Cell1742	1	4	3	3
Cell1743	1	1	1	1
Cell1744	1	3	3	3
Cell1745	1	2	4	4
Cell1746	1	8	1	1
Cell1747	1	2	2	4
Cell1748	1	6	3	2
Cell1749	1	1	1	1
Cell1750	1	8	1	1
Cell1751	1	3	3	3
Cell1752	1	2	4	4
Cell1753	1	4	3	3
Cell1754	1	1	1	1
Cell1755	1	6	3	2
Cell1756	1	3	3	3
Cell1757	1	7	3	2
Cell1758	1	1	1	1
Cell1759	1	6	3	2
Cell1760	1	8	1	1
Cell1761	1	6	3	2
Cell1762	1	6	3	2
Cell1763	1	7	3	2
Cell1764	1	2	4	4
Cell1765	1	5	2	4
Cell1766	1	4	3	3
Cell1767	1	8	1	1
Cell1768	1	4	3	3
Cell1769	1	1	1	1
Cell1770	1	4	3	3
Cell1771	1	3	3	3
Cell1772	1	2	2	4
Cell1773	1	1	1	1
Cell1775	1	4	3	3
Cell1777	1	2	4	4
Cell1778	1	2	2	4
Cell1779	1	9	3	2
Cell1780	1	1	1	1
Cell1781	1	5	2	4
Cell1782	1	1	1	1
Cell1783	1	4	3	3
Cell1784	1	8	1	1
Cell1785	1	5	2	4
Cell1786	1	7	3	2
Cell1787	1	7	3	2
Cell1789	1	5	2	4
Cell1790	1	1	1	1
Cell1792	1	6	3	2
Cell1793	1	1	1	1
Cell1794	1	1	1	1
Cell1795	1	2	4	4
Cell1796	1	4	3	3
Cell1797	1	7	3	2
Cell1798	1	9	3	2
Cell1799	1	4	3	3
Cell1800	1	8	1	1
Cell1801	1	7	3	2
Cell1802	1	2	4	4
Cell1803	1	3	3	3
Cell1804	1	1	1	1
Cell1805	1	5	2	4
Cell1806	1	4	3	3
Cell1807	1	1	1	1
Cell1808	1	1	1	1
Cell1809	1	3	3	3
Cell1810	1	3	3	3
Cell1811	1	5	2	4
Cell1812	1	4	3	3
Cell1813	1	1	1	1
Cell1814	1	6	3	2
Cell1815	1	1	1	1
Cell1816	1	4	3	3
Cell1817	1	3	3	3
Cell1818	1	8	1	1
Cell1819	1	4	3	3
Cell1820	1	3	3	3
Cell1821	1	8	1	1
Cell1822	1	3	3	3
Cell1823	1	4	3	3
Cell1824	1	9	3	2
Cell1825	1	2	4	4
Cell1826	1	6	3	2
Cell1827	1	1	1	1
Cell1828	1	4	3	3
Cell1829	1	6	3	2
Cell1830	1	4	3	3
Cell1831	1	7	3	2
Cell1832	1	7	3	2
Cell1833	1	5	2	4
Cell1834	1	5	2	4
Cell1835	1	6	3	2
Cell1836	1	1	1	1
Cell1837	1	8	1	1
Cell1838	1	2	2	4
Cell1839	1	5	2	4
Cell1840	1	1	1	1
Cell1841	1	4	3	3
Cell1843	1	3	3	3
Cell1844	1	2	4	4
Cell1845	1	9	3	2
Cell1846	1	3	3	3
Cell1847	1	7	3	2
Cell1848	1	3	3	3
Cell1850	1	1	1	1
Cell1851	1	6	3	2
Cell1852	1	2	4	4
Cell1853	1	3	3	3
Cell1855	1	5	2	4
Cell1856	1	9	3	2
Cell1857	1	7	3	2
Cell1858	1	7	3	2
Cell1859	1	4	3	3
Cell1860	1	6	3	2
Cell1861	1	7	3	2
Cell1862	1	2	4	4
Cell1864	1	7	3	2
Cell1865	1	1	1	1
Cell1866	1	8	1	1
Cell1867	1	1	1	1
Cell1868	1	1	1	1
Cell1869	1	5	2	4
Cell1870	1	4	3	3
Cell1871	1	4	3	3
Cell1872	1	5	2	4
Cell1873	1	6	3	2
Cell1874	1	3	3	3
Cell1875	1	2	2	4
Cell1876	1	1	1	1
Cell1877	1	5	2	4
Cell1878	1	1	1	1
Cell1879	1	9	3	2
Cell1880	1	1	1	1
Cell1881	1	8	1	1
Cell1883	1	8	1	1
Cell1884	1	7	3	2
Cell1885	1	1	1	1
Cell1887	1	6	3	2
Cell1888	1	6	3	2
Cell1889	1	1	1	1
Cell1890	1	5	2	4
Cell1891	1	6	3	2
Cell1892	1	4	3	3
Cell1893	1	6	3	2
Cell1894	1	2	4	4
Cell1895	1	2	4	4
Cell1896	1	1	1	1
Cell1897	1	2	4	4
Cell1898	1	4	3	3
Cell1899	1	8	1	1
Cell1900	1	9	3	2
Cell1901	1	1	1	1
Cell1902	1	9	3	2
Cell1903	1	7	3	2
Cell1904	1	2	4	4
Cell1906	1	3	3	3
Cell1907	1	7	3	2
Cell1908	1	4	3	3
Cell1909	1	2	4	4
Cell1911	1	3	3	3
Cell1912	1	6	3	2
Cell1913	1	6	3	2
Cell1914	1	1	1	1
Cell1915	1	8	1	1
Cell1916	1	2	4	4
Cell1917	1	5	2	4
Cell1918	1	6	3	2
Cell1919	1	1	1	1
Cell1920	1	7	3	2
Cell1921	1	8	1	1
Cell1922	1	9	3	2
Cell1923	1	7	3	2
Cell1924	1	8	1	1
Cell1925	1	2	4	4
Cell1926	1	7	3	2
Cell1927	1	1	1	1
Cell1928	1	8	1	1
Cell1929	1	6	3	2
Cell1930	1	9	3	2
Cell1931	1	6	3	2
Cell1932	1	9	3	2
Cell1933	1	4	3	3
Cell1934	1	1	1	1
Cell1935	1	9	3	2
Cell1936	1	6	3	2
Cell1937	1	1	1	1
Cell1938	1	8	1	1
Cell1939	1	6	3	2
Cell1940	1	4	3	3
Cell1941	1	7	3	2
Cell1942	1	1	1	1
Cell1943	1	6	3	2
Cell1944	1	9	3	2
Cell1945	1	2	2	4
Cell1946	1	3	3	3
Cell1947	1	6	3	2
Cell1948	1	1	1	1
Cell1949	1	2	4	4
Cell1950	1	4	3	3
Cell1951	1	4	3	3
Cell1952	1	2	4	4
Cell1953	1	4	3	3
Cell1954	1	4	3	3
Cell1955	1	2	4	4
Cell1956	1	1	1	1
Cell1957	1	1	1	1
Cell1958	1	3	3	3
Cell1959	1	4	3	3
Cell1960	1	3	3	3
Cell1961	1	6	3	2
Cell1962	1	8	1	1
Cell1963	1	6	3	2
Cell1966	1	5	2	4
Cell1967	1	4	3	3
Cell1968	1	2	2	4
Cell1969	1	1	1	1
Cell1970	1	1	1	1
Cell1971	1	2	4	4
Cell1973	1	6	3	2
Cell1974	1	9	3	2
Cell1975	1	3	3	3
Cell1976	1	9	3	2
Cell1977	1	9	3	2
Cell1978	1	2	4	4
Cell1979	1	2	4	4
Cell1980	1	3	3	3
Cell1981	1	1	1	1
Cell1982	1	3	3	3
Cell1983	1	2	4	4
Cell1984	1	8	1	1
Cell1985	1	2	4	4
Cell1986	1	2	2	4
Cell1987	1	1	1	1
Cell1988	1	9	3	2
Cell1989	1	1	1	1
Cell1990	1	3	3	3
Cell1991	1	6	3	2
Cell1992	1	3	3	3
Cell1993	1	7	3	2
Cell1994	1	7	3	2
Cell1995	1	5	2	4
Cell1996	1	8	1	1
Cell1997	1	3	3	3
Cell1998	1	1	1	1
Cell1999	1	2	4	4
Cell2000	1	3	3	3
