ID	did	seurat_cluster	kmeans_cluster	labels
Cell1	1	6	57	63
Cell2	1	5	13	61
Cell3	1	15	62	25
Cell4	1	5	21	30
Cell5	1	5	13	50
Cell6	1	15	62	25
Cell7	1	3	61	14
Cell8	1	2	43	48
Cell9	1	8	18	57
Cell10	1	8	33	49
Cell12	1	15	58	29
Cell13	1	15	62	25
Cell14	1	4	15	29
Cell15	1	13	42	8
Cell16	1	5	2	57
Cell17	1	6	57	63
Cell18	1	1	20	28
Cell19	1	9	46	33
Cell21	1	1	20	28
Cell22	1	1	41	17
Cell23	1	5	21	34
Cell24	1	13	42	8
Cell25	1	8	33	16
Cell26	1	12	52	32
Cell27	1	3	17	35
Cell28	1	2	6	44
Cell29	1	4	15	21
Cell30	1	1	29	56
Cell31	1	1	22	28
Cell32	1	2	43	15
Cell33	1	7	50	9
Cell34	1	7	16	6
Cell35	1	11	24	27
Cell36	1	5	21	3
Cell37	1	12	52	54
Cell38	1	3	49	7
Cell39	1	2	34	20
Cell40	1	3	36	26
Cell41	1	8	55	53
Cell43	1	2	47	47
Cell44	1	3	37	60
Cell45	1	3	31	51
Cell46	1	5	38	31
Cell47	1	3	30	40
Cell48	1	2	34	1
Cell49	1	2	9	52
Cell50	1	8	12	35
Cell53	1	1	40	60
Cell54	1	14	1	55
Cell55	1	3	36	58
Cell56	1	1	41	17
Cell57	1	3	61	44
Cell58	1	5	25	38
Cell59	1	3	49	7
Cell60	1	11	35	39
Cell61	1	5	25	49
Cell62	1	11	24	27
Cell63	1	3	31	51
Cell65	1	7	16	6
Cell66	1	16	51	11
Cell67	1	12	52	54
Cell68	1	1	20	28
Cell69	1	4	60	4
Cell70	1	4	26	47
Cell71	1	2	9	31
Cell73	1	14	1	55
Cell74	1	11	24	39
Cell75	1	15	62	25
Cell76	1	3	30	40
Cell77	1	3	36	58
Cell78	1	3	61	36
Cell79	1	3	36	14
Cell80	1	8	18	16
Cell81	1	10	45	38
Cell82	1	1	40	53
Cell83	1	6	53	42
Cell84	1	4	59	19
Cell85	1	1	29	17
Cell87	1	5	25	47
Cell88	1	6	11	53
Cell89	1	4	60	36
Cell90	1	1	40	26
Cell91	1	3	31	51
Cell92	1	2	9	1
Cell93	1	10	45	38
Cell94	1	5	13	61
Cell95	1	4	26	47
Cell96	1	11	24	27
Cell97	1	1	22	60
Cell98	1	8	33	40
Cell99	1	6	11	10
Cell100	1	5	2	60
Cell101	1	2	9	60
Cell102	1	6	53	42
Cell103	1	13	42	8
Cell104	1	2	47	13
Cell105	1	14	1	55
Cell106	1	2	4	21
Cell107	1	16	51	11
Cell108	1	5	38	24
Cell109	1	15	58	21
Cell110	1	3	17	7
Cell111	1	3	31	23
Cell112	1	9	32	18
Cell114	1	12	52	4
Cell115	1	5	21	61
Cell117	1	2	4	23
Cell118	1	2	35	23
Cell119	1	12	52	54
Cell120	1	12	52	54
Cell121	1	1	29	15
Cell122	1	12	52	54
Cell123	1	10	14	19
Cell124	1	5	21	35
Cell125	1	1	40	43
Cell126	1	3	49	64
Cell128	1	4	59	13
Cell129	1	11	24	39
Cell130	1	1	40	64
Cell131	1	5	59	63
Cell132	1	4	27	59
Cell133	1	2	6	22
Cell135	1	14	1	34
Cell136	1	2	43	59
Cell137	1	3	49	58
Cell138	1	1	20	2
Cell139	1	3	28	14
Cell140	1	15	62	25
Cell141	1	9	46	33
Cell142	1	6	53	13
Cell143	1	4	27	5
Cell144	1	1	56	3
Cell145	1	9	32	18
Cell146	1	2	43	15
Cell147	1	3	28	21
Cell148	1	4	26	59
Cell149	1	7	3	62
Cell150	1	6	11	10
Cell151	1	5	2	49
Cell152	1	3	17	58
Cell153	1	2	34	41
Cell154	1	11	24	27
Cell155	1	6	57	2
Cell156	1	9	32	18
Cell157	1	15	23	25
Cell158	1	6	57	33
Cell159	1	7	16	6
Cell160	1	6	53	42
Cell161	1	2	5	43
Cell163	1	2	34	23
Cell164	1	12	52	54
Cell165	1	4	53	29
Cell166	1	9	48	34
Cell167	1	8	12	14
Cell168	1	5	21	9
Cell169	1	9	48	36
Cell170	1	9	44	31
Cell171	1	7	50	45
Cell172	1	8	18	35
Cell173	1	7	8	16
Cell174	1	4	27	2
Cell176	1	12	52	54
Cell177	1	9	32	18
Cell178	1	10	45	38
Cell179	1	4	15	19
Cell180	1	5	59	24
Cell181	1	14	1	55
Cell182	1	5	25	61
Cell183	1	14	1	55
Cell184	1	7	50	9
Cell185	1	2	64	48
Cell186	1	3	36	48
Cell187	1	13	42	8
Cell188	1	10	14	5
Cell189	1	4	26	59
Cell190	1	10	14	12
Cell191	1	3	17	30
Cell192	1	1	20	52
Cell193	1	7	3	14
Cell194	1	14	1	55
Cell196	1	4	10	63
Cell197	1	9	48	34
Cell198	1	2	5	43
Cell199	1	2	34	41
Cell200	1	6	11	10
Cell201	1	5	39	50
Cell202	1	2	4	23
Cell204	1	5	21	14
Cell205	1	1	30	53
Cell206	1	9	48	26
Cell207	1	4	26	6
Cell208	1	8	33	16
Cell209	1	1	7	56
Cell210	1	4	26	47
Cell211	1	8	18	52
Cell212	1	11	46	27
Cell213	1	15	62	25
Cell214	1	1	54	52
Cell215	1	2	35	21
Cell216	1	10	45	38
Cell217	1	5	2	44
Cell218	1	8	12	56
Cell219	1	2	64	14
Cell220	1	5	38	63
Cell221	1	9	48	26
Cell222	1	7	50	21
Cell223	1	1	56	26
Cell224	1	3	36	58
Cell225	1	10	45	2
Cell226	1	11	46	34
Cell227	1	1	54	15
Cell228	1	5	59	44
Cell229	1	6	63	10
Cell230	1	7	50	9
Cell231	1	6	57	5
Cell232	1	7	16	48
Cell233	1	1	7	28
Cell234	1	13	42	8
Cell235	1	14	1	55
Cell236	1	7	3	9
Cell237	1	1	7	28
Cell238	1	1	22	57
Cell239	1	10	14	3
Cell240	1	1	54	56
Cell241	1	7	16	19
Cell242	1	3	36	23
Cell243	1	11	46	39
Cell244	1	15	62	25
Cell245	1	9	44	36
Cell246	1	1	22	4
Cell247	1	5	21	44
Cell248	1	13	42	8
Cell249	1	13	42	19
Cell250	1	14	1	55
Cell251	1	1	41	16
Cell252	1	12	52	54
Cell253	1	3	31	51
Cell254	1	2	34	41
Cell255	1	10	14	12
Cell256	1	7	50	28
Cell257	1	1	40	22
Cell258	1	4	27	24
Cell259	1	7	50	49
Cell260	1	8	33	16
Cell261	1	11	46	27
Cell262	1	6	53	48
Cell263	1	5	13	46
Cell264	1	4	60	59
Cell265	1	4	26	47
Cell267	1	4	44	29
Cell268	1	3	36	58
Cell269	1	11	24	27
Cell270	1	2	10	32
Cell271	1	6	11	31
Cell272	1	4	59	45
Cell273	1	12	52	14
Cell274	1	3	31	51
Cell275	1	13	42	32
Cell276	1	3	30	26
Cell277	1	2	47	59
Cell278	1	8	12	46
Cell279	1	9	48	48
Cell280	1	12	52	54
Cell281	1	2	34	41
Cell283	1	4	60	35
Cell284	1	3	61	7
Cell285	1	3	17	45
Cell286	1	4	38	1
Cell287	1	3	31	51
Cell288	1	4	26	19
Cell289	1	6	53	42
Cell290	1	2	4	1
Cell292	1	6	53	42
Cell293	1	5	39	50
Cell294	1	3	31	51
Cell295	1	6	53	42
Cell297	1	4	26	13
Cell298	1	10	14	12
Cell299	1	16	51	11
Cell300	1	1	22	26
Cell301	1	2	19	63
Cell302	1	1	56	14
Cell303	1	9	32	18
Cell304	1	7	50	9
Cell305	1	2	9	17
Cell306	1	10	45	46
Cell307	1	5	13	53
Cell308	1	1	22	62
Cell309	1	5	2	44
Cell310	1	10	14	38
Cell311	1	8	33	5
Cell312	1	3	37	58
Cell313	1	4	26	47
Cell314	1	3	36	23
Cell315	1	1	30	48
Cell316	1	6	57	3
Cell317	1	4	60	47
Cell318	1	1	54	44
Cell319	1	3	31	30
Cell320	1	5	39	50
Cell321	1	7	33	16
Cell322	1	2	4	1
Cell323	1	2	47	63
Cell324	1	8	18	49
Cell325	1	12	52	54
Cell326	1	2	47	1
Cell327	1	10	14	60
Cell328	1	5	13	1
Cell329	1	8	55	16
Cell330	1	9	44	34
Cell331	1	2	19	1
Cell332	1	2	47	47
Cell333	1	1	7	60
Cell334	1	2	4	46
Cell335	1	2	64	41
Cell336	1	5	38	50
Cell338	1	1	54	56
Cell339	1	8	33	26
Cell340	1	4	27	64
Cell341	1	5	25	61
Cell342	1	1	20	28
Cell343	1	1	29	46
Cell344	1	11	46	26
Cell345	1	5	13	50
Cell346	1	5	2	44
Cell347	1	10	45	38
Cell348	1	3	31	51
Cell349	1	5	39	50
Cell350	1	7	8	56
Cell351	1	8	55	52
Cell352	1	1	7	3
Cell353	1	12	52	57
Cell354	1	7	16	22
Cell355	1	4	26	59
Cell356	1	7	3	52
Cell357	1	14	35	34
Cell358	1	12	52	22
Cell359	1	10	14	12
Cell360	1	3	49	45
Cell361	1	10	14	12
Cell362	1	3	30	22
Cell363	1	6	53	57
Cell364	1	11	46	49
Cell365	1	12	52	54
Cell366	1	5	25	61
Cell367	1	8	33	16
Cell368	1	13	42	19
Cell369	1	8	12	44
Cell370	1	15	62	25
Cell372	1	7	3	9
Cell373	1	4	60	23
Cell374	1	1	29	15
Cell375	1	2	5	21
Cell376	1	7	50	49
Cell377	1	6	53	42
Cell378	1	1	40	21
Cell379	1	4	15	37
Cell380	1	7	50	28
Cell382	1	2	34	20
Cell383	1	5	39	40
Cell384	1	5	39	50
Cell385	1	13	42	8
Cell386	1	4	60	15
Cell387	1	1	56	53
Cell388	1	5	13	24
Cell389	1	2	6	34
Cell391	1	1	54	31
Cell392	1	6	11	10
Cell393	1	10	14	12
Cell394	1	8	55	5
Cell395	1	8	55	31
Cell396	1	2	6	60
Cell397	1	3	64	20
Cell398	1	1	56	56
Cell399	1	8	55	43
Cell400	1	10	45	24
Cell401	1	3	17	58
Cell402	1	2	47	20
Cell403	1	3	36	26
Cell404	1	8	55	19
Cell405	1	13	42	8
Cell406	1	9	32	18
Cell407	1	2	64	41
Cell408	1	4	26	59
Cell409	1	7	40	6
Cell410	1	10	14	12
Cell411	1	4	27	42
Cell412	1	1	54	60
Cell413	1	1	54	15
Cell414	1	5	38	32
Cell415	1	9	48	13
Cell417	1	4	26	47
Cell418	1	3	31	51
Cell419	1	1	56	60
Cell420	1	3	36	58
Cell421	1	7	50	49
Cell422	1	2	43	31
Cell423	1	10	14	12
Cell424	1	10	14	12
Cell425	1	12	52	61
Cell426	1	4	27	13
Cell427	1	1	8	52
Cell428	1	3	36	31
Cell429	1	3	17	7
Cell430	1	12	52	54
Cell431	1	7	16	6
Cell432	1	7	8	6
Cell433	1	2	4	23
Cell434	1	4	26	47
Cell435	1	2	34	35
Cell436	1	6	27	42
Cell437	1	2	43	20
Cell438	1	9	44	59
Cell439	1	3	28	35
Cell440	1	11	46	48
Cell441	1	6	57	63
Cell442	1	16	51	11
Cell443	1	8	33	16
Cell444	1	12	52	14
Cell445	1	8	18	16
Cell446	1	2	19	1
Cell447	1	3	31	51
Cell448	1	7	50	52
Cell449	1	3	37	26
Cell451	1	6	53	13
Cell452	1	3	37	51
Cell453	1	2	19	1
Cell454	1	4	59	63
Cell455	1	5	39	50
Cell456	1	7	3	62
Cell457	1	15	62	25
Cell458	1	11	24	39
Cell459	1	7	8	6
Cell460	1	2	43	13
Cell461	1	6	57	49
Cell462	1	1	20	28
Cell463	1	2	19	1
Cell464	1	1	7	15
Cell465	1	1	40	16
Cell466	1	3	30	58
Cell467	1	8	55	16
Cell468	1	1	41	60
Cell469	1	1	56	40
Cell470	1	3	37	58
Cell471	1	10	45	38
Cell472	1	2	43	7
Cell473	1	1	41	17
Cell474	1	8	33	16
Cell475	1	4	60	3
Cell476	1	2	4	23
Cell477	1	3	58	44
Cell478	1	4	15	33
Cell479	1	4	44	48
Cell480	1	1	7	43
Cell481	1	6	11	10
Cell482	1	1	22	31
Cell483	1	4	60	34
Cell484	1	6	53	42
Cell485	1	6	63	33
Cell486	1	2	19	60
Cell487	1	3	31	51
Cell488	1	14	1	55
Cell489	1	3	36	31
Cell490	1	1	40	52
Cell491	1	4	27	61
Cell492	1	11	10	39
Cell493	1	5	13	24
Cell494	1	3	61	36
Cell495	1	10	45	38
Cell496	1	16	51	11
Cell497	1	12	52	54
Cell498	1	5	2	11
Cell499	1	4	60	64
Cell500	1	2	6	19
Cell501	1	9	48	19
Cell502	1	3	28	35
Cell503	1	5	2	24
Cell504	1	5	21	30
Cell505	1	2	47	47
Cell506	1	2	9	59
Cell507	1	5	25	61
Cell508	1	12	52	45
Cell509	1	6	53	42
Cell510	1	12	52	54
Cell511	1	2	30	60
Cell512	1	9	44	63
Cell513	1	8	33	16
Cell515	1	12	52	54
Cell516	1	3	64	58
Cell517	1	7	8	26
Cell518	1	3	49	58
Cell519	1	5	59	32
Cell520	1	3	61	36
Cell521	1	6	11	10
Cell522	1	1	7	2
Cell523	1	11	46	34
Cell524	1	13	42	8
Cell525	1	1	29	4
Cell526	1	9	48	34
Cell527	1	8	40	22
Cell528	1	1	20	28
Cell529	1	5	38	3
Cell530	1	12	52	54
Cell531	1	11	24	39
Cell532	1	4	27	46
Cell533	1	6	63	61
Cell534	1	1	41	53
Cell535	1	8	33	16
Cell536	1	6	11	10
Cell537	1	2	43	15
Cell538	1	11	24	39
Cell539	1	1	30	41
Cell540	1	14	1	55
Cell541	1	6	63	32
Cell542	1	2	64	5
Cell543	1	13	42	8
Cell544	1	6	11	10
Cell545	1	10	14	12
Cell546	1	11	35	26
Cell547	1	4	15	48
Cell548	1	1	54	2
Cell549	1	11	46	3
Cell550	1	1	7	46
Cell551	1	4	59	24
Cell552	1	5	25	24
Cell553	1	4	26	47
Cell554	1	7	16	6
Cell555	1	3	61	7
Cell556	1	5	13	50
Cell557	1	3	49	7
Cell558	1	4	26	47
Cell559	1	1	40	64
Cell560	1	2	34	60
Cell561	1	5	59	39
Cell562	1	10	14	12
Cell563	1	1	30	53
Cell564	1	5	2	35
Cell565	1	6	63	31
Cell566	1	2	5	45
Cell567	1	3	17	7
Cell568	1	7	50	49
Cell569	1	2	64	41
Cell570	1	12	52	57
Cell571	1	12	52	14
Cell572	1	2	4	23
Cell573	1	2	43	15
Cell575	1	16	51	11
Cell576	1	2	47	23
Cell577	1	10	14	12
Cell578	1	11	46	39
Cell579	1	4	59	46
Cell580	1	8	49	7
Cell581	1	5	13	43
Cell582	1	7	16	62
Cell583	1	3	30	22
Cell585	1	1	22	28
Cell586	1	1	41	17
Cell587	1	1	15	48
Cell588	1	1	20	28
Cell589	1	8	55	57
Cell590	1	1	40	3
Cell591	1	6	53	42
Cell592	1	9	32	18
Cell593	1	9	44	19
Cell594	1	3	30	26
Cell595	1	4	60	47
Cell596	1	10	45	57
Cell597	1	3	30	36
Cell598	1	15	62	25
Cell599	1	3	49	53
Cell600	1	7	16	62
Cell601	1	2	64	36
Cell602	1	4	59	13
Cell603	1	11	35	59
Cell604	1	2	47	60
Cell605	1	6	11	3
Cell606	1	1	22	4
Cell607	1	2	47	1
Cell608	1	2	64	41
Cell609	1	6	53	46
Cell610	1	5	25	60
Cell611	1	16	51	11
Cell612	1	10	14	38
Cell613	1	10	14	12
Cell614	1	1	40	14
Cell615	1	11	24	39
Cell616	1	4	60	13
Cell618	1	3	36	22
Cell619	1	9	48	59
Cell620	1	1	56	58
Cell621	1	1	22	2
Cell622	1	2	47	40
Cell623	1	8	55	35
Cell624	1	6	53	42
Cell625	1	10	45	38
Cell626	1	3	37	30
Cell627	1	9	44	34
Cell628	1	2	6	7
Cell629	1	5	38	63
Cell630	1	6	53	42
Cell631	1	12	52	54
Cell632	1	2	43	20
Cell633	1	1	41	22
Cell635	1	8	18	43
Cell636	1	8	55	31
Cell637	1	11	24	39
Cell638	1	5	38	1
Cell639	1	8	12	35
Cell640	1	4	59	13
Cell641	1	1	29	15
Cell642	1	7	50	49
Cell644	1	9	48	34
Cell645	1	2	47	20
Cell646	1	6	11	10
Cell647	1	12	52	40
Cell648	1	4	44	3
Cell649	1	11	24	26
Cell650	1	5	13	50
Cell651	1	5	59	3
Cell652	1	11	46	39
Cell653	1	6	57	29
Cell654	1	1	22	9
Cell655	1	1	54	17
Cell656	1	5	39	50
Cell657	1	1	56	43
Cell658	1	6	57	2
Cell659	1	3	31	24
Cell660	1	3	37	21
Cell662	1	4	26	31
Cell663	1	5	21	43
Cell664	1	13	42	8
Cell665	1	1	7	64
Cell666	1	2	64	63
Cell667	1	10	45	38
Cell668	1	4	46	9
Cell669	1	3	36	36
Cell670	1	11	24	27
Cell671	1	5	38	36
Cell672	1	1	54	56
Cell673	1	4	27	37
Cell674	1	5	2	24
Cell675	1	4	26	47
Cell676	1	4	60	31
Cell677	1	4	15	2
Cell678	1	7	50	6
Cell679	1	1	20	28
Cell680	1	2	9	22
Cell681	1	5	2	49
Cell682	1	3	64	41
Cell683	1	2	6	35
Cell684	1	3	49	26
Cell686	1	7	3	14
Cell687	1	11	46	34
Cell688	1	11	24	52
Cell689	1	6	11	10
Cell690	1	1	29	53
Cell691	1	2	19	40
Cell692	1	4	27	9
Cell693	1	2	9	14
Cell694	1	4	26	47
Cell695	1	5	25	43
Cell696	1	7	3	62
Cell697	1	4	26	43
Cell698	1	6	57	33
Cell699	1	7	3	2
Cell700	1	8	33	16
Cell701	1	8	33	7
Cell702	1	3	37	44
Cell703	1	2	34	41
Cell704	1	10	45	38
Cell705	1	3	36	20
Cell706	1	1	8	52
Cell707	1	1	40	53
Cell708	1	1	56	14
Cell709	1	1	20	4
Cell710	1	1	41	17
Cell711	1	6	57	5
Cell712	1	3	49	14
Cell713	1	5	39	50
Cell715	1	11	24	39
Cell716	1	15	23	5
Cell717	1	2	9	32
Cell718	1	9	48	48
Cell719	1	10	14	12
Cell720	1	9	32	18
Cell721	1	1	29	4
Cell722	1	1	54	35
Cell723	1	13	42	8
Cell725	1	3	31	51
Cell726	1	4	59	37
Cell727	1	3	61	57
Cell728	1	2	47	47
Cell729	1	9	32	33
Cell730	1	3	36	7
Cell731	1	15	23	26
Cell732	1	3	28	30
Cell733	1	4	27	31
Cell734	1	14	1	55
Cell735	1	2	64	14
Cell736	1	7	8	59
Cell737	1	4	27	64
Cell738	1	3	31	56
Cell739	1	11	46	9
Cell740	1	7	50	9
Cell741	1	9	48	34
Cell742	1	2	9	23
Cell743	1	5	2	41
Cell744	1	7	3	45
Cell745	1	4	59	46
Cell746	1	6	57	33
Cell747	1	1	7	56
Cell748	1	15	23	25
Cell749	1	2	19	23
Cell750	1	4	26	47
Cell751	1	10	14	12
Cell752	1	9	48	34
Cell753	1	2	6	29
Cell754	1	14	1	55
Cell756	1	8	55	16
Cell757	1	4	60	13
Cell758	1	4	60	59
Cell759	1	6	57	43
Cell760	1	5	13	24
Cell761	1	1	56	22
Cell762	1	10	45	40
Cell763	1	8	55	53
Cell764	1	2	64	41
Cell765	1	9	48	34
Cell766	1	5	38	24
Cell767	1	12	52	44
Cell768	1	4	26	61
Cell769	1	4	26	59
Cell770	1	3	36	58
Cell771	1	4	26	63
Cell772	1	2	9	37
Cell773	1	3	49	7
Cell774	1	1	20	28
Cell775	1	4	60	57
Cell776	1	5	38	24
Cell777	1	2	6	31
Cell778	1	10	45	38
Cell779	1	14	1	55
Cell780	1	7	33	40
Cell781	1	2	19	46
Cell782	1	9	32	18
Cell783	1	5	39	50
Cell784	1	2	43	37
Cell785	1	16	51	11
Cell786	1	4	15	53
Cell787	1	2	9	58
Cell788	1	15	62	25
Cell789	1	14	1	61
Cell790	1	2	64	41
Cell791	1	5	25	38
Cell794	1	6	53	2
Cell795	1	10	14	12
Cell796	1	11	46	7
Cell797	1	7	16	62
Cell798	1	5	39	50
Cell799	1	3	30	41
Cell800	1	3	31	46
Cell801	1	1	56	22
Cell802	1	8	55	16
Cell803	1	7	3	6
Cell804	1	6	63	57
Cell805	1	1	20	40
Cell806	1	2	19	41
Cell807	1	5	13	33
Cell808	1	1	41	17
Cell809	1	14	1	26
Cell810	1	1	40	56
Cell811	1	3	28	21
Cell812	1	8	55	30
Cell813	1	3	17	36
Cell814	1	5	25	40
Cell815	1	3	28	30
Cell818	1	3	36	23
Cell819	1	6	63	44
Cell820	1	8	55	1
Cell821	1	4	43	15
Cell822	1	7	8	13
Cell823	1	2	43	15
Cell824	1	3	30	41
Cell825	1	1	22	31
Cell826	1	7	3	6
Cell827	1	8	55	16
Cell829	1	6	53	42
Cell830	1	1	20	63
Cell832	1	2	4	43
Cell833	1	1	7	48
Cell834	1	13	42	8
Cell835	1	3	49	7
Cell836	1	5	2	30
Cell837	1	6	11	10
Cell838	1	7	16	16
Cell839	1	14	1	55
Cell840	1	7	16	5
Cell842	1	6	53	42
Cell843	1	1	7	2
Cell844	1	3	31	51
Cell845	1	14	1	55
Cell846	1	5	21	63
Cell847	1	12	52	54
Cell848	1	13	42	8
Cell849	1	4	27	42
Cell850	1	4	15	29
Cell851	1	3	28	24
Cell852	1	1	8	60
Cell853	1	2	30	1
Cell854	1	10	45	38
Cell855	1	2	9	1
Cell856	1	3	28	58
Cell857	1	16	51	11
Cell858	1	5	13	24
Cell859	1	1	22	28
Cell860	1	3	49	14
Cell861	1	7	33	19
Cell862	1	15	62	25
Cell863	1	12	52	54
Cell864	1	3	49	58
Cell866	1	9	44	45
Cell867	1	7	16	62
Cell868	1	2	10	44
Cell869	1	3	36	22
Cell870	1	3	17	58
Cell871	1	11	46	39
Cell872	1	1	8	64
Cell873	1	1	20	28
Cell874	1	2	34	36
Cell875	1	7	3	29
Cell876	1	4	15	48
Cell877	1	6	11	10
Cell878	1	12	52	5
Cell880	1	16	51	23
Cell881	1	1	8	40
Cell882	1	2	4	43
Cell883	1	1	54	53
Cell884	1	7	33	6
Cell885	1	3	17	46
Cell886	1	8	40	21
Cell887	1	5	38	61
Cell888	1	1	22	4
Cell889	1	1	22	9
Cell890	1	1	8	2
Cell891	1	10	45	34
Cell892	1	4	27	21
Cell893	1	11	24	14
Cell894	1	2	19	1
Cell895	1	2	19	57
Cell896	1	1	54	22
Cell897	1	12	52	54
Cell898	1	2	5	60
Cell899	1	6	11	3
Cell900	1	1	22	48
Cell901	1	5	2	49
Cell902	1	2	47	23
Cell903	1	5	39	50
Cell904	1	8	55	16
Cell905	1	2	10	34
Cell906	1	11	24	39
Cell907	1	13	42	8
Cell908	1	1	22	53
Cell909	1	1	7	4
Cell910	1	2	4	37
Cell911	1	1	41	22
Cell912	1	4	27	13
Cell913	1	5	13	53
Cell914	1	14	1	55
Cell915	1	11	24	26
Cell916	1	5	21	49
Cell917	1	2	19	1
Cell918	1	9	48	59
Cell919	1	2	4	5
Cell920	1	7	50	43
Cell921	1	10	45	14
Cell922	1	6	57	5
Cell923	1	3	49	60
Cell924	1	5	25	50
Cell925	1	13	42	8
Cell926	1	2	19	37
Cell927	1	2	9	1
Cell928	1	4	27	57
Cell929	1	3	36	37
Cell930	1	11	46	27
Cell932	1	3	30	22
Cell933	1	2	43	56
Cell934	1	8	33	5
Cell935	1	5	25	14
Cell936	1	5	59	24
Cell937	1	9	32	18
Cell938	1	14	1	55
Cell939	1	9	44	35
Cell940	1	7	16	62
Cell941	1	3	37	44
Cell942	1	2	5	21
Cell943	1	1	29	4
Cell944	1	13	42	8
Cell945	1	2	5	21
Cell946	1	3	37	7
Cell947	1	1	20	28
Cell948	1	1	22	6
Cell949	1	6	11	10
Cell950	1	4	44	13
Cell951	1	9	48	59
Cell952	1	10	14	12
Cell953	1	7	3	62
Cell954	1	3	37	52
Cell955	1	3	49	26
Cell957	1	5	21	3
Cell958	1	3	37	30
Cell959	1	15	62	25
Cell960	1	4	60	21
Cell961	1	11	24	39
Cell962	1	3	36	7
Cell963	1	14	1	55
Cell964	1	6	11	31
Cell965	1	7	3	60
Cell966	1	1	40	64
Cell967	1	14	35	23
Cell968	1	2	4	59
Cell969	1	15	62	25
Cell970	1	6	57	5
Cell971	1	1	8	21
Cell972	1	9	32	18
Cell974	1	1	29	48
Cell975	1	14	1	55
Cell976	1	4	15	46
Cell978	1	2	47	19
Cell979	1	4	26	47
Cell980	1	8	55	16
Cell981	1	15	62	25
Cell982	1	1	8	2
Cell983	1	4	26	59
Cell984	1	4	44	32
Cell986	1	5	39	50
Cell987	1	11	24	52
Cell988	1	4	26	47
Cell989	1	4	47	47
Cell990	1	10	45	60
Cell991	1	5	38	37
Cell992	1	11	24	27
Cell993	1	1	54	26
Cell995	1	13	42	8
Cell997	1	12	52	12
Cell998	1	3	49	37
Cell999	1	6	63	32
Cell1000	1	8	55	14
Cell1001	1	13	42	8
Cell1003	1	14	5	55
Cell1004	1	15	62	25
Cell1005	1	2	10	32
Cell1006	1	3	49	58
Cell1007	1	1	20	28
Cell1008	1	7	3	6
Cell1010	1	5	25	50
Cell1011	1	1	54	60
Cell1012	1	6	11	10
Cell1013	1	1	22	48
Cell1015	1	1	7	28
Cell1016	1	4	26	19
Cell1017	1	6	57	29
Cell1018	1	3	64	36
Cell1019	1	3	49	35
Cell1020	1	7	16	62
Cell1021	1	4	59	61
Cell1022	1	7	50	49
Cell1023	1	3	17	5
Cell1024	1	11	24	39
Cell1025	1	12	52	54
Cell1026	1	8	18	57
Cell1027	1	1	54	56
Cell1028	1	4	60	30
Cell1029	1	4	60	29
Cell1030	1	3	61	7
Cell1031	1	2	10	1
Cell1032	1	1	56	53
Cell1033	1	4	27	34
Cell1034	1	1	22	52
Cell1035	1	5	59	30
Cell1036	1	6	57	45
Cell1037	1	9	46	59
Cell1038	1	8	12	58
Cell1039	1	3	49	48
Cell1040	1	1	40	26
Cell1042	1	7	50	9
Cell1043	1	5	25	13
Cell1044	1	2	19	23
Cell1045	1	5	2	3
Cell1046	1	5	13	24
Cell1047	1	7	16	6
Cell1048	1	8	12	31
Cell1050	1	7	16	62
Cell1052	1	10	45	44
Cell1053	1	3	31	51
Cell1054	1	10	14	12
Cell1055	1	11	35	27
Cell1056	1	2	19	53
Cell1057	1	1	40	56
Cell1059	1	2	34	52
Cell1060	1	12	52	53
Cell1061	1	6	27	15
Cell1062	1	2	10	44
Cell1063	1	8	33	16
Cell1064	1	7	16	62
Cell1065	1	8	18	35
Cell1066	1	3	49	26
Cell1067	1	1	20	28
Cell1068	1	5	25	41
Cell1070	1	4	60	13
Cell1071	1	2	4	46
Cell1072	1	1	56	53
Cell1073	1	1	41	29
Cell1074	1	1	7	31
Cell1075	1	14	1	55
Cell1076	1	1	40	56
Cell1077	1	3	31	51
Cell1079	1	1	29	28
Cell1080	1	6	53	13
Cell1081	1	14	1	55
Cell1082	1	12	52	54
Cell1083	1	7	16	6
Cell1084	1	3	36	23
Cell1085	1	1	22	19
Cell1086	1	6	11	10
Cell1087	1	2	4	20
Cell1088	1	6	11	10
Cell1089	1	4	26	19
Cell1090	1	11	24	27
Cell1091	1	3	17	33
Cell1092	1	6	11	10
Cell1093	1	3	36	58
Cell1094	1	3	31	51
Cell1095	1	10	14	12
Cell1096	1	11	24	27
Cell1097	1	5	2	61
Cell1098	1	6	53	13
Cell1099	1	4	60	32
Cell1100	1	7	3	6
Cell1101	1	8	12	45
Cell1102	1	2	10	3
Cell1103	1	11	24	27
Cell1104	1	6	53	42
Cell1105	1	2	43	17
Cell1106	1	4	26	47
Cell1107	1	1	41	17
Cell1108	1	15	62	25
Cell1109	1	2	64	41
Cell1110	1	2	47	32
Cell1111	1	12	52	61
Cell1112	1	8	12	23
Cell1113	1	2	43	4
Cell1114	1	1	29	15
Cell1115	1	15	62	25
Cell1117	1	11	35	39
Cell1118	1	10	45	43
Cell1119	1	6	57	30
Cell1120	1	5	2	49
Cell1121	1	2	9	20
Cell1122	1	13	6	8
Cell1124	1	10	14	12
Cell1125	1	9	32	18
Cell1126	1	1	54	4
Cell1127	1	13	42	8
Cell1128	1	8	55	16
Cell1129	1	3	31	51
Cell1130	1	4	44	44
Cell1131	1	1	29	17
Cell1132	1	1	54	17
Cell1133	1	2	43	13
Cell1134	1	16	51	11
Cell1135	1	1	20	30
Cell1136	1	10	14	12
Cell1137	1	8	55	3
Cell1138	1	5	21	30
Cell1139	1	5	2	4
Cell1140	1	4	60	6
Cell1141	1	9	32	37
Cell1142	1	3	30	36
Cell1143	1	6	57	37
Cell1144	1	6	11	10
Cell1145	1	9	48	34
Cell1146	1	3	17	53
Cell1147	1	3	49	32
Cell1148	1	4	60	1
Cell1149	1	1	7	59
Cell1150	1	4	26	47
Cell1151	1	9	32	18
Cell1152	1	3	49	40
Cell1153	1	14	5	55
Cell1154	1	5	50	57
Cell1155	1	2	19	1
Cell1156	1	11	24	39
Cell1157	1	16	51	11
Cell1158	1	5	39	50
Cell1159	1	5	25	60
Cell1160	1	2	34	60
Cell1161	1	2	64	41
Cell1162	1	14	1	55
Cell1163	1	4	15	48
Cell1164	1	5	39	40
Cell1165	1	6	53	42
Cell1166	1	4	26	47
Cell1167	1	14	1	55
Cell1168	1	5	2	15
Cell1169	1	4	60	29
Cell1170	1	10	45	46
Cell1171	1	9	48	34
Cell1172	1	4	27	9
Cell1173	1	2	4	64
Cell1174	1	2	4	1
Cell1175	1	5	39	50
Cell1176	1	6	53	3
Cell1177	1	10	45	41
Cell1178	1	13	42	8
Cell1179	1	2	10	39
Cell1180	1	9	32	18
Cell1181	1	8	12	22
Cell1182	1	2	47	14
Cell1183	1	9	44	13
Cell1184	1	6	53	42
Cell1185	1	2	9	48
Cell1186	1	4	10	34
Cell1187	1	6	57	19
Cell1188	1	15	23	40
Cell1189	1	4	26	63
Cell1190	1	11	46	29
Cell1191	1	9	46	27
Cell1193	1	1	41	17
Cell1194	1	4	15	1
Cell1195	1	1	41	36
Cell1196	1	16	51	11
Cell1197	1	10	45	38
Cell1198	1	3	61	36
Cell1199	1	1	56	48
Cell1200	1	13	42	8
Cell1201	1	12	52	54
Cell1202	1	8	12	29
Cell1203	1	4	26	47
Cell1204	1	8	55	3
Cell1205	1	4	10	57
Cell1206	1	2	43	1
Cell1207	1	4	60	64
Cell1208	1	1	29	15
Cell1209	1	6	63	10
Cell1210	1	15	62	25
Cell1211	1	13	42	8
Cell1212	1	4	27	24
Cell1213	1	1	29	58
Cell1214	1	7	3	2
Cell1215	1	2	6	23
Cell1216	1	15	62	25
Cell1217	1	7	16	6
Cell1218	1	2	64	22
Cell1219	1	10	45	38
Cell1220	1	2	34	40
Cell1221	1	10	45	38
Cell1222	1	4	26	63
Cell1223	1	2	34	41
Cell1224	1	7	33	6
Cell1225	1	6	53	42
Cell1226	1	2	6	40
Cell1227	1	1	41	36
Cell1228	1	6	53	42
Cell1229	1	11	10	30
Cell1231	1	12	52	54
Cell1232	1	8	18	29
Cell1233	1	9	44	34
Cell1234	1	5	2	24
Cell1235	1	7	16	62
Cell1236	1	6	53	42
Cell1237	1	13	42	8
Cell1238	1	10	14	12
Cell1239	1	2	4	52
Cell1240	1	2	47	37
Cell1241	1	5	39	50
Cell1242	1	2	64	60
Cell1243	1	9	46	34
Cell1244	1	2	5	32
Cell1245	1	1	56	53
Cell1246	1	1	41	17
Cell1247	1	3	31	51
Cell1248	1	2	34	33
Cell1249	1	5	2	61
Cell1250	1	8	55	16
Cell1251	1	1	40	40
Cell1252	1	7	16	6
Cell1253	1	6	57	29
Cell1254	1	1	22	35
Cell1255	1	3	28	44
Cell1256	1	4	26	47
Cell1257	1	5	39	50
Cell1258	1	16	51	3
Cell1259	1	15	23	26
Cell1260	1	3	49	39
Cell1261	1	3	17	58
Cell1262	1	7	3	9
Cell1263	1	3	61	58
Cell1264	1	1	22	9
Cell1265	1	6	53	2
Cell1266	1	12	52	12
Cell1267	1	14	1	55
Cell1268	1	12	52	54
Cell1269	1	9	48	34
Cell1270	1	3	31	51
Cell1271	1	13	42	8
Cell1272	1	6	63	33
Cell1273	1	4	26	20
Cell1274	1	1	40	48
Cell1275	1	3	61	7
Cell1276	1	10	14	12
Cell1277	1	2	4	3
Cell1278	1	3	30	59
Cell1279	1	9	44	4
Cell1280	1	5	38	2
Cell1281	1	8	12	16
Cell1282	1	3	61	7
Cell1283	1	6	11	31
Cell1284	1	11	10	60
Cell1285	1	10	45	60
Cell1286	1	6	27	2
Cell1287	1	5	25	61
Cell1288	1	9	44	48
Cell1289	1	5	13	2
Cell1290	1	3	31	51
Cell1291	1	1	41	22
Cell1292	1	1	20	9
Cell1293	1	7	16	62
Cell1294	1	2	43	37
Cell1295	1	1	41	53
Cell1296	1	9	44	34
Cell1297	1	11	46	59
Cell1298	1	3	31	24
Cell1299	1	9	32	18
Cell1300	1	4	27	46
Cell1301	1	6	11	10
Cell1302	1	11	35	39
Cell1303	1	3	28	21
Cell1304	1	11	24	27
Cell1305	1	3	17	20
Cell1306	1	2	19	23
Cell1307	1	2	64	41
Cell1308	1	3	61	32
Cell1309	1	5	39	50
Cell1310	1	4	60	59
Cell1311	1	2	64	1
Cell1312	1	1	20	43
Cell1313	1	8	55	16
Cell1314	1	4	60	44
Cell1315	1	11	24	27
Cell1316	1	5	39	61
Cell1317	1	8	33	14
Cell1318	1	5	38	37
Cell1319	1	5	38	50
Cell1320	1	6	53	42
Cell1321	1	16	51	11
Cell1322	1	8	12	6
Cell1323	1	1	56	45
Cell1324	1	4	26	47
Cell1325	1	16	51	11
Cell1326	1	3	36	40
Cell1327	1	8	18	45
Cell1328	1	5	59	24
Cell1329	1	13	42	8
Cell1330	1	6	11	10
Cell1331	1	10	14	44
Cell1332	1	5	39	50
Cell1333	1	16	51	11
Cell1334	1	11	46	59
Cell1337	1	7	16	62
Cell1338	1	14	1	55
Cell1339	1	9	32	18
Cell1340	1	3	28	24
Cell1341	1	6	63	10
Cell1342	1	1	41	36
Cell1343	1	3	28	30
Cell1344	1	11	24	27
Cell1345	1	4	26	47
Cell1346	1	3	36	58
Cell1347	1	7	16	62
Cell1348	1	6	63	33
Cell1349	1	6	57	20
Cell1350	1	8	12	62
Cell1351	1	15	62	25
Cell1352	1	13	6	13
Cell1353	1	6	53	49
Cell1354	1	1	20	28
Cell1355	1	1	56	60
Cell1356	1	1	22	29
Cell1357	1	15	23	25
Cell1358	1	13	42	35
Cell1359	1	1	22	53
Cell1360	1	3	64	58
Cell1361	1	11	24	14
Cell1362	1	1	22	31
Cell1363	1	6	11	10
Cell1364	1	2	10	21
Cell1365	1	1	29	13
Cell1366	1	6	53	42
Cell1367	1	5	38	36
Cell1368	1	4	27	9
Cell1369	1	1	7	29
Cell1370	1	2	47	15
Cell1372	1	10	14	12
Cell1373	1	1	20	28
Cell1375	1	3	17	26
Cell1376	1	7	8	2
Cell1377	1	4	59	33
Cell1378	1	7	50	31
Cell1379	1	2	34	1
Cell1380	1	1	22	64
Cell1381	1	15	23	33
Cell1382	1	5	39	50
Cell1383	1	1	20	9
Cell1384	1	9	48	63
Cell1385	1	5	39	50
Cell1386	1	6	57	26
Cell1387	1	16	51	11
Cell1388	1	9	44	63
Cell1389	1	4	27	9
Cell1390	1	11	24	27
Cell1391	1	2	5	41
Cell1392	1	12	52	54
Cell1393	1	7	50	49
Cell1394	1	9	32	36
Cell1395	1	3	37	60
Cell1396	1	5	38	61
Cell1397	1	7	3	6
Cell1398	1	1	54	4
Cell1399	1	12	52	44
Cell1400	1	3	31	51
Cell1403	1	16	51	5
Cell1404	1	11	24	27
Cell1405	1	1	29	56
Cell1406	1	8	33	29
Cell1407	1	5	13	46
Cell1409	1	2	5	20
Cell1410	1	7	16	45
Cell1411	1	7	16	62
Cell1412	1	2	34	41
Cell1413	1	1	54	4
Cell1414	1	4	15	33
Cell1415	1	1	56	32
Cell1416	1	14	1	55
Cell1417	1	5	39	50
Cell1418	1	9	32	18
Cell1419	1	1	8	52
Cell1420	1	4	26	47
Cell1421	1	9	32	18
Cell1422	1	1	56	22
Cell1423	1	12	52	54
Cell1424	1	2	5	5
Cell1425	1	10	14	12
Cell1426	1	2	43	33
Cell1427	1	5	2	9
Cell1428	1	9	48	33
Cell1429	1	1	22	62
Cell1430	1	7	8	3
Cell1431	1	7	8	49
Cell1432	1	7	16	6
Cell1433	1	4	26	59
Cell1434	1	4	27	24
Cell1435	1	5	2	43
Cell1436	1	2	19	53
Cell1437	1	1	22	4
Cell1438	1	9	48	23
Cell1439	1	4	26	47
Cell1440	1	12	52	53
Cell1441	1	3	28	31
Cell1442	1	1	56	63
Cell1443	1	9	44	9
Cell1444	1	14	1	55
Cell1445	1	6	11	31
Cell1446	1	7	3	62
Cell1447	1	4	15	15
Cell1448	1	3	37	63
Cell1449	1	5	13	61
Cell1450	1	5	13	40
Cell1452	1	9	32	18
Cell1453	1	4	26	47
Cell1454	1	3	28	35
Cell1455	1	1	22	63
Cell1456	1	2	4	37
Cell1457	1	1	54	48
Cell1458	1	6	53	42
Cell1459	1	15	58	5
Cell1460	1	8	33	27
Cell1461	1	9	44	34
Cell1462	1	10	45	38
Cell1463	1	9	44	37
Cell1464	1	6	53	49
Cell1465	1	2	34	56
Cell1466	1	16	51	45
Cell1468	1	9	46	48
Cell1469	1	5	38	36
Cell1470	1	7	50	45
Cell1471	1	5	21	38
Cell1472	1	15	58	57
Cell1473	1	6	57	63
Cell1474	1	6	63	10
Cell1475	1	5	59	4
Cell1476	1	1	20	48
Cell1477	1	1	41	36
Cell1478	1	2	64	63
Cell1479	1	2	35	35
Cell1480	1	2	47	20
Cell1481	1	3	37	5
Cell1482	1	3	37	58
Cell1483	1	5	38	9
Cell1484	1	13	42	8
Cell1485	1	5	39	43
Cell1486	1	2	43	37
Cell1487	1	3	37	51
Cell1488	1	12	52	49
Cell1489	1	9	32	18
Cell1490	1	3	31	51
Cell1491	1	13	42	8
Cell1492	1	16	51	57
Cell1493	1	6	57	9
Cell1496	1	4	44	34
Cell1497	1	2	47	1
Cell1498	1	4	60	21
Cell1499	1	2	5	41
Cell1500	1	1	20	28
Cell1501	1	12	52	54
Cell1502	1	4	15	29
Cell1503	1	10	14	12
Cell1504	1	1	20	28
Cell1505	1	3	28	3
Cell1506	1	5	50	43
Cell1507	1	7	50	30
Cell1508	1	2	43	64
Cell1509	1	4	26	15
Cell1510	1	10	14	12
Cell1511	1	8	40	16
Cell1512	1	11	24	27
Cell1513	1	3	36	58
Cell1514	1	13	42	8
Cell1515	1	2	43	64
Cell1516	1	9	48	59
Cell1517	1	4	27	2
Cell1518	1	4	26	47
Cell1519	1	1	41	19
Cell1520	1	3	31	51
Cell1521	1	1	54	15
Cell1522	1	9	32	18
Cell1523	1	7	33	62
Cell1524	1	11	46	38
Cell1525	1	10	45	38
Cell1526	1	2	10	19
Cell1527	1	6	11	10
Cell1528	1	6	53	49
Cell1529	1	2	47	20
Cell1530	1	11	24	39
Cell1531	1	3	17	36
Cell1532	1	4	59	52
Cell1533	1	7	8	43
Cell1534	1	2	43	37
Cell1535	1	5	13	50
Cell1536	1	4	26	47
Cell1537	1	4	59	24
Cell1538	1	5	59	49
Cell1539	1	4	15	12
Cell1540	1	5	25	61
Cell1541	1	1	7	56
Cell1542	1	1	41	44
Cell1543	1	3	36	7
Cell1544	1	1	29	15
Cell1545	1	3	17	48
Cell1546	1	1	8	3
Cell1547	1	1	29	37
Cell1548	1	6	11	10
Cell1549	1	1	7	19
Cell1550	1	2	9	31
Cell1551	1	7	50	22
Cell1552	1	15	62	25
Cell1553	1	1	20	28
Cell1554	1	12	52	34
Cell1555	1	1	56	17
Cell1556	1	4	60	2
Cell1557	1	9	44	37
Cell1558	1	5	39	14
Cell1559	1	7	3	6
Cell1560	1	9	44	26
Cell1561	1	8	33	22
Cell1562	1	16	51	11
Cell1563	1	1	41	17
Cell1564	1	15	62	25
Cell1565	1	2	43	64
Cell1566	1	11	46	34
Cell1567	1	7	16	14
Cell1568	1	2	9	1
Cell1569	1	8	18	16
Cell1570	1	9	48	59
Cell1571	1	10	45	38
Cell1572	1	5	50	43
Cell1573	1	16	51	63
Cell1574	1	11	24	39
Cell1575	1	4	15	37
Cell1576	1	5	39	50
Cell1577	1	5	38	49
Cell1578	1	11	24	27
Cell1579	1	5	25	61
Cell1580	1	3	17	7
Cell1581	1	5	39	35
Cell1582	1	11	24	27
Cell1583	1	3	61	7
Cell1584	1	9	44	48
Cell1585	1	1	30	17
Cell1586	1	8	12	19
Cell1588	1	16	51	11
Cell1589	1	15	62	25
Cell1590	1	2	43	37
Cell1592	1	2	47	37
Cell1593	1	9	48	39
Cell1594	1	1	41	60
Cell1595	1	2	35	31
Cell1596	1	7	50	9
Cell1597	1	1	7	4
Cell1598	1	9	32	26
Cell1599	1	8	18	16
Cell1600	1	12	52	54
Cell1601	1	9	48	45
Cell1602	1	2	6	26
Cell1603	1	7	3	46
Cell1604	1	2	4	21
Cell1605	1	4	15	46
Cell1606	1	6	63	59
Cell1608	1	5	13	50
Cell1609	1	5	59	63
Cell1610	1	5	2	61
Cell1611	1	3	61	36
Cell1612	1	9	44	46
Cell1613	1	10	45	38
Cell1614	1	10	45	63
Cell1615	1	3	30	58
Cell1616	1	1	54	13
Cell1617	1	6	11	10
Cell1618	1	4	27	37
Cell1619	1	4	59	24
Cell1620	1	1	54	17
Cell1621	1	5	13	50
Cell1622	1	11	24	26
Cell1623	1	13	42	8
Cell1624	1	1	8	56
Cell1625	1	12	21	41
Cell1626	1	1	20	28
Cell1627	1	3	31	51
Cell1628	1	3	36	7
Cell1629	1	10	14	54
Cell1630	1	9	48	34
Cell1631	1	10	45	38
Cell1632	1	4	15	1
Cell1633	1	9	44	4
Cell1634	1	3	31	51
Cell1635	1	8	18	26
Cell1637	1	5	2	24
Cell1638	1	10	45	40
Cell1639	1	3	17	56
Cell1640	1	6	11	44
Cell1641	1	5	2	24
Cell1642	1	12	52	54
Cell1643	1	6	53	42
Cell1644	1	10	45	38
Cell1645	1	4	27	20
Cell1646	1	16	51	11
Cell1647	1	7	3	44
Cell1648	1	4	15	26
Cell1649	1	4	60	13
Cell1650	1	5	39	50
Cell1651	1	5	38	24
Cell1652	1	7	16	62
Cell1653	1	2	43	15
Cell1654	1	1	22	2
Cell1655	1	7	8	62
Cell1656	1	12	52	43
Cell1657	1	7	8	52
Cell1658	1	1	7	46
Cell1659	1	3	28	44
Cell1660	1	11	10	1
Cell1661	1	4	59	46
Cell1662	1	12	52	30
Cell1663	1	13	42	8
Cell1664	1	15	62	25
Cell1665	1	2	19	48
Cell1666	1	2	6	29
Cell1667	1	7	16	62
Cell1668	1	6	57	20
Cell1669	1	2	34	52
Cell1670	1	10	14	12
Cell1671	1	2	64	21
Cell1672	1	13	42	8
Cell1673	1	6	53	29
Cell1674	1	3	28	46
Cell1675	1	8	18	53
Cell1676	1	8	18	44
Cell1677	1	1	8	44
Cell1678	1	13	42	8
Cell1679	1	2	34	41
Cell1680	1	5	2	61
Cell1681	1	1	20	64
Cell1682	1	10	14	12
Cell1683	1	8	12	1
Cell1684	1	7	3	6
Cell1685	1	6	11	10
Cell1686	1	1	54	63
Cell1687	1	1	20	28
Cell1688	1	4	60	4
Cell1689	1	4	15	44
Cell1690	1	4	15	48
Cell1691	1	16	51	35
Cell1692	1	1	40	62
Cell1693	1	6	53	49
Cell1694	1	1	29	17
Cell1696	1	9	32	18
Cell1697	1	7	3	6
Cell1698	1	7	3	3
Cell1699	1	11	24	27
Cell1700	1	8	40	40
Cell1701	1	4	27	2
Cell1702	1	8	12	45
Cell1703	1	2	19	20
Cell1704	1	4	26	2
Cell1705	1	10	14	12
Cell1706	1	2	47	43
Cell1707	1	5	50	45
Cell1708	1	2	4	19
Cell1709	1	6	63	10
Cell1710	1	12	52	54
Cell1711	1	3	31	51
Cell1712	1	7	3	6
Cell1714	1	12	52	54
Cell1715	1	1	20	28
Cell1716	1	10	45	44
Cell1717	1	12	52	54
Cell1718	1	7	3	12
Cell1719	1	9	32	18
Cell1720	1	7	50	9
Cell1721	1	16	51	11
Cell1722	1	6	63	32
Cell1723	1	1	40	2
Cell1725	1	3	37	36
Cell1726	1	4	60	47
Cell1727	1	6	57	57
Cell1728	1	3	61	20
Cell1729	1	7	16	62
Cell1730	1	1	41	1
Cell1731	1	7	50	26
Cell1732	1	11	46	39
Cell1733	1	5	2	9
Cell1734	1	14	1	55
Cell1735	1	2	47	48
Cell1736	1	1	29	17
Cell1737	1	3	30	30
Cell1738	1	2	47	22
Cell1739	1	8	33	14
Cell1740	1	8	18	26
Cell1741	1	11	24	39
Cell1742	1	2	4	23
Cell1743	1	11	35	59
Cell1744	1	2	47	20
Cell1745	1	6	53	46
Cell1746	1	8	33	53
Cell1747	1	2	43	48
Cell1748	1	16	51	11
Cell1749	1	2	34	61
Cell1750	1	6	53	57
Cell1751	1	5	13	24
Cell1752	1	10	45	38
Cell1753	1	5	13	24
Cell1754	1	14	35	57
Cell1755	1	7	3	6
Cell1756	1	9	32	18
Cell1757	1	8	18	16
Cell1758	1	4	26	57
Cell1759	1	2	19	15
Cell1760	1	5	13	50
Cell1761	1	8	51	16
Cell1762	1	5	21	3
Cell1763	1	5	21	3
Cell1764	1	5	38	37
Cell1765	1	10	45	38
Cell1766	1	15	23	25
Cell1767	1	5	39	50
Cell1768	1	2	4	23
Cell1769	1	5	25	61
Cell1770	1	9	44	29
Cell1771	1	2	4	23
Cell1772	1	1	7	45
Cell1773	1	4	60	63
Cell1774	1	6	63	33
Cell1775	1	4	27	32
Cell1777	1	8	12	37
Cell1778	1	2	34	41
Cell1779	1	8	55	14
Cell1780	1	14	1	55
Cell1781	1	4	26	47
Cell1782	1	3	64	60
Cell1783	1	2	19	22
Cell1784	1	5	39	50
Cell1785	1	10	45	38
Cell1786	1	10	14	12
Cell1787	1	7	3	9
Cell1789	1	2	34	46
Cell1790	1	12	52	54
Cell1792	1	1	8	6
Cell1793	1	14	1	55
Cell1794	1	1	29	64
Cell1795	1	10	14	38
Cell1796	1	9	32	18
Cell1797	1	14	35	2
Cell1798	1	7	3	6
Cell1799	1	9	32	18
Cell1800	1	1	7	60
Cell1801	1	9	44	4
Cell1802	1	5	25	40
Cell1803	1	2	10	23
Cell1804	1	12	52	54
Cell1805	1	4	26	47
Cell1806	1	15	23	21
Cell1807	1	3	31	51
Cell1808	1	8	40	62
Cell1809	1	3	28	21
Cell1810	1	3	49	33
Cell1811	1	2	34	41
Cell1812	1	1	41	19
Cell1813	1	5	25	61
Cell1814	1	3	61	7
Cell1815	1	3	64	57
Cell1816	1	3	30	22
Cell1817	1	15	62	25
Cell1818	1	12	52	54
Cell1819	1	6	11	24
Cell1820	1	3	28	21
Cell1821	1	4	15	64
Cell1822	1	9	32	33
Cell1823	1	1	20	28
Cell1824	1	4	60	2
Cell1825	1	4	47	47
Cell1826	1	4	60	13
Cell1827	1	8	18	63
Cell1828	1	3	61	31
Cell1829	1	13	42	8
Cell1830	1	2	4	23
Cell1831	1	7	16	14
Cell1832	1	4	60	4
Cell1833	1	1	43	44
Cell1834	1	8	55	45
Cell1835	1	16	51	11
Cell1836	1	3	31	51
Cell1837	1	3	31	51
Cell1838	1	6	53	42
Cell1839	1	2	47	48
Cell1840	1	3	49	52
Cell1841	1	12	52	31
Cell1843	1	5	38	24
Cell1844	1	10	14	38
Cell1845	1	4	27	13
Cell1846	1	9	32	18
Cell1847	1	13	42	8
Cell1848	1	1	56	22
Cell1850	1	14	1	55
Cell1851	1	8	33	16
Cell1852	1	10	45	38
Cell1853	1	6	11	31
Cell1855	1	6	39	49
Cell1856	1	4	60	13
Cell1857	1	1	29	17
Cell1858	1	13	42	14
Cell1859	1	9	44	33
Cell1860	1	4	60	13
Cell1861	1	2	19	13
Cell1862	1	10	14	38
Cell1864	1	1	7	4
Cell1865	1	5	25	61
Cell1866	1	14	1	55
Cell1867	1	3	31	51
Cell1868	1	4	59	63
Cell1869	1	6	57	36
Cell1870	1	9	32	18
Cell1871	1	4	59	32
Cell1872	1	4	59	48
Cell1873	1	8	12	16
Cell1874	1	2	4	20
Cell1875	1	1	40	44
Cell1876	1	7	16	62
Cell1877	1	4	26	47
Cell1878	1	14	1	55
Cell1879	1	7	16	16
Cell1880	1	3	30	52
Cell1881	1	5	21	60
Cell1883	1	7	40	57
Cell1884	1	16	51	11
Cell1885	1	1	8	56
Cell1887	1	4	15	13
Cell1888	1	8	18	3
Cell1889	1	3	31	51
Cell1890	1	11	24	39
Cell1891	1	12	52	14
Cell1892	1	1	7	23
Cell1893	1	1	29	17
Cell1894	1	3	17	45
Cell1895	1	4	44	44
Cell1896	1	3	36	58
Cell1897	1	6	53	42
Cell1898	1	4	60	29
Cell1899	1	12	52	54
Cell1900	1	3	17	7
Cell1901	1	3	37	56
Cell1902	1	6	11	10
Cell1903	1	6	53	13
Cell1904	1	4	59	43
Cell1906	1	1	20	28
Cell1907	1	16	51	11
Cell1908	1	11	35	19
Cell1909	1	6	53	42
Cell1911	1	5	21	30
Cell1912	1	16	51	11
Cell1913	1	7	50	9
Cell1914	1	3	31	51
Cell1915	1	5	39	50
Cell1916	1	6	53	42
Cell1917	1	10	45	38
Cell1918	1	4	60	15
Cell1919	1	8	33	62
Cell1920	1	2	19	15
Cell1921	1	7	16	62
Cell1922	1	7	16	6
Cell1923	1	5	2	2
Cell1924	1	3	31	51
Cell1925	1	6	53	42
Cell1926	1	1	30	17
Cell1927	1	5	39	50
Cell1928	1	7	16	62
Cell1929	1	8	18	16
Cell1930	1	11	35	3
Cell1931	1	1	56	14
Cell1932	1	10	14	12
Cell1933	1	15	62	25
Cell1934	1	1	7	53
Cell1935	1	7	16	6
Cell1936	1	3	36	7
Cell1937	1	3	31	51
Cell1938	1	7	16	62
Cell1939	1	16	51	11
Cell1940	1	9	32	18
Cell1941	1	4	44	4
Cell1942	1	3	36	58
Cell1943	1	6	11	10
Cell1944	1	13	42	8
Cell1945	1	3	64	44
Cell1946	1	11	24	27
Cell1947	1	5	20	9
Cell1948	1	3	31	51
Cell1949	1	6	53	42
Cell1950	1	14	1	32
Cell1951	1	10	14	29
Cell1952	1	4	59	45
Cell1953	1	5	2	32
Cell1954	1	1	56	22
Cell1955	1	6	53	48
Cell1956	1	2	19	52
Cell1957	1	1	7	1
Cell1958	1	3	49	30
Cell1959	1	2	5	21
Cell1960	1	5	59	30
Cell1961	1	8	33	9
Cell1962	1	1	56	62
Cell1963	1	13	42	8
Cell1966	1	2	43	37
Cell1967	1	1	8	21
Cell1968	1	2	47	47
Cell1969	1	4	15	64
Cell1970	1	5	39	61
Cell1971	1	6	53	42
Cell1973	1	7	16	6
Cell1974	1	6	11	10
Cell1975	1	5	39	27
Cell1976	1	2	35	13
Cell1977	1	8	33	16
Cell1978	1	7	50	49
Cell1979	1	2	64	41
Cell1980	1	15	62	25
Cell1981	1	4	27	61
Cell1982	1	15	62	25
Cell1983	1	11	46	39
Cell1984	1	1	41	64
Cell1985	1	4	27	45
Cell1986	1	5	39	44
Cell1987	1	3	31	51
Cell1988	1	5	25	3
Cell1989	1	7	33	53
Cell1990	1	2	19	23
Cell1991	1	3	28	3
Cell1992	1	2	64	21
Cell1993	1	7	16	2
Cell1994	1	6	11	10
Cell1995	1	2	64	41
Cell1996	1	5	21	57
Cell1997	1	9	32	18
Cell1998	1	12	52	54
Cell1999	1	4	60	34
Cell2000	1	2	4	23
