ID	did	seurat_cluster	kmeans_cluster	labels
Cell2	1	1	2	1
Cell3	1	6	1	2
Cell4	1	7	1	2
Cell5	1	2	2	1
Cell6	1	7	1	2
Cell7	1	6	1	2
Cell8	1	2	2	1
Cell9	1	4	2	1
Cell10	1	1	2	1
Cell12	1	5	1	2
Cell13	1	5	1	2
Cell14	1	6	1	2
Cell15	1	5	1	2
Cell16	1	1	2	1
Cell17	1	9	2	1
Cell18	1	3	1	2
Cell19	1	3	1	2
Cell21	1	3	1	2
Cell22	1	3	1	2
Cell23	1	1	2	1
Cell24	1	6	1	2
Cell25	1	6	1	2
Cell26	1	5	1	2
Cell27	1	4	2	1
Cell28	1	9	2	1
Cell29	1	3	1	2
Cell30	1	2	2	1
Cell31	1	3	1	2
Cell32	1	3	1	2
Cell33	1	8	1	2
Cell34	1	7	1	2
Cell35	1	6	1	2
Cell36	1	7	1	2
Cell37	1	1	2	1
Cell38	1	5	1	2
Cell39	1	6	1	2
Cell40	1	3	1	2
Cell41	1	2	2	1
Cell43	1	9	2	1
Cell44	1	2	2	1
Cell45	1	2	2	1
Cell46	1	5	1	2
Cell47	1	1	2	1
Cell48	1	4	2	1
Cell49	1	4	2	1
Cell50	1	9	2	1
Cell53	1	2	2	1
Cell54	1	1	2	1
Cell55	1	2	2	1
Cell56	1	3	1	2
Cell57	1	2	2	1
Cell58	1	2	2	1
Cell59	1	3	1	2
Cell60	1	4	2	1
Cell61	1	1	2	1
Cell62	1	3	1	2
Cell63	1	4	2	1
Cell65	1	8	1	2
Cell66	1	7	1	2
Cell67	1	9	2	1
Cell68	1	3	1	2
Cell69	1	3	1	2
Cell70	1	1	2	1
Cell71	1	7	1	2
Cell73	1	4	2	1
Cell74	1	4	2	1
Cell75	1	6	1	2
Cell76	1	1	2	1
Cell77	1	4	2	1
Cell78	1	1	2	1
Cell79	1	5	1	2
Cell80	1	6	1	2
Cell81	1	2	2	1
Cell82	1	1	2	1
Cell83	1	1	2	1
Cell84	1	3	1	2
Cell85	1	5	1	2
Cell87	1	1	2	1
Cell88	1	1	2	1
Cell89	1	2	2	1
Cell90	1	3	1	2
Cell91	1	2	2	1
Cell92	1	2	2	1
Cell93	1	2	2	1
Cell94	1	1	2	1
Cell95	1	4	2	1
Cell96	1	5	1	2
Cell97	1	2	2	1
Cell98	1	1	2	1
Cell99	1	3	1	2
Cell100	1	4	2	1
Cell101	1	1	2	1
Cell102	1	2	2	1
Cell103	1	3	1	2
Cell104	1	5	1	2
Cell105	1	4	2	1
Cell106	1	7	1	2
Cell107	1	3	1	2
Cell108	1	5	1	2
Cell109	1	7	1	2
Cell110	1	5	1	2
Cell111	1	8	1	2
Cell112	1	8	1	2
Cell114	1	6	1	2
Cell115	1	9	2	1
Cell117	1	3	1	2
Cell118	1	8	1	2
Cell119	1	9	2	1
Cell120	1	2	2	1
Cell121	1	3	1	2
Cell122	1	1	2	1
Cell123	1	7	1	2
Cell124	1	4	2	1
Cell125	1	2	2	1
Cell126	1	1	2	1
Cell127	1	2	2	1
Cell128	1	3	1	2
Cell129	1	2	2	1
Cell130	1	4	2	1
Cell131	1	2	2	1
Cell132	1	2	2	1
Cell133	1	8	1	2
Cell135	1	1	2	1
Cell136	1	4	2	1
Cell137	1	4	2	1
Cell138	1	8	1	2
Cell139	1	6	1	2
Cell140	1	7	1	2
Cell141	1	8	1	2
Cell142	1	3	1	2
Cell143	1	3	1	2
Cell144	1	3	1	2
Cell145	1	7	1	2
Cell146	1	3	1	2
Cell147	1	6	1	2
Cell148	1	1	2	1
Cell149	1	1	2	1
Cell150	1	6	1	2
Cell151	1	4	2	1
Cell152	1	2	2	1
Cell153	1	1	2	1
Cell154	1	5	1	2
Cell155	1	8	1	2
Cell156	1	7	1	2
Cell157	1	8	1	2
Cell158	1	3	1	2
Cell159	1	3	1	2
Cell160	1	4	2	1
Cell161	1	1	2	1
Cell163	1	6	1	2
Cell164	1	1	2	1
Cell165	1	7	1	2
Cell166	1	1	2	1
Cell167	1	3	1	2
Cell168	1	3	1	2
Cell169	1	9	2	1
Cell170	1	8	1	2
Cell171	1	2	2	1
Cell172	1	4	2	1
Cell173	1	5	1	2
Cell174	1	5	1	2
Cell176	1	1	2	1
Cell177	1	3	1	2
Cell178	1	1	2	1
Cell179	1	5	1	2
Cell180	1	5	1	2
Cell181	1	9	2	1
Cell182	1	1	2	1
Cell183	1	2	2	1
Cell184	1	7	1	2
Cell185	1	1	2	1
Cell186	1	4	2	1
Cell187	1	3	1	2
Cell188	1	5	1	2
Cell189	1	9	2	1
Cell190	1	7	1	2
Cell191	1	3	1	2
Cell192	1	1	2	1
Cell193	1	3	1	2
Cell194	1	4	2	1
Cell196	1	1	2	1
Cell197	1	1	2	1
Cell198	1	2	2	1
Cell199	1	4	2	1
Cell200	1	7	1	2
Cell201	1	4	2	1
Cell202	1	6	1	2
Cell203	1	7	1	2
Cell204	1	3	1	2
Cell205	1	4	2	1
Cell206	1	6	1	2
Cell207	1	7	1	2
Cell208	1	3	1	2
Cell209	1	4	2	1
Cell210	1	1	2	1
Cell211	1	1	2	1
Cell212	1	3	1	2
Cell213	1	7	1	2
Cell214	1	2	2	1
Cell215	1	6	1	2
Cell216	1	1	2	1
Cell217	1	2	2	1
Cell218	1	2	2	1
Cell219	1	5	1	2
Cell220	1	9	2	1
Cell221	1	3	1	2
Cell222	1	3	1	2
Cell223	1	8	1	2
Cell224	1	1	2	1
Cell225	1	5	1	2
Cell226	1	4	2	1
Cell227	1	6	1	2
Cell228	1	2	2	1
Cell229	1	5	1	2
Cell230	1	7	1	2
Cell231	1	3	1	2
Cell232	1	1	2	1
Cell233	1	5	1	2
Cell234	1	5	1	2
Cell235	1	1	2	1
Cell236	1	3	1	2
Cell237	1	6	1	2
Cell238	1	2	2	1
Cell239	1	6	1	2
Cell240	1	4	2	1
Cell241	1	7	1	2
Cell242	1	3	1	2
Cell243	1	4	2	1
Cell244	1	3	1	2
Cell245	1	4	2	1
Cell246	1	5	1	2
Cell247	1	4	2	1
Cell248	1	5	1	2
Cell249	1	3	1	2
Cell250	1	4	2	1
Cell251	1	7	1	2
Cell252	1	4	2	1
Cell253	1	4	2	1
Cell254	1	4	2	1
Cell255	1	3	1	2
Cell256	1	3	1	2
Cell257	1	7	1	2
Cell258	1	5	1	2
Cell259	1	2	2	1
Cell260	1	7	1	2
Cell261	1	8	1	2
Cell262	1	1	2	1
Cell263	1	9	2	1
Cell264	1	4	2	1
Cell265	1	1	2	1
Cell267	1	7	1	2
Cell268	1	2	2	1
Cell269	1	7	1	2
Cell270	1	8	1	2
Cell271	1	8	1	2
Cell272	1	1	2	1
Cell273	1	3	1	2
Cell274	1	2	2	1
Cell275	1	6	1	2
Cell276	1	3	1	2
Cell277	1	4	2	1
Cell278	1	2	2	1
Cell279	1	1	2	1
Cell280	1	2	2	1
Cell281	1	1	2	1
Cell283	1	9	2	1
Cell284	1	3	1	2
Cell285	1	4	2	1
Cell286	1	4	2	1
Cell287	1	2	2	1
Cell288	1	6	1	2
Cell289	1	1	2	1
Cell290	1	1	2	1
Cell292	1	4	2	1
Cell293	1	1	2	1
Cell294	1	1	2	1
Cell295	1	2	2	1
Cell297	1	7	1	2
Cell298	1	6	1	2
Cell299	1	6	1	2
Cell300	1	3	1	2
Cell301	1	9	2	1
Cell302	1	6	1	2
Cell303	1	6	1	2
Cell304	1	6	1	2
Cell305	1	7	1	2
Cell306	1	2	2	1
Cell307	1	2	2	1
Cell308	1	1	2	1
Cell309	1	1	2	1
Cell310	1	2	2	1
Cell311	1	6	1	2
Cell312	1	1	2	1
Cell313	1	4	2	1
Cell314	1	6	1	2
Cell315	1	1	2	1
Cell316	1	8	1	2
Cell317	1	4	2	1
Cell318	1	4	2	1
Cell319	1	3	1	2
Cell320	1	1	2	1
Cell321	1	8	1	2
Cell322	1	4	2	1
Cell323	1	4	2	1
Cell324	1	4	2	1
Cell325	1	2	2	1
Cell326	1	9	2	1
Cell327	1	4	2	1
Cell328	1	4	2	1
Cell329	1	5	1	2
Cell330	1	4	2	1
Cell331	1	9	2	1
Cell332	1	9	2	1
Cell333	1	1	2	1
Cell334	1	1	2	1
Cell335	1	1	2	1
Cell336	1	1	2	1
Cell338	1	1	2	1
Cell339	1	5	1	2
Cell340	1	9	2	1
Cell341	1	2	2	1
Cell342	1	7	1	2
Cell343	1	1	2	1
Cell344	1	3	1	2
Cell345	1	2	2	1
Cell346	1	4	2	1
Cell347	1	2	2	1
Cell348	1	1	2	1
Cell349	1	1	2	1
Cell350	1	2	2	1
Cell351	1	2	2	1
Cell352	1	6	1	2
Cell353	1	4	2	1
Cell354	1	6	1	2
Cell355	1	4	2	1
Cell356	1	1	2	1
Cell357	1	1	2	1
Cell358	1	6	1	2
Cell359	1	5	1	2
Cell360	1	4	2	1
Cell361	1	3	1	2
Cell362	1	7	1	2
Cell363	1	1	2	1
Cell364	1	9	2	1
Cell365	1	2	2	1
Cell366	1	4	2	1
Cell367	1	6	1	2
Cell368	1	6	1	2
Cell369	1	2	2	1
Cell370	1	5	1	2
Cell372	1	3	1	2
Cell373	1	3	1	2
Cell374	1	7	1	2
Cell375	1	7	1	2
Cell376	1	1	2	1
Cell377	1	9	2	1
Cell378	1	8	1	2
Cell379	1	4	2	1
Cell380	1	7	1	2
Cell382	1	7	1	2
Cell383	1	4	2	1
Cell384	1	1	2	1
Cell385	1	6	1	2
Cell386	1	8	1	2
Cell387	1	1	2	1
Cell388	1	3	1	2
Cell389	1	1	2	1
Cell391	1	5	1	2
Cell392	1	8	1	2
Cell393	1	3	1	2
Cell394	1	7	1	2
Cell395	1	6	1	2
Cell396	1	1	2	1
Cell397	1	3	1	2
Cell398	1	2	2	1
Cell399	1	4	2	1
Cell400	1	5	1	2
Cell401	1	4	2	1
Cell402	1	3	1	2
Cell403	1	6	1	2
Cell404	1	3	1	2
Cell405	1	8	1	2
Cell406	1	8	1	2
Cell407	1	2	2	1
Cell408	1	4	2	1
Cell409	1	6	1	2
Cell410	1	6	1	2
Cell411	1	9	2	1
Cell412	1	1	2	1
Cell413	1	6	1	2
Cell414	1	3	1	2
Cell415	1	3	1	2
Cell417	1	1	2	1
Cell418	1	4	2	1
Cell419	1	2	2	1
Cell420	1	2	2	1
Cell421	1	9	2	1
Cell422	1	8	1	2
Cell423	1	5	1	2
Cell424	1	6	1	2
Cell425	1	4	2	1
Cell426	1	5	1	2
Cell427	1	2	2	1
Cell428	1	3	1	2
Cell429	1	5	1	2
Cell430	1	1	2	1
Cell431	1	3	1	2
Cell432	1	3	1	2
Cell433	1	8	1	2
Cell434	1	4	2	1
Cell435	1	2	2	1
Cell436	1	1	2	1
Cell437	1	5	1	2
Cell438	1	1	2	1
Cell439	1	2	2	1
Cell440	1	4	2	1
Cell441	1	1	2	1
Cell442	1	3	1	2
Cell443	1	6	1	2
Cell444	1	3	1	2
Cell445	1	5	1	2
Cell446	1	4	2	1
Cell447	1	4	2	1
Cell448	1	2	2	1
Cell449	1	3	1	2
Cell451	1	7	1	2
Cell452	1	9	2	1
Cell453	1	2	2	1
Cell454	1	1	2	1
Cell455	1	9	2	1
Cell456	1	1	2	1
Cell457	1	3	1	2
Cell458	1	2	2	1
Cell459	1	7	1	2
Cell460	1	5	1	2
Cell461	1	4	2	1
Cell462	1	3	1	2
Cell463	1	1	2	1
Cell464	1	6	1	2
Cell465	1	6	1	2
Cell466	1	1	2	1
Cell467	1	8	1	2
Cell468	1	4	2	1
Cell469	1	2	2	1
Cell470	1	4	2	1
Cell471	1	2	2	1
Cell472	1	7	1	2
Cell473	1	6	1	2
Cell474	1	8	1	2
Cell475	1	3	1	2
Cell476	1	7	1	2
Cell477	1	2	2	1
Cell478	1	5	1	2
Cell479	1	4	2	1
Cell480	1	2	2	1
Cell481	1	7	1	2
Cell482	1	8	1	2
Cell483	1	2	2	1
Cell484	1	2	2	1
Cell485	1	7	1	2
Cell486	1	9	2	1
Cell487	1	4	2	1
Cell488	1	9	2	1
Cell489	1	3	1	2
Cell490	1	1	2	1
Cell491	1	4	2	1
Cell492	1	4	2	1
Cell493	1	6	1	2
Cell494	1	2	2	1
Cell495	1	4	2	1
Cell496	1	3	1	2
Cell497	1	9	2	1
Cell498	1	3	1	2
Cell499	1	1	2	1
Cell500	1	8	1	2
Cell501	1	7	1	2
Cell502	1	2	2	1
Cell503	1	3	1	2
Cell504	1	7	1	2
Cell505	1	2	2	1
Cell506	1	1	2	1
Cell507	1	1	2	1
Cell508	1	2	2	1
Cell509	1	4	2	1
Cell510	1	9	2	1
Cell511	1	9	2	1
Cell512	1	4	2	1
Cell513	1	8	1	2
Cell515	1	1	2	1
Cell516	1	1	2	1
Cell517	1	7	1	2
Cell518	1	4	2	1
Cell519	1	3	1	2
Cell520	1	4	2	1
Cell521	1	8	1	2
Cell522	1	3	1	2
Cell523	1	9	2	1
Cell524	1	6	1	2
Cell525	1	8	1	2
Cell526	1	2	2	1
Cell527	1	7	1	2
Cell528	1	3	1	2
Cell529	1	6	1	2
Cell530	1	2	2	1
Cell531	1	4	2	1
Cell532	1	4	2	1
Cell533	1	4	2	1
Cell534	1	4	2	1
Cell535	1	3	1	2
Cell536	1	6	1	2
Cell537	1	6	1	2
Cell538	1	4	2	1
Cell539	1	1	2	1
Cell540	1	9	2	1
Cell541	1	6	1	2
Cell542	1	8	1	2
Cell543	1	3	1	2
Cell544	1	7	1	2
Cell545	1	7	1	2
Cell546	1	7	1	2
Cell547	1	2	2	1
Cell548	1	5	1	2
Cell549	1	6	1	2
Cell550	1	1	2	1
Cell551	1	5	1	2
Cell552	1	5	1	2
Cell553	1	1	2	1
Cell554	1	3	1	2
Cell555	1	3	1	2
Cell556	1	2	2	1
Cell557	1	6	1	2
Cell558	1	1	2	1
Cell559	1	2	2	1
Cell560	1	1	2	1
Cell561	1	4	2	1
Cell562	1	7	1	2
Cell563	1	2	2	1
Cell564	1	2	2	1
Cell565	1	6	1	2
Cell566	1	1	2	1
Cell567	1	3	1	2
Cell568	1	9	2	1
Cell569	1	9	2	1
Cell570	1	2	2	1
Cell571	1	7	1	2
Cell572	1	3	1	2
Cell573	1	3	1	2
Cell575	1	3	1	2
Cell576	1	7	1	2
Cell577	1	6	1	2
Cell578	1	1	2	1
Cell579	1	2	2	1
Cell580	1	8	1	2
Cell581	1	9	2	1
Cell582	1	2	2	1
Cell583	1	8	1	2
Cell585	1	7	1	2
Cell586	1	3	1	2
Cell587	1	1	2	1
Cell588	1	6	1	2
Cell589	1	1	2	1
Cell590	1	5	1	2
Cell591	1	2	2	1
Cell592	1	8	1	2
Cell593	1	5	1	2
Cell594	1	8	1	2
Cell595	1	4	2	1
Cell596	1	4	2	1
Cell597	1	4	2	1
Cell598	1	5	1	2
Cell599	1	1	2	1
Cell600	1	4	2	1
Cell601	1	4	2	1
Cell602	1	3	1	2
Cell603	1	1	2	1
Cell604	1	2	2	1
Cell605	1	5	1	2
Cell606	1	8	1	2
Cell607	1	1	2	1
Cell608	1	4	2	1
Cell609	1	1	2	1
Cell610	1	1	2	1
Cell611	1	3	1	2
Cell612	1	2	2	1
Cell613	1	7	1	2
Cell614	1	8	1	2
Cell615	1	2	2	1
Cell616	1	5	1	2
Cell618	1	3	1	2
Cell619	1	4	2	1
Cell620	1	4	2	1
Cell621	1	7	1	2
Cell622	1	2	2	1
Cell623	1	4	2	1
Cell624	1	2	2	1
Cell625	1	1	2	1
Cell626	1	8	1	2
Cell627	1	1	2	1
Cell628	1	7	1	2
Cell629	1	2	2	1
Cell630	1	2	2	1
Cell631	1	9	2	1
Cell632	1	5	1	2
Cell633	1	5	1	2
Cell635	1	4	2	1
Cell636	1	3	1	2
Cell637	1	9	2	1
Cell638	1	2	2	1
Cell639	1	4	2	1
Cell640	1	8	1	2
Cell641	1	6	1	2
Cell642	1	9	2	1
Cell644	1	2	2	1
Cell645	1	3	1	2
Cell646	1	5	1	2
Cell647	1	9	2	1
Cell648	1	3	1	2
Cell649	1	3	1	2
Cell650	1	4	2	1
Cell651	1	5	1	2
Cell652	1	4	2	1
Cell653	1	5	1	2
Cell654	1	3	1	2
Cell655	1	5	1	2
Cell656	1	2	2	1
Cell657	1	1	2	1
Cell658	1	5	1	2
Cell659	1	6	1	2
Cell660	1	3	1	2
Cell661	1	8	1	2
Cell662	1	6	1	2
Cell663	1	9	2	1
Cell664	1	3	1	2
Cell665	1	4	2	1
Cell666	1	1	2	1
Cell667	1	4	2	1
Cell668	1	7	1	2
Cell669	1	4	2	1
Cell670	1	5	1	2
Cell671	1	2	2	1
Cell672	1	1	2	1
Cell673	1	1	2	1
Cell674	1	6	1	2
Cell675	1	2	2	1
Cell676	1	6	1	2
Cell677	1	6	1	2
Cell678	1	8	1	2
Cell679	1	6	1	2
Cell680	1	5	1	2
Cell681	1	9	2	1
Cell682	1	4	2	1
Cell683	1	2	2	1
Cell684	1	3	1	2
Cell686	1	5	1	2
Cell687	1	2	2	1
Cell688	1	2	2	1
Cell689	1	3	1	2
Cell690	1	1	2	1
Cell691	1	9	2	1
Cell692	1	5	1	2
Cell693	1	5	1	2
Cell694	1	2	2	1
Cell695	1	2	2	1
Cell696	1	1	2	1
Cell697	1	1	2	1
Cell698	1	5	1	2
Cell699	1	3	1	2
Cell700	1	3	1	2
Cell701	1	5	1	2
Cell702	1	1	2	1
Cell703	1	4	2	1
Cell704	1	4	2	1
Cell705	1	5	1	2
Cell706	1	1	2	1
Cell707	1	4	2	1
Cell708	1	3	1	2
Cell709	1	3	1	2
Cell710	1	6	1	2
Cell711	1	6	1	2
Cell712	1	6	1	2
Cell713	1	4	2	1
Cell715	1	1	2	1
Cell716	1	5	1	2
Cell717	1	6	1	2
Cell718	1	1	2	1
Cell719	1	7	1	2
Cell720	1	3	1	2
Cell721	1	7	1	2
Cell722	1	2	2	1
Cell723	1	8	1	2
Cell725	1	9	2	1
Cell726	1	2	2	1
Cell727	1	2	2	1
Cell728	1	4	2	1
Cell729	1	8	1	2
Cell730	1	3	1	2
Cell731	1	6	1	2
Cell732	1	3	1	2
Cell733	1	6	1	2
Cell734	1	4	2	1
Cell735	1	5	1	2
Cell736	1	2	2	1
Cell737	1	2	2	1
Cell738	1	4	2	1
Cell739	1	6	1	2
Cell740	1	3	1	2
Cell741	1	2	2	1
Cell742	1	6	1	2
Cell743	1	4	2	1
Cell744	1	9	2	1
Cell745	1	9	2	1
Cell746	1	5	1	2
Cell747	1	1	2	1
Cell748	1	5	1	2
Cell749	1	7	1	2
Cell750	1	1	2	1
Cell751	1	8	1	2
Cell752	1	4	2	1
Cell753	1	6	1	2
Cell754	1	1	2	1
Cell756	1	6	1	2
Cell757	1	6	1	2
Cell758	1	2	2	1
Cell759	1	9	2	1
Cell760	1	7	1	2
Cell761	1	3	1	2
Cell762	1	4	2	1
Cell763	1	2	2	1
Cell764	1	2	2	1
Cell765	1	9	2	1
Cell766	1	5	1	2
Cell767	1	4	2	1
Cell768	1	2	2	1
Cell769	1	2	2	1
Cell770	1	2	2	1
Cell771	1	2	2	1
Cell772	1	4	2	1
Cell773	1	8	1	2
Cell774	1	3	1	2
Cell775	1	2	2	1
Cell776	1	7	1	2
Cell777	1	3	1	2
Cell778	1	1	2	1
Cell779	1	2	2	1
Cell780	1	9	2	1
Cell781	1	2	2	1
Cell782	1	3	1	2
Cell783	1	2	2	1
Cell784	1	2	2	1
Cell785	1	8	1	2
Cell786	1	4	2	1
Cell787	1	1	2	1
Cell788	1	6	1	2
Cell789	1	2	2	1
Cell790	1	1	2	1
Cell791	1	1	2	1
Cell794	1	3	1	2
Cell795	1	3	1	2
Cell796	1	3	1	2
Cell797	1	1	2	1
Cell798	1	2	2	1
Cell799	1	1	2	1
Cell800	1	1	2	1
Cell801	1	7	1	2
Cell802	1	3	1	2
Cell803	1	8	1	2
Cell804	1	2	2	1
Cell805	1	4	2	1
Cell806	1	4	2	1
Cell807	1	5	1	2
Cell808	1	8	1	2
Cell809	1	8	1	2
Cell810	1	2	2	1
Cell811	1	5	1	2
Cell812	1	7	1	2
Cell813	1	2	2	1
Cell814	1	1	2	1
Cell815	1	5	1	2
Cell818	1	3	1	2
Cell819	1	4	2	1
Cell820	1	9	2	1
Cell821	1	3	1	2
Cell822	1	5	1	2
Cell823	1	6	1	2
Cell824	1	4	2	1
Cell825	1	6	1	2
Cell826	1	6	1	2
Cell827	1	3	1	2
Cell829	1	4	2	1
Cell830	1	4	2	1
Cell832	1	4	2	1
Cell833	1	2	2	1
Cell834	1	6	1	2
Cell835	1	3	1	2
Cell836	1	8	1	2
Cell837	1	6	1	2
Cell838	1	6	1	2
Cell839	1	9	2	1
Cell840	1	3	1	2
Cell842	1	1	2	1
Cell843	1	6	1	2
Cell844	1	1	2	1
Cell845	1	4	2	1
Cell846	1	2	2	1
Cell847	1	9	2	1
Cell848	1	7	1	2
Cell849	1	1	2	1
Cell850	1	7	1	2
Cell851	1	5	1	2
Cell852	1	1	2	1
Cell853	1	1	2	1
Cell854	1	9	2	1
Cell855	1	9	2	1
Cell856	1	2	2	1
Cell857	1	6	1	2
Cell858	1	3	1	2
Cell859	1	5	1	2
Cell860	1	3	1	2
Cell861	1	5	1	2
Cell862	1	8	1	2
Cell863	1	9	2	1
Cell864	1	1	2	1
Cell866	1	1	2	1
Cell867	1	1	2	1
Cell868	1	1	2	1
Cell869	1	3	1	2
Cell870	1	2	2	1
Cell871	1	1	2	1
Cell872	1	1	2	1
Cell873	1	6	1	2
Cell874	1	9	2	1
Cell875	1	8	1	2
Cell876	1	1	2	1
Cell877	1	3	1	2
Cell878	1	3	1	2
Cell880	1	7	1	2
Cell881	1	2	2	1
Cell882	1	4	2	1
Cell883	1	1	2	1
Cell885	1	1	2	1
Cell886	1	8	1	2
Cell887	1	2	2	1
Cell888	1	7	1	2
Cell889	1	5	1	2
Cell890	1	3	1	2
Cell891	1	9	2	1
Cell892	1	3	1	2
Cell893	1	5	1	2
Cell894	1	2	2	1
Cell895	1	1	2	1
Cell896	1	3	1	2
Cell897	1	9	2	1
Cell898	1	1	2	1
Cell899	1	5	1	2
Cell900	1	4	2	1
Cell901	1	2	2	1
Cell902	1	3	1	2
Cell903	1	1	2	1
Cell904	1	8	1	2
Cell905	1	4	2	1
Cell906	1	2	2	1
Cell907	1	6	1	2
Cell908	1	1	2	1
Cell909	1	8	1	2
Cell910	1	1	2	1
Cell911	1	6	1	2
Cell912	1	8	1	2
Cell914	1	1	2	1
Cell915	1	8	1	2
Cell916	1	1	2	1
Cell917	1	2	2	1
Cell918	1	2	2	1
Cell919	1	7	1	2
Cell920	1	4	2	1
Cell921	1	3	1	2
Cell922	1	3	1	2
Cell923	1	2	2	1
Cell924	1	1	2	1
Cell925	1	3	1	2
Cell926	1	2	2	1
Cell927	1	1	2	1
Cell928	1	1	2	1
Cell929	1	2	2	1
Cell930	1	6	1	2
Cell932	1	5	1	2
Cell933	1	1	2	1
Cell934	1	5	1	2
Cell935	1	6	1	2
Cell936	1	6	1	2
Cell937	1	8	1	2
Cell938	1	1	2	1
Cell939	1	4	2	1
Cell940	1	4	2	1
Cell941	1	9	2	1
Cell942	1	5	1	2
Cell943	1	3	1	2
Cell944	1	5	1	2
Cell945	1	5	1	2
Cell946	1	6	1	2
Cell947	1	6	1	2
Cell948	1	8	1	2
Cell949	1	6	1	2
Cell950	1	5	1	2
Cell951	1	9	2	1
Cell952	1	5	1	2
Cell953	1	1	2	1
Cell954	1	1	2	1
Cell955	1	5	1	2
Cell957	1	8	1	2
Cell958	1	3	1	2
Cell959	1	6	1	2
Cell960	1	5	1	2
Cell961	1	2	2	1
Cell962	1	8	1	2
Cell963	1	2	2	1
Cell964	1	8	1	2
Cell965	1	1	2	1
Cell966	1	2	2	1
Cell967	1	6	1	2
Cell968	1	4	2	1
Cell969	1	7	1	2
Cell970	1	6	1	2
Cell971	1	7	1	2
Cell972	1	8	1	2
Cell974	1	4	2	1
Cell975	1	2	2	1
Cell976	1	1	2	1
Cell978	1	6	1	2
Cell979	1	2	2	1
Cell980	1	3	1	2
Cell981	1	6	1	2
Cell982	1	3	1	2
Cell983	1	4	2	1
Cell984	1	3	1	2
Cell986	1	1	2	1
Cell987	1	9	2	1
Cell988	1	2	2	1
Cell989	1	2	2	1
Cell990	1	4	2	1
Cell991	1	2	2	1
Cell992	1	7	1	2
Cell993	1	5	1	2
Cell995	1	3	1	2
Cell997	1	7	1	2
Cell998	1	1	2	1
Cell999	1	3	1	2
Cell1000	1	3	1	2
Cell1001	1	3	1	2
Cell1003	1	1	2	1
Cell1004	1	8	1	2
Cell1005	1	7	1	2
Cell1006	1	1	2	1
Cell1007	1	6	1	2
Cell1008	1	5	1	2
Cell1010	1	1	2	1
Cell1011	1	2	2	1
Cell1012	1	6	1	2
Cell1013	1	9	2	1
Cell1015	1	3	1	2
Cell1016	1	5	1	2
Cell1017	1	5	1	2
Cell1018	1	9	2	1
Cell1019	1	4	2	1
Cell1020	1	1	2	1
Cell1021	1	1	2	1
Cell1022	1	4	2	1
Cell1023	1	5	1	2
Cell1024	1	2	2	1
Cell1025	1	2	2	1
Cell1026	1	1	2	1
Cell1027	1	2	2	1
Cell1028	1	5	1	2
Cell1029	1	7	1	2
Cell1030	1	6	1	2
Cell1031	1	1	2	1
Cell1032	1	1	2	1
Cell1033	1	2	2	1
Cell1034	1	9	2	1
Cell1035	1	6	1	2
Cell1036	1	4	2	1
Cell1037	1	1	2	1
Cell1038	1	9	2	1
Cell1039	1	1	2	1
Cell1040	1	6	1	2
Cell1042	1	8	1	2
Cell1043	1	3	1	2
Cell1044	1	5	1	2
Cell1045	1	3	1	2
Cell1046	1	8	1	2
Cell1047	1	5	1	2
Cell1048	1	6	1	2
Cell1050	1	1	2	1
Cell1052	1	4	2	1
Cell1053	1	2	2	1
Cell1054	1	3	1	2
Cell1055	1	5	1	2
Cell1056	1	9	2	1
Cell1057	1	4	2	1
Cell1059	1	1	2	1
Cell1060	1	9	2	1
Cell1061	1	6	1	2
Cell1062	1	4	2	1
Cell1063	1	5	1	2
Cell1064	1	2	2	1
Cell1065	1	4	2	1
Cell1066	1	6	1	2
Cell1067	1	6	1	2
Cell1068	1	2	2	1
Cell1070	1	3	1	2
Cell1071	1	2	2	1
Cell1072	1	4	2	1
Cell1073	1	8	1	2
Cell1074	1	7	1	2
Cell1075	1	1	2	1
Cell1076	1	2	2	1
Cell1077	1	4	2	1
Cell1079	1	5	1	2
Cell1080	1	6	1	2
Cell1081	1	1	2	1
Cell1082	1	1	2	1
Cell1083	1	6	1	2
Cell1084	1	3	1	2
Cell1085	1	8	1	2
Cell1086	1	6	1	2
Cell1087	1	6	1	2
Cell1088	1	6	1	2
Cell1089	1	3	1	2
Cell1090	1	3	1	2
Cell1091	1	5	1	2
Cell1092	1	8	1	2
Cell1093	1	4	2	1
Cell1094	1	1	2	1
Cell1095	1	6	1	2
Cell1096	1	7	1	2
Cell1097	1	2	2	1
Cell1098	1	3	1	2
Cell1099	1	3	1	2
Cell1100	1	6	1	2
Cell1101	1	1	2	1
Cell1102	1	6	1	2
Cell1103	1	6	1	2
Cell1104	1	9	2	1
Cell1105	1	8	1	2
Cell1106	1	1	2	1
Cell1107	1	6	1	2
Cell1108	1	5	1	2
Cell1109	1	2	2	1
Cell1110	1	8	1	2
Cell1111	1	4	2	1
Cell1112	1	7	1	2
Cell1113	1	3	1	2
Cell1114	1	8	1	2
Cell1115	1	6	1	2
Cell1118	1	9	2	1
Cell1119	1	3	1	2
Cell1120	1	2	2	1
Cell1121	1	8	1	2
Cell1122	1	3	1	2
Cell1123	1	3	1	2
Cell1124	1	5	1	2
Cell1125	1	7	1	2
Cell1126	1	3	1	2
Cell1127	1	8	1	2
Cell1128	1	3	1	2
Cell1129	1	4	2	1
Cell1130	1	2	2	1
Cell1131	1	5	1	2
Cell1132	1	6	1	2
Cell1133	1	8	1	2
Cell1134	1	7	1	2
Cell1135	1	5	1	2
Cell1136	1	7	1	2
Cell1137	1	3	1	2
Cell1138	1	7	1	2
Cell1139	1	6	1	2
Cell1140	1	3	1	2
Cell1141	1	2	2	1
Cell1142	1	2	2	1
Cell1144	1	5	1	2
Cell1145	1	2	2	1
Cell1146	1	4	2	1
Cell1147	1	6	1	2
Cell1148	1	2	2	1
Cell1149	1	9	2	1
Cell1150	1	2	2	1
Cell1151	1	3	1	2
Cell1152	1	4	2	1
Cell1153	1	2	2	1
Cell1154	1	1	2	1
Cell1155	1	4	2	1
Cell1156	1	2	2	1
Cell1157	1	8	1	2
Cell1158	1	9	2	1
Cell1159	1	2	2	1
Cell1160	1	2	2	1
Cell1161	1	4	2	1
Cell1162	1	4	2	1
Cell1163	1	1	2	1
Cell1164	1	1	2	1
Cell1165	1	4	2	1
Cell1166	1	4	2	1
Cell1167	1	9	2	1
Cell1168	1	6	1	2
Cell1169	1	8	1	2
Cell1170	1	1	2	1
Cell1171	1	1	2	1
Cell1172	1	8	1	2
Cell1173	1	9	2	1
Cell1174	1	2	2	1
Cell1175	1	9	2	1
Cell1176	1	8	1	2
Cell1177	1	1	2	1
Cell1178	1	6	1	2
Cell1179	1	9	2	1
Cell1180	1	5	1	2
Cell1181	1	5	1	2
Cell1182	1	6	1	2
Cell1183	1	6	1	2
Cell1184	1	4	2	1
Cell1185	1	2	2	1
Cell1186	1	1	2	1
Cell1187	1	3	1	2
Cell1188	1	9	2	1
Cell1189	1	1	2	1
Cell1190	1	3	1	2
Cell1191	1	5	1	2
Cell1193	1	5	1	2
Cell1194	1	4	2	1
Cell1195	1	2	2	1
Cell1196	1	5	1	2
Cell1197	1	2	2	1
Cell1198	1	1	2	1
Cell1199	1	2	2	1
Cell1200	1	3	1	2
Cell1201	1	1	2	1
Cell1202	1	3	1	2
Cell1203	1	2	2	1
Cell1204	1	5	1	2
Cell1205	1	2	2	1
Cell1206	1	2	2	1
Cell1207	1	2	2	1
Cell1208	1	3	1	2
Cell1209	1	7	1	2
Cell1210	1	6	1	2
Cell1211	1	3	1	2
Cell1212	1	5	1	2
Cell1213	1	4	2	1
Cell1214	1	6	1	2
Cell1215	1	6	1	2
Cell1216	1	3	1	2
Cell1217	1	3	1	2
Cell1218	1	5	1	2
Cell1219	1	4	2	1
Cell1220	1	1	2	1
Cell1221	1	1	2	1
Cell1222	1	2	2	1
Cell1223	1	1	2	1
Cell1224	1	7	1	2
Cell1225	1	9	2	1
Cell1226	1	1	2	1
Cell1227	1	2	2	1
Cell1228	1	9	2	1
Cell1231	1	4	2	1
Cell1232	1	6	1	2
Cell1233	1	1	2	1
Cell1234	1	8	1	2
Cell1235	1	2	2	1
Cell1236	1	1	2	1
Cell1237	1	3	1	2
Cell1238	1	8	1	2
Cell1239	1	9	2	1
Cell1240	1	1	2	1
Cell1241	1	2	2	1
Cell1242	1	1	2	1
Cell1243	1	1	2	1
Cell1244	1	3	1	2
Cell1245	1	2	2	1
Cell1246	1	3	1	2
Cell1247	1	2	2	1
Cell1248	1	6	1	2
Cell1249	1	2	2	1
Cell1250	1	3	1	2
Cell1251	1	2	2	1
Cell1252	1	5	1	2
Cell1253	1	6	1	2
Cell1254	1	1	2	1
Cell1255	1	4	2	1
Cell1256	1	2	2	1
Cell1257	1	1	2	1
Cell1258	1	6	1	2
Cell1259	1	7	1	2
Cell1260	1	4	2	1
Cell1261	1	2	2	1
Cell1262	1	7	1	2
Cell1263	1	1	2	1
Cell1264	1	6	1	2
Cell1265	1	3	1	2
Cell1266	1	5	1	2
Cell1267	1	4	2	1
Cell1268	1	4	2	1
Cell1269	1	4	2	1
Cell1270	1	2	2	1
Cell1271	1	5	1	2
Cell1272	1	3	1	2
Cell1273	1	5	1	2
Cell1274	1	4	2	1
Cell1275	1	5	1	2
Cell1276	1	5	1	2
Cell1277	1	7	1	2
Cell1278	1	2	2	1
Cell1279	1	6	1	2
Cell1280	1	7	1	2
Cell1281	1	6	1	2
Cell1282	1	8	1	2
Cell1283	1	5	1	2
Cell1284	1	4	2	1
Cell1285	1	1	2	1
Cell1286	1	3	1	2
Cell1287	1	4	2	1
Cell1288	1	4	2	1
Cell1289	1	5	1	2
Cell1290	1	1	2	1
Cell1291	1	3	1	2
Cell1292	1	6	1	2
Cell1293	1	4	2	1
Cell1295	1	2	2	1
Cell1296	1	1	2	1
Cell1297	1	2	2	1
Cell1298	1	3	1	2
Cell1299	1	5	1	2
Cell1300	1	1	2	1
Cell1301	1	3	1	2
Cell1302	1	4	2	1
Cell1303	1	6	1	2
Cell1304	1	3	1	2
Cell1305	1	5	1	2
Cell1306	1	8	1	2
Cell1307	1	9	2	1
Cell1308	1	7	1	2
Cell1309	1	2	2	1
Cell1310	1	2	2	1
Cell1311	1	1	2	1
Cell1312	1	1	2	1
Cell1313	1	3	1	2
Cell1314	1	1	2	1
Cell1315	1	3	1	2
Cell1316	1	1	2	1
Cell1317	1	8	1	2
Cell1319	1	1	2	1
Cell1320	1	9	2	1
Cell1321	1	7	1	2
Cell1322	1	8	1	2
Cell1323	1	1	2	1
Cell1324	1	4	2	1
Cell1325	1	6	1	2
Cell1326	1	2	2	1
Cell1327	1	2	2	1
Cell1328	1	8	1	2
Cell1329	1	6	1	2
Cell1330	1	7	1	2
Cell1331	1	4	2	1
Cell1332	1	4	2	1
Cell1333	1	3	1	2
Cell1334	1	1	2	1
Cell1336	1	8	1	2
Cell1337	1	4	2	1
Cell1338	1	9	2	1
Cell1339	1	5	1	2
Cell1340	1	5	1	2
Cell1341	1	7	1	2
Cell1342	1	1	2	1
Cell1343	1	7	1	2
Cell1344	1	7	1	2
Cell1345	1	4	2	1
Cell1346	1	4	2	1
Cell1347	1	2	2	1
Cell1348	1	8	1	2
Cell1349	1	5	1	2
Cell1350	1	1	2	1
Cell1351	1	3	1	2
Cell1352	1	6	1	2
Cell1353	1	2	2	1
Cell1354	1	5	1	2
Cell1355	1	2	2	1
Cell1356	1	5	1	2
Cell1357	1	8	1	2
Cell1358	1	1	2	1
Cell1359	1	2	2	1
Cell1360	1	4	2	1
Cell1361	1	3	1	2
Cell1362	1	3	1	2
Cell1363	1	8	1	2
Cell1364	1	7	1	2
Cell1365	1	5	1	2
Cell1366	1	4	2	1
Cell1367	1	9	2	1
Cell1368	1	5	1	2
Cell1369	1	5	1	2
Cell1370	1	3	1	2
Cell1372	1	5	1	2
Cell1373	1	7	1	2
Cell1375	1	3	1	2
Cell1376	1	3	1	2
Cell1377	1	7	1	2
Cell1378	1	6	1	2
Cell1379	1	1	2	1
Cell1380	1	1	2	1
Cell1381	1	3	1	2
Cell1382	1	9	2	1
Cell1383	1	5	1	2
Cell1385	1	1	2	1
Cell1386	1	5	1	2
Cell1387	1	7	1	2
Cell1388	1	1	2	1
Cell1389	1	5	1	2
Cell1390	1	6	1	2
Cell1391	1	2	2	1
Cell1392	1	2	2	1
Cell1393	1	4	2	1
Cell1394	1	2	2	1
Cell1395	1	4	2	1
Cell1396	1	9	2	1
Cell1397	1	7	1	2
Cell1398	1	6	1	2
Cell1399	1	9	2	1
Cell1400	1	4	2	1
Cell1402	1	8	1	2
Cell1403	1	7	1	2
Cell1404	1	5	1	2
Cell1405	1	1	2	1
Cell1406	1	7	1	2
Cell1407	1	4	2	1
Cell1409	1	5	1	2
Cell1410	1	1	2	1
Cell1411	1	2	2	1
Cell1412	1	4	2	1
Cell1413	1	5	1	2
Cell1414	1	5	1	2
Cell1415	1	7	1	2
Cell1416	1	9	2	1
Cell1417	1	2	2	1
Cell1418	1	3	1	2
Cell1419	1	9	2	1
Cell1420	1	1	2	1
Cell1421	1	8	1	2
Cell1422	1	6	1	2
Cell1423	1	4	2	1
Cell1424	1	6	1	2
Cell1425	1	7	1	2
Cell1426	1	3	1	2
Cell1427	1	8	1	2
Cell1428	1	5	1	2
Cell1429	1	1	2	1
Cell1430	1	6	1	2
Cell1431	1	9	2	1
Cell1432	1	3	1	2
Cell1433	1	9	2	1
Cell1434	1	7	1	2
Cell1435	1	4	2	1
Cell1436	1	1	2	1
Cell1437	1	3	1	2
Cell1438	1	7	1	2
Cell1439	1	2	2	1
Cell1441	1	7	1	2
Cell1442	1	1	2	1
Cell1443	1	3	1	2
Cell1444	1	1	2	1
Cell1445	1	3	1	2
Cell1446	1	1	2	1
Cell1447	1	3	1	2
Cell1448	1	2	2	1
Cell1449	1	1	2	1
Cell1450	1	2	2	1
Cell1452	1	3	1	2
Cell1453	1	9	2	1
Cell1454	1	1	2	1
Cell1455	1	2	2	1
Cell1456	1	2	2	1
Cell1457	1	4	2	1
Cell1458	1	9	2	1
Cell1459	1	3	1	2
Cell1460	1	7	1	2
Cell1461	1	1	2	1
Cell1462	1	9	2	1
Cell1463	1	1	2	1
Cell1464	1	2	2	1
Cell1465	1	1	2	1
Cell1466	1	9	2	1
Cell1468	1	2	2	1
Cell1469	1	4	2	1
Cell1470	1	2	2	1
Cell1471	1	9	2	1
Cell1472	1	9	2	1
Cell1473	1	1	2	1
Cell1474	1	3	1	2
Cell1475	1	8	1	2
Cell1476	1	4	2	1
Cell1477	1	1	2	1
Cell1478	1	4	2	1
Cell1479	1	4	2	1
Cell1480	1	6	1	2
Cell1481	1	7	1	2
Cell1482	1	9	2	1
Cell1483	1	7	1	2
Cell1484	1	3	1	2
Cell1485	1	1	2	1
Cell1486	1	2	2	1
Cell1487	1	9	2	1
Cell1488	1	2	2	1
Cell1489	1	5	1	2
Cell1490	1	4	2	1
Cell1491	1	5	1	2
Cell1492	1	2	2	1
Cell1493	1	8	1	2
Cell1496	1	9	2	1
Cell1497	1	4	2	1
Cell1498	1	8	1	2
Cell1499	1	2	2	1
Cell1500	1	3	1	2
Cell1501	1	9	2	1
Cell1502	1	6	1	2
Cell1503	1	5	1	2
Cell1504	1	5	1	2
Cell1505	1	3	1	2
Cell1506	1	1	2	1
Cell1507	1	5	1	2
Cell1508	1	4	2	1
Cell1509	1	7	1	2
Cell1510	1	3	1	2
Cell1511	1	3	1	2
Cell1512	1	5	1	2
Cell1513	1	1	2	1
Cell1514	1	6	1	2
Cell1515	1	2	2	1
Cell1516	1	4	2	1
Cell1517	1	3	1	2
Cell1518	1	4	2	1
Cell1519	1	6	1	2
Cell1520	1	2	2	1
Cell1521	1	7	1	2
Cell1522	1	3	1	2
Cell1523	1	2	2	1
Cell1524	1	4	2	1
Cell1525	1	1	2	1
Cell1526	1	5	1	2
Cell1527	1	8	1	2
Cell1528	1	2	2	1
Cell1529	1	7	1	2
Cell1530	1	1	2	1
Cell1531	1	1	2	1
Cell1532	1	2	2	1
Cell1533	1	1	2	1
Cell1534	1	2	2	1
Cell1535	1	1	2	1
Cell1536	1	1	2	1
Cell1537	1	6	1	2
Cell1538	1	4	2	1
Cell1539	1	5	1	2
Cell1540	1	9	2	1
Cell1541	1	4	2	1
Cell1542	1	1	2	1
Cell1543	1	7	1	2
Cell1544	1	5	1	2
Cell1545	1	1	2	1
Cell1546	1	8	1	2
Cell1547	1	4	2	1
Cell1548	1	8	1	2
Cell1549	1	7	1	2
Cell1550	1	6	1	2
Cell1551	1	6	1	2
Cell1552	1	5	1	2
Cell1553	1	5	1	2
Cell1554	1	2	2	1
Cell1555	1	3	1	2
Cell1556	1	7	1	2
Cell1557	1	1	2	1
Cell1558	1	6	1	2
Cell1559	1	5	1	2
Cell1560	1	8	1	2
Cell1561	1	3	1	2
Cell1562	1	3	1	2
Cell1563	1	7	1	2
Cell1564	1	5	1	2
Cell1565	1	1	2	1
Cell1566	1	1	2	1
Cell1567	1	6	1	2
Cell1568	1	1	2	1
Cell1569	1	6	1	2
Cell1570	1	1	2	1
Cell1571	1	2	2	1
Cell1572	1	9	2	1
Cell1573	1	1	2	1
Cell1574	1	2	2	1
Cell1575	1	2	2	1
Cell1576	1	9	2	1
Cell1577	1	9	2	1
Cell1578	1	5	1	2
Cell1579	1	4	2	1
Cell1580	1	3	1	2
Cell1581	1	9	2	1
Cell1582	1	3	1	2
Cell1583	1	5	1	2
Cell1584	1	1	2	1
Cell1585	1	6	1	2
Cell1586	1	5	1	2
Cell1588	1	3	1	2
Cell1589	1	3	1	2
Cell1590	1	4	2	1
Cell1592	1	1	2	1
Cell1593	1	1	2	1
Cell1594	1	2	2	1
Cell1595	1	5	1	2
Cell1596	1	6	1	2
Cell1597	1	5	1	2
Cell1598	1	8	1	2
Cell1599	1	7	1	2
Cell1600	1	2	2	1
Cell1601	1	2	2	1
Cell1602	1	8	1	2
Cell1603	1	1	2	1
Cell1604	1	5	1	2
Cell1605	1	4	2	1
Cell1606	1	4	2	1
Cell1608	1	1	2	1
Cell1609	1	9	2	1
Cell1611	1	4	2	1
Cell1612	1	2	2	1
Cell1613	1	2	2	1
Cell1614	1	2	2	1
Cell1615	1	4	2	1
Cell1616	1	3	1	2
Cell1617	1	7	1	2
Cell1618	1	9	2	1
Cell1619	1	7	1	2
Cell1620	1	5	1	2
Cell1621	1	4	2	1
Cell1622	1	6	1	2
Cell1623	1	5	1	2
Cell1624	1	4	2	1
Cell1625	1	9	2	1
Cell1626	1	3	1	2
Cell1627	1	4	2	1
Cell1628	1	6	1	2
Cell1631	1	2	2	1
Cell1632	1	4	2	1
Cell1633	1	5	1	2
Cell1634	1	2	2	1
Cell1635	1	5	1	2
Cell1637	1	5	1	2
Cell1638	1	1	2	1
Cell1639	1	4	2	1
Cell1640	1	2	2	1
Cell1641	1	7	1	2
Cell1642	1	2	2	1
Cell1643	1	4	2	1
Cell1644	1	9	2	1
Cell1645	1	3	1	2
Cell1646	1	5	1	2
Cell1647	1	2	2	1
Cell1648	1	5	1	2
Cell1649	1	6	1	2
Cell1650	1	4	2	1
Cell1651	1	3	1	2
Cell1652	1	4	2	1
Cell1653	1	6	1	2
Cell1654	1	5	1	2
Cell1655	1	9	2	1
Cell1656	1	2	2	1
Cell1657	1	1	2	1
Cell1658	1	4	2	1
Cell1659	1	1	2	1
Cell1660	1	1	2	1
Cell1661	1	1	2	1
Cell1662	1	7	1	2
Cell1663	1	8	1	2
Cell1664	1	6	1	2
Cell1665	1	1	2	1
Cell1666	1	7	1	2
Cell1667	1	4	2	1
Cell1668	1	8	1	2
Cell1669	1	4	2	1
Cell1670	1	7	1	2
Cell1672	1	3	1	2
Cell1673	1	5	1	2
Cell1674	1	9	2	1
Cell1675	1	1	2	1
Cell1676	1	4	2	1
Cell1677	1	2	2	1
Cell1678	1	6	1	2
Cell1679	1	4	2	1
Cell1680	1	4	2	1
Cell1681	1	2	2	1
Cell1682	1	6	1	2
Cell1683	1	1	2	1
Cell1684	1	8	1	2
Cell1685	1	8	1	2
Cell1686	1	4	2	1
Cell1687	1	8	1	2
Cell1688	1	7	1	2
Cell1689	1	2	2	1
Cell1690	1	9	2	1
Cell1691	1	1	2	1
Cell1692	1	9	2	1
Cell1693	1	2	2	1
Cell1694	1	7	1	2
Cell1696	1	3	1	2
Cell1697	1	5	1	2
Cell1698	1	5	1	2
Cell1699	1	5	1	2
Cell1700	1	4	2	1
Cell1701	1	3	1	2
Cell1702	1	2	2	1
Cell1703	1	6	1	2
Cell1704	1	3	1	2
Cell1705	1	7	1	2
Cell1706	1	9	2	1
Cell1707	1	1	2	1
Cell1708	1	8	1	2
Cell1709	1	6	1	2
Cell1710	1	2	2	1
Cell1711	1	1	2	1
Cell1712	1	3	1	2
Cell1714	1	1	2	1
Cell1715	1	6	1	2
Cell1716	1	1	2	1
Cell1717	1	1	2	1
Cell1718	1	5	1	2
Cell1719	1	3	1	2
Cell1720	1	3	1	2
Cell1721	1	5	1	2
Cell1722	1	5	1	2
Cell1723	1	8	1	2
Cell1725	1	4	2	1
Cell1726	1	4	2	1
Cell1727	1	4	2	1
Cell1728	1	5	1	2
Cell1729	1	1	2	1
Cell1730	1	4	2	1
Cell1731	1	3	1	2
Cell1732	1	2	2	1
Cell1733	1	3	1	2
Cell1734	1	2	2	1
Cell1735	1	2	2	1
Cell1736	1	5	1	2
Cell1737	1	7	1	2
Cell1738	1	7	1	2
Cell1739	1	5	1	2
Cell1740	1	6	1	2
Cell1741	1	4	2	1
Cell1742	1	7	1	2
Cell1743	1	4	2	1
Cell1744	1	8	1	2
Cell1745	1	1	2	1
Cell1746	1	1	2	1
Cell1747	1	9	2	1
Cell1748	1	3	1	2
Cell1749	1	2	2	1
Cell1750	1	9	2	1
Cell1751	1	7	1	2
Cell1752	1	4	2	1
Cell1753	1	5	1	2
Cell1754	1	1	2	1
Cell1755	1	3	1	2
Cell1756	1	3	1	2
Cell1757	1	3	1	2
Cell1758	1	2	2	1
Cell1759	1	5	1	2
Cell1760	1	2	2	1
Cell1761	1	7	1	2
Cell1762	1	7	1	2
Cell1763	1	6	1	2
Cell1764	1	1	2	1
Cell1765	1	2	2	1
Cell1766	1	7	1	2
Cell1767	1	1	2	1
Cell1768	1	6	1	2
Cell1769	1	2	2	1
Cell1770	1	3	1	2
Cell1771	1	5	1	2
Cell1772	1	4	2	1
Cell1773	1	1	2	1
Cell1774	1	8	1	2
Cell1775	1	7	1	2
Cell1777	1	2	2	1
Cell1778	1	4	2	1
Cell1779	1	8	1	2
Cell1780	1	1	2	1
Cell1781	1	2	2	1
Cell1782	1	4	2	1
Cell1783	1	3	1	2
Cell1784	1	4	2	1
Cell1785	1	4	2	1
Cell1786	1	6	1	2
Cell1787	1	6	1	2
Cell1789	1	4	2	1
Cell1790	1	1	2	1
Cell1792	1	3	1	2
Cell1793	1	2	2	1
Cell1794	1	2	2	1
Cell1795	1	1	2	1
Cell1796	1	3	1	2
Cell1797	1	7	1	2
Cell1798	1	5	1	2
Cell1799	1	5	1	2
Cell1800	1	2	2	1
Cell1801	1	5	1	2
Cell1802	1	2	2	1
Cell1803	1	7	1	2
Cell1804	1	4	2	1
Cell1805	1	2	2	1
Cell1806	1	5	1	2
Cell1807	1	9	2	1
Cell1808	1	1	2	1
Cell1809	1	3	1	2
Cell1810	1	7	1	2
Cell1811	1	1	2	1
Cell1812	1	8	1	2
Cell1813	1	1	2	1
Cell1814	1	6	1	2
Cell1815	1	4	2	1
Cell1816	1	7	1	2
Cell1817	1	7	1	2
Cell1818	1	4	2	1
Cell1819	1	3	1	2
Cell1820	1	5	1	2
Cell1821	1	2	2	1
Cell1822	1	6	1	2
Cell1823	1	3	1	2
Cell1824	1	5	1	2
Cell1825	1	2	2	1
Cell1826	1	3	1	2
Cell1827	1	4	2	1
Cell1828	1	3	1	2
Cell1829	1	6	1	2
Cell1830	1	6	1	2
Cell1831	1	6	1	2
Cell1832	1	3	1	2
Cell1833	1	2	2	1
Cell1834	1	4	2	1
Cell1835	1	6	1	2
Cell1836	1	2	2	1
Cell1837	1	2	2	1
Cell1838	1	9	2	1
Cell1839	1	9	2	1
Cell1840	1	1	2	1
Cell1841	1	8	1	2
Cell1843	1	6	1	2
Cell1844	1	2	2	1
Cell1845	1	3	1	2
Cell1846	1	5	1	2
Cell1847	1	5	1	2
Cell1848	1	3	1	2
Cell1850	1	2	2	1
Cell1851	1	5	1	2
Cell1852	1	1	2	1
Cell1853	1	3	1	2
Cell1855	1	2	2	1
Cell1856	1	3	1	2
Cell1857	1	5	1	2
Cell1858	1	6	1	2
Cell1859	1	3	1	2
Cell1860	1	3	1	2
Cell1862	1	2	2	1
Cell1864	1	6	1	2
Cell1865	1	4	2	1
Cell1866	1	4	2	1
Cell1867	1	1	2	1
Cell1868	1	4	2	1
Cell1869	1	2	2	1
Cell1870	1	5	1	2
Cell1871	1	3	1	2
Cell1872	1	4	2	1
Cell1873	1	6	1	2
Cell1874	1	7	1	2
Cell1875	1	2	2	1
Cell1876	1	2	2	1
Cell1877	1	2	2	1
Cell1878	1	2	2	1
Cell1879	1	3	1	2
Cell1880	1	9	2	1
Cell1881	1	4	2	1
Cell1883	1	2	2	1
Cell1885	1	4	2	1
Cell1887	1	6	1	2
Cell1888	1	5	1	2
Cell1889	1	2	2	1
Cell1890	1	4	2	1
Cell1891	1	3	1	2
Cell1892	1	6	1	2
Cell1893	1	7	1	2
Cell1894	1	9	2	1
Cell1895	1	9	2	1
Cell1896	1	1	2	1
Cell1897	1	1	2	1
Cell1898	1	3	1	2
Cell1899	1	9	2	1
Cell1900	1	7	1	2
Cell1901	1	1	2	1
Cell1902	1	7	1	2
Cell1903	1	7	1	2
Cell1904	1	1	2	1
Cell1906	1	5	1	2
Cell1907	1	7	1	2
Cell1908	1	5	1	2
Cell1909	1	2	2	1
Cell1911	1	6	1	2
Cell1912	1	7	1	2
Cell1913	1	5	1	2
Cell1914	1	1	2	1
Cell1915	1	4	2	1
Cell1916	1	9	2	1
Cell1917	1	4	2	1
Cell1918	1	3	1	2
Cell1919	1	1	2	1
Cell1920	1	5	1	2
Cell1921	1	4	2	1
Cell1922	1	6	1	2
Cell1923	1	8	1	2
Cell1924	1	1	2	1
Cell1925	1	4	2	1
Cell1926	1	8	1	2
Cell1927	1	2	2	1
Cell1928	1	2	2	1
Cell1929	1	3	1	2
Cell1930	1	7	1	2
Cell1931	1	7	1	2
Cell1932	1	8	1	2
Cell1933	1	6	1	2
Cell1934	1	4	2	1
Cell1935	1	8	1	2
Cell1936	1	8	1	2
Cell1937	1	4	2	1
Cell1938	1	4	2	1
Cell1939	1	7	1	2
Cell1940	1	8	1	2
Cell1941	1	8	1	2
Cell1942	1	2	2	1
Cell1943	1	8	1	2
Cell1944	1	3	1	2
Cell1945	1	4	2	1
Cell1946	1	6	1	2
Cell1947	1	6	1	2
Cell1948	1	4	2	1
Cell1949	1	1	2	1
Cell1950	1	8	1	2
Cell1951	1	6	1	2
Cell1952	1	4	2	1
Cell1953	1	8	1	2
Cell1954	1	7	1	2
Cell1955	1	1	2	1
Cell1956	1	4	2	1
Cell1957	1	1	2	1
Cell1958	1	5	1	2
Cell1959	1	6	1	2
Cell1960	1	8	1	2
Cell1961	1	7	1	2
Cell1962	1	1	2	1
Cell1963	1	6	1	2
Cell1966	1	2	2	1
Cell1967	1	3	1	2
Cell1968	1	2	2	1
Cell1969	1	4	2	1
Cell1970	1	1	2	1
Cell1971	1	2	2	1
Cell1973	1	5	1	2
Cell1974	1	6	1	2
Cell1975	1	3	1	2
Cell1976	1	5	1	2
Cell1977	1	8	1	2
Cell1978	1	2	2	1
Cell1979	1	4	2	1
Cell1980	1	3	1	2
Cell1981	1	4	2	1
Cell1982	1	8	1	2
Cell1983	1	4	2	1
Cell1984	1	4	2	1
Cell1985	1	2	2	1
Cell1986	1	2	2	1
Cell1987	1	9	2	1
Cell1988	1	5	1	2
Cell1989	1	4	2	1
Cell1990	1	3	1	2
Cell1991	1	7	1	2
Cell1992	1	3	1	2
Cell1993	1	3	1	2
Cell1994	1	5	1	2
Cell1995	1	9	2	1
Cell1996	1	4	2	1
Cell1997	1	6	1	2
Cell1998	1	2	2	1
Cell1999	1	1	2	1
Cell2000	1	3	1	2
