ID	did	seurat_cluster	kmeans_cluster	labels
Cell1	1	6	32	32
Cell2	1	10	7	31
Cell3	1	15	11	13
Cell4	1	3	12	16
Cell5	1	19	13	26
Cell6	1	15	11	13
Cell7	1	19	28	8
Cell8	1	2	17	25
Cell9	1	16	2	29
Cell10	1	2	17	25
Cell11	1	19	13	8
Cell12	1	14	31	15
Cell13	1	15	11	13
Cell15	1	17	3	5
Cell16	1	1	25	29
Cell17	1	6	32	32
Cell18	1	13	27	15
Cell19	1	4	10	17
Cell20	1	6	32	11
Cell21	1	1	20	15
Cell22	1	5	18	9
Cell23	1	3	29	18
Cell24	1	12	14	5
Cell25	1	5	18	9
Cell26	1	4	10	17
Cell27	1	2	17	18
Cell28	1	11	19	23
Cell29	1	16	2	11
Cell30	1	4	30	29
Cell31	1	10	7	15
Cell32	1	19	13	8
Cell33	1	9	23	5
Cell34	1	6	32	4
Cell35	1	21	21	14
Cell36	1	1	20	2
Cell37	1	8	16	28
Cell38	1	3	29	4
Cell39	1	17	3	11
Cell40	1	21	21	14
Cell41	1	22	31	27
Cell42	1	3	12	16
Cell43	1	13	27	24
Cell44	1	10	7	31
Cell45	1	7	23	26
Cell46	1	3	12	16
Cell47	1	9	26	21
Cell48	1	20	8	1
Cell49	1	14	31	27
Cell50	1	2	22	18
Cell51	1	11	15	23
Cell52	1	9	26	20
Cell53	1	10	7	31
Cell54	1	8	16	28
Cell55	1	16	2	30
Cell56	1	5	18	9
Cell57	1	11	15	23
Cell58	1	9	26	20
Cell59	1	17	3	4
Cell60	1	9	26	20
Cell61	1	2	17	25
Cell62	1	21	21	14
Cell63	1	5	1	26
Cell64	1	18	9	10
Cell65	1	2	17	4
Cell66	1	17	3	6
Cell67	1	8	16	28
Cell68	1	2	22	15
Cell69	1	15	11	3
Cell70	1	13	27	24
Cell71	1	3	28	16
Cell72	1	19	13	8
Cell73	1	8	16	28
Cell75	1	15	11	13
Cell76	1	9	26	21
Cell77	1	16	2	30
Cell78	1	14	31	19
Cell79	1	19	13	8
Cell80	1	5	18	9
Cell81	1	9	26	20
Cell82	1	22	31	27
Cell83	1	3	29	22
Cell85	1	5	18	9
Cell86	1	16	2	30
Cell87	1	13	27	24
Cell88	1	4	10	27
Cell89	1	14	31	19
Cell90	1	21	21	14
Cell91	1	7	5	26
Cell92	1	20	8	1
Cell93	1	9	26	20
Cell94	1	10	7	31
Cell95	1	13	27	24
Cell96	1	21	21	14
Cell97	1	10	7	31
Cell98	1	1	30	21
Cell99	1	17	3	6
Cell100	1	10	7	31
Cell101	1	10	7	31
Cell102	1	3	6	22
Cell103	1	12	14	5
Cell104	1	12	14	7
Cell105	1	8	16	28
Cell106	1	4	16	11
Cell107	1	17	3	6
Cell108	1	15	11	13
Cell109	1	12	14	11
Cell110	1	3	29	4
Cell111	1	7	4	12
Cell112	1	18	9	10
Cell113	1	3	29	16
Cell114	1	5	18	3
Cell115	1	10	7	31
Cell116	1	3	29	22
Cell118	1	7	4	12
Cell119	1	8	16	28
Cell120	1	8	16	28
Cell121	1	19	13	8
Cell122	1	8	16	28
Cell123	1	18	9	10
Cell124	1	2	22	18
Cell125	1	3	29	22
Cell126	1	20	8	1
Cell127	1	11	15	23
Cell128	1	12	14	7
Cell130	1	20	8	1
Cell131	1	6	32	32
Cell132	1	16	2	30
Cell133	1	5	18	12
Cell135	1	2	22	18
Cell136	1	16	2	30
Cell137	1	16	2	30
Cell138	1	1	20	2
Cell139	1	19	13	8
Cell140	1	15	11	13
Cell141	1	4	10	17
Cell142	1	12	14	7
Cell144	1	1	20	2
Cell145	1	18	9	10
Cell146	1	19	13	8
Cell147	1	4	10	11
Cell148	1	16	2	30
Cell149	1	6	32	32
Cell150	1	17	3	6
Cell151	1	2	17	25
Cell152	1	16	2	30
Cell153	1	20	8	21
Cell154	1	21	21	14
Cell155	1	1	20	2
Cell156	1	18	9	10
Cell157	1	15	11	13
Cell158	1	4	10	17
Cell159	1	2	22	4
Cell160	1	3	12	22
Cell162	1	5	18	9
Cell163	1	5	18	12
Cell164	1	8	16	28
Cell165	1	6	32	15
Cell166	1	1	24	18
Cell167	1	19	13	8
Cell168	1	4	30	5
Cell169	1	14	31	19
Cell170	1	3	28	16
Cell171	1	11	19	23
Cell172	1	2	22	18
Cell173	1	5	18	9
Cell174	1	1	20	2
Cell175	1	21	21	14
Cell176	1	8	16	28
Cell177	1	18	9	10
Cell178	1	9	26	20
Cell179	1	18	9	10
Cell180	1	15	11	13
Cell181	1	8	16	28
Cell182	1	10	7	31
Cell183	1	8	16	28
Cell184	1	4	10	5
Cell186	1	2	22	25
Cell187	1	1	20	5
Cell188	1	5	1	3
Cell189	1	16	2	30
Cell190	1	12	14	7
Cell191	1	3	12	16
Cell192	1	22	31	27
Cell193	1	19	13	8
Cell194	1	8	16	28
Cell195	1	16	2	30
Cell196	1	6	32	32
Cell197	1	2	22	18
Cell198	1	3	29	22
Cell199	1	4	30	21
Cell200	1	17	3	6
Cell201	1	15	11	26
Cell202	1	7	4	12
Cell203	1	17	3	6
Cell204	1	19	13	8
Cell205	1	22	31	27
Cell206	1	21	21	14
Cell207	1	3	29	4
Cell208	1	5	18	9
Cell210	1	13	27	24
Cell211	1	22	31	27
Cell212	1	21	21	14
Cell213	1	15	11	13
Cell215	1	4	16	11
Cell216	1	9	26	20
Cell217	1	11	19	23
Cell218	1	1	24	29
Cell219	1	19	13	8
Cell220	1	6	32	32
Cell221	1	21	21	14
Cell222	1	4	16	11
Cell225	1	1	20	2
Cell226	1	2	22	18
Cell227	1	19	13	8
Cell228	1	11	19	23
Cell229	1	17	3	6
Cell230	1	1	25	5
Cell231	1	5	1	3
Cell232	1	2	17	25
Cell233	1	1	24	15
Cell234	1	4	30	5
Cell235	1	8	16	28
Cell236	1	4	6	5
Cell237	1	9	30	15
Cell238	1	1	24	29
Cell239	1	1	20	2
Cell240	1	3	29	29
Cell241	1	18	9	10
Cell242	1	7	23	12
Cell243	1	9	26	20
Cell244	1	15	11	13
Cell245	1	14	31	19
Cell246	1	5	1	3
Cell247	1	11	19	23
Cell248	1	9	26	5
Cell249	1	18	9	10
Cell250	1	8	16	28
Cell251	1	5	18	9
Cell252	1	8	16	28
Cell253	1	7	4	26
Cell254	1	1	20	21
Cell256	1	7	5	15
Cell257	1	15	11	12
Cell258	1	15	11	13
Cell259	1	2	17	25
Cell260	1	5	18	9
Cell261	1	21	21	14
Cell262	1	2	17	25
Cell263	1	13	27	24
Cell264	1	16	2	30
Cell265	1	13	27	24
Cell266	1	9	26	27
Cell267	1	11	15	15
Cell268	1	16	2	30
Cell269	1	21	21	14
Cell270	1	4	10	17
Cell271	1	20	8	16
Cell272	1	11	15	23
Cell273	1	19	13	8
Cell274	1	7	5	26
Cell275	1	12	14	17
Cell276	1	21	21	14
Cell277	1	16	2	30
Cell278	1	13	27	24
Cell279	1	2	17	25
Cell280	1	8	16	28
Cell281	1	1	6	21
Cell282	1	7	4	12
Cell283	1	2	22	18
Cell284	1	4	10	4
Cell285	1	11	19	23
Cell286	1	20	8	1
Cell287	1	11	5	26
Cell288	1	18	9	10
Cell289	1	5	1	22
Cell290	1	20	8	1
Cell291	1	2	17	22
Cell294	1	10	7	26
Cell295	1	3	29	22
Cell296	1	7	4	12
Cell297	1	12	14	7
Cell298	1	12	14	7
Cell299	1	17	3	6
Cell300	1	21	21	14
Cell301	1	6	32	32
Cell302	1	19	13	8
Cell303	1	18	9	10
Cell304	1	4	10	5
Cell305	1	5	18	9
Cell306	1	13	27	24
Cell307	1	22	31	27
Cell308	1	6	32	32
Cell309	1	11	15	23
Cell310	1	9	26	20
Cell311	1	5	18	3
Cell312	1	16	2	30
Cell313	1	13	27	24
Cell314	1	8	16	12
Cell315	1	2	17	25
Cell318	1	11	15	23
Cell319	1	3	12	16
Cell320	1	7	23	26
Cell321	1	5	18	9
Cell322	1	20	8	1
Cell323	1	6	32	32
Cell324	1	2	17	25
Cell325	1	8	16	28
Cell326	1	20	8	1
Cell327	1	10	7	31
Cell329	1	5	18	9
Cell330	1	2	22	18
Cell332	1	13	27	24
Cell333	1	10	7	31
Cell334	1	13	27	24
Cell335	1	13	27	21
Cell336	1	10	7	26
Cell337	1	16	2	30
Cell338	1	3	28	29
Cell339	1	21	21	14
Cell340	1	20	8	1
Cell342	1	5	1	15
Cell343	1	13	27	24
Cell344	1	21	21	14
Cell345	1	19	13	26
Cell346	1	11	19	23
Cell347	1	9	26	20
Cell348	1	7	5	26
Cell349	1	7	23	26
Cell350	1	1	25	29
Cell351	1	22	31	27
Cell352	1	1	20	2
Cell353	1	2	22	29
Cell354	1	7	4	12
Cell355	1	16	2	30
Cell356	1	22	31	27
Cell357	1	2	22	18
Cell358	1	15	11	12
Cell359	1	12	14	7
Cell360	1	11	19	23
Cell361	1	12	14	7
Cell362	1	7	4	12
Cell363	1	1	24	29
Cell364	1	2	22	25
Cell366	1	10	7	31
Cell367	1	5	18	9
Cell368	1	18	9	10
Cell369	1	11	15	23
Cell370	1	15	11	13
Cell371	1	5	18	9
Cell372	1	1	20	5
Cell373	1	7	23	12
Cell374	1	19	13	8
Cell375	1	8	16	11
Cell376	1	2	17	25
Cell377	1	2	22	22
Cell378	1	21	21	11
Cell380	1	1	6	15
Cell381	1	16	2	30
Cell382	1	4	16	11
Cell383	1	1	6	21
Cell385	1	4	10	5
Cell386	1	19	13	8
Cell387	1	22	31	27
Cell388	1	15	11	13
Cell389	1	2	22	18
Cell390	1	1	20	21
Cell391	1	3	12	16
Cell392	1	17	3	6
Cell393	1	12	14	7
Cell394	1	5	1	3
Cell395	1	3	12	16
Cell396	1	10	7	31
Cell397	1	7	5	11
Cell398	1	9	26	29
Cell399	1	9	25	22
Cell400	1	15	11	13
Cell401	1	16	2	30
Cell402	1	18	9	11
Cell403	1	21	21	14
Cell404	1	18	9	10
Cell405	1	1	6	5
Cell406	1	18	9	10
Cell407	1	1	6	21
Cell408	1	16	2	30
Cell409	1	17	3	4
Cell410	1	12	14	7
Cell411	1	3	29	22
Cell412	1	10	7	31
Cell414	1	4	10	17
Cell415	1	12	14	7
Cell416	1	2	17	12
Cell417	1	13	27	24
Cell418	1	7	11	26
Cell419	1	10	7	31
Cell420	1	16	2	30
Cell421	1	2	17	25
Cell422	1	3	12	16
Cell423	1	12	14	7
Cell424	1	12	14	7
Cell425	1	10	7	31
Cell426	1	12	14	7
Cell427	1	22	31	27
Cell428	1	3	12	16
Cell429	1	18	9	4
Cell430	1	8	16	28
Cell432	1	3	29	4
Cell433	1	7	4	12
Cell434	1	13	27	24
Cell435	1	3	12	18
Cell436	1	3	29	22
Cell437	1	8	16	11
Cell438	1	16	2	30
Cell439	1	19	13	18
Cell440	1	2	22	25
Cell441	1	6	32	32
Cell442	1	17	3	6
Cell443	1	5	18	9
Cell444	1	19	13	8
Cell445	1	5	18	9
Cell446	1	20	8	1
Cell447	1	5	18	26
Cell448	1	22	31	27
Cell449	1	21	21	14
Cell450	1	8	16	28
Cell451	1	12	14	7
Cell452	1	19	13	26
Cell453	1	20	8	1
Cell454	1	6	32	32
Cell455	1	7	4	26
Cell457	1	15	11	13
Cell458	1	9	26	20
Cell459	1	3	29	4
Cell460	1	12	14	7
Cell461	1	2	17	25
Cell462	1	3	12	15
Cell463	1	20	8	1
Cell464	1	19	13	8
Cell465	1	5	18	9
Cell466	1	16	2	30
Cell467	1	5	18	9
Cell468	1	10	7	31
Cell469	1	1	20	21
Cell470	1	16	2	30
Cell471	1	9	26	20
Cell472	1	4	10	4
Cell474	1	5	18	9
Cell475	1	1	20	2
Cell476	1	7	4	12
Cell478	1	4	10	17
Cell479	1	2	17	25
Cell480	1	3	29	22
Cell481	1	17	3	6
Cell482	1	3	12	16
Cell483	1	2	17	18
Cell484	1	3	29	22
Cell486	1	10	7	31
Cell487	1	7	4	26
Cell488	1	8	16	28
Cell489	1	3	12	16
Cell490	1	22	31	27
Cell491	1	10	7	31
Cell492	1	9	26	20
Cell493	1	15	11	13
Cell495	1	9	26	20
Cell497	1	8	16	28
Cell498	1	17	3	6
Cell499	1	20	8	1
Cell500	1	18	9	10
Cell501	1	18	9	10
Cell503	1	15	11	13
Cell504	1	3	29	16
Cell505	1	13	27	24
Cell506	1	16	2	30
Cell507	1	10	7	31
Cell508	1	11	19	23
Cell510	1	8	16	28
Cell511	1	10	7	31
Cell512	1	6	32	32
Cell513	1	5	18	9
Cell515	1	8	16	28
Cell516	1	16	2	30
Cell517	1	21	21	14
Cell518	1	3	28	30
Cell519	1	4	10	17
Cell520	1	14	31	19
Cell521	1	17	3	6
Cell522	1	1	20	2
Cell523	1	2	22	18
Cell524	1	1	30	5
Cell525	1	5	1	3
Cell526	1	2	22	18
Cell527	1	7	4	12
Cell528	1	16	2	15
Cell529	1	1	20	2
Cell530	1	8	16	28
Cell531	1	9	26	20
Cell532	1	13	27	24
Cell533	1	10	7	31
Cell534	1	22	31	27
Cell535	1	5	18	9
Cell536	1	17	3	6
Cell537	1	19	13	8
Cell538	1	9	26	20
Cell539	1	1	24	21
Cell540	1	8	16	28
Cell541	1	4	10	17
Cell542	1	5	18	3
Cell543	1	15	11	5
Cell544	1	17	3	6
Cell545	1	12	14	7
Cell546	1	21	21	14
Cell547	1	2	17	25
Cell548	1	1	20	2
Cell550	1	13	27	24
Cell552	1	15	11	13
Cell553	1	13	27	24
Cell554	1	12	14	4
Cell555	1	3	29	4
Cell556	1	7	5	26
Cell557	1	4	10	4
Cell559	1	20	8	1
Cell560	1	10	7	31
Cell561	1	9	26	20
Cell562	1	12	14	7
Cell563	1	22	31	27
Cell564	1	2	22	18
Cell565	1	3	12	16
Cell566	1	11	15	23
Cell567	1	4	10	4
Cell568	1	2	17	25
Cell570	1	3	12	29
Cell571	1	19	13	8
Cell572	1	7	5	12
Cell573	1	19	13	8
Cell574	1	21	21	14
Cell575	1	17	3	6
Cell576	1	4	26	12
Cell577	1	12	14	7
Cell579	1	13	27	24
Cell580	1	6	17	4
Cell581	1	3	29	22
Cell582	1	6	32	32
Cell583	1	7	4	12
Cell584	1	18	9	10
Cell585	1	1	24	15
Cell586	1	5	18	9
Cell587	1	2	17	25
Cell588	1	1	24	15
Cell589	1	11	15	29
Cell590	1	1	20	2
Cell591	1	3	6	22
Cell592	1	18	9	10
Cell593	1	18	9	10
Cell594	1	21	21	14
Cell595	1	13	27	24
Cell596	1	1	25	29
Cell597	1	14	31	19
Cell599	1	22	31	27
Cell600	1	6	32	32
Cell601	1	14	31	19
Cell602	1	12	14	7
Cell603	1	16	2	30
Cell604	1	10	7	31
Cell605	1	1	20	2
Cell606	1	5	1	3
Cell607	1	20	8	1
Cell608	1	3	12	21
Cell609	1	13	27	24
Cell610	1	10	7	31
Cell611	1	17	3	6
Cell612	1	9	26	20
Cell613	1	12	14	7
Cell614	1	19	13	8
Cell615	1	9	26	20
Cell617	1	17	3	6
Cell618	1	7	4	12
Cell619	1	16	2	30
Cell620	1	16	2	30
Cell621	1	1	20	2
Cell622	1	9	26	21
Cell623	1	3	12	18
Cell624	1	2	29	22
Cell625	1	9	26	20
Cell626	1	3	12	16
Cell627	1	3	29	18
Cell628	1	2	22	4
Cell629	1	6	32	32
Cell630	1	3	29	22
Cell631	1	8	16	28
Cell632	1	21	21	11
Cell633	1	7	4	12
Cell634	1	1	30	17
Cell635	1	1	6	22
Cell636	1	1	6	16
Cell637	1	9	26	20
Cell638	1	20	8	1
Cell639	1	2	22	18
Cell640	1	12	14	7
Cell641	1	19	13	8
Cell642	1	2	17	25
Cell643	1	4	10	11
Cell644	1	2	22	18
Cell645	1	12	14	11
Cell646	1	17	3	6
Cell647	1	11	19	21
Cell648	1	1	20	2
Cell649	1	21	21	14
Cell650	1	11	15	26
Cell651	1	1	20	2
Cell652	1	9	26	20
Cell653	1	9	26	15
Cell654	1	1	20	5
Cell655	1	5	18	9
Cell656	1	12	14	26
Cell657	1	1	24	22
Cell658	1	1	20	2
Cell659	1	15	11	13
Cell660	1	17	3	11
Cell661	1	17	3	6
Cell662	1	3	29	16
Cell663	1	3	12	22
Cell664	1	4	10	5
Cell665	1	20	8	1
Cell666	1	6	32	32
Cell667	1	9	26	20
Cell668	1	13	27	5
Cell669	1	14	31	19
Cell670	1	21	21	14
Cell671	1	14	31	19
Cell672	1	3	28	29
Cell674	1	15	11	13
Cell675	1	13	27	24
Cell676	1	3	29	16
Cell677	1	1	20	2
Cell678	1	3	29	4
Cell679	1	3	12	15
Cell680	1	9	26	12
Cell681	1	2	17	25
Cell682	1	3	29	21
Cell683	1	2	22	18
Cell684	1	21	21	14
Cell685	1	15	11	13
Cell686	1	19	13	8
Cell687	1	2	22	18
Cell688	1	22	31	27
Cell689	1	17	3	6
Cell690	1	22	31	27
Cell691	1	4	30	21
Cell693	1	19	13	8
Cell694	1	13	27	24
Cell695	1	1	6	22
Cell696	1	6	32	32
Cell697	1	3	29	22
Cell698	1	4	30	17
Cell699	1	1	20	2
Cell700	1	5	18	9
Cell701	1	6	32	4
Cell702	1	11	19	23
Cell703	1	1	6	21
Cell704	1	9	26	20
Cell705	1	5	1	11
Cell706	1	22	31	27
Cell707	1	22	31	27
Cell708	1	19	13	8
Cell709	1	5	1	3
Cell710	1	5	18	9
Cell711	1	2	17	3
Cell712	1	19	13	8
Cell713	1	10	7	26
Cell714	1	2	17	25
Cell715	1	9	26	20
Cell716	1	13	27	3
Cell717	1	4	30	17
Cell718	1	2	17	25
Cell719	1	12	14	7
Cell720	1	18	9	10
Cell721	1	5	1	3
Cell722	1	2	22	18
Cell723	1	7	5	5
Cell724	1	14	31	19
Cell725	1	11	15	26
Cell726	1	14	31	19
Cell727	1	1	20	29
Cell728	1	13	27	24
Cell731	1	21	21	14
Cell732	1	3	12	16
Cell733	1	3	12	16
Cell734	1	8	16	28
Cell735	1	19	13	8
Cell736	1	16	2	30
Cell737	1	20	8	1
Cell738	1	1	25	29
Cell739	1	14	31	5
Cell740	1	1	24	5
Cell741	1	3	28	18
Cell742	1	7	4	12
Cell743	1	2	22	21
Cell744	1	11	19	23
Cell745	1	13	27	24
Cell746	1	4	10	17
Cell747	1	3	29	29
Cell748	1	15	11	13
Cell749	1	7	4	12
Cell750	1	13	27	24
Cell751	1	12	14	7
Cell752	1	16	2	18
Cell753	1	10	7	15
Cell754	1	8	16	28
Cell755	1	2	17	25
Cell756	1	5	18	9
Cell757	1	12	14	7
Cell758	1	16	2	30
Cell759	1	1	24	22
Cell760	1	15	11	13
Cell761	1	7	4	12
Cell762	1	4	30	21
Cell763	1	14	31	27
Cell764	1	3	29	21
Cell765	1	2	22	18
Cell766	1	15	11	13
Cell767	1	11	15	23
Cell768	1	10	7	31
Cell769	1	16	2	30
Cell770	1	16	2	30
Cell771	1	6	32	32
Cell772	1	14	31	19
Cell773	1	2	22	4
Cell774	1	13	27	15
Cell775	1	1	6	29
Cell776	1	15	11	13
Cell777	1	3	12	16
Cell778	1	9	26	20
Cell779	1	8	16	28
Cell780	1	1	6	21
Cell781	1	13	27	24
Cell782	1	18	9	10
Cell783	1	11	15	26
Cell784	1	14	31	19
Cell785	1	17	3	6
Cell786	1	22	31	27
Cell787	1	16	2	30
Cell788	1	15	11	13
Cell789	1	10	7	31
Cell790	1	1	20	21
Cell791	1	9	26	20
Cell792	1	12	14	17
Cell793	1	17	3	6
Cell795	1	12	14	7
Cell796	1	3	29	4
Cell797	1	6	32	32
Cell798	1	7	23	26
Cell799	1	1	30	21
Cell800	1	13	27	24
Cell801	1	7	4	12
Cell802	1	5	18	9
Cell803	1	6	32	4
Cell804	1	16	28	29
Cell805	1	5	1	21
Cell806	1	1	30	21
Cell807	1	4	10	17
Cell808	1	5	18	9
Cell809	1	21	21	14
Cell810	1	1	6	29
Cell811	1	4	16	11
Cell812	1	3	28	16
Cell813	1	14	31	19
Cell814	1	20	8	21
Cell815	1	3	12	16
Cell816	1	2	17	25
Cell817	1	11	19	23
Cell819	1	11	15	23
Cell820	1	20	8	1
Cell821	1	19	13	8
Cell822	1	12	14	7
Cell823	1	19	13	8
Cell824	1	9	26	21
Cell825	1	3	12	16
Cell826	1	6	32	4
Cell827	1	5	18	9
Cell828	1	1	24	15
Cell829	1	3	29	22
Cell830	1	6	32	32
Cell831	1	14	31	19
Cell832	1	3	29	22
Cell833	1	2	17	25
Cell834	1	4	30	5
Cell836	1	3	28	16
Cell837	1	17	3	6
Cell838	1	5	18	9
Cell839	1	8	16	28
Cell840	1	5	1	3
Cell841	1	1	24	5
Cell842	1	3	29	22
Cell843	1	1	20	2
Cell844	1	11	19	26
Cell845	1	8	16	28
Cell846	1	6	32	32
Cell847	1	8	16	28
Cell848	1	1	30	5
Cell849	1	1	6	22
Cell850	1	1	6	15
Cell851	1	15	11	13
Cell852	1	10	7	31
Cell853	1	20	8	1
Cell854	1	9	26	20
Cell855	1	20	8	1
Cell856	1	16	2	30
Cell857	1	17	3	6
Cell858	1	15	11	13
Cell859	1	9	26	15
Cell860	1	19	13	8
Cell861	1	18	9	10
Cell862	1	15	11	13
Cell863	1	8	16	28
Cell864	1	16	2	30
Cell865	1	2	22	22
Cell866	1	11	19	23
Cell867	1	6	32	32
Cell868	1	11	15	23
Cell869	1	7	4	12
Cell870	1	16	2	30
Cell872	1	20	8	1
Cell873	1	5	1	15
Cell875	1	13	27	15
Cell876	1	2	17	25
Cell877	1	17	3	6
Cell878	1	5	1	3
Cell879	1	16	2	30
Cell880	1	7	23	12
Cell881	1	9	26	21
Cell882	1	3	29	22
Cell883	1	22	31	27
Cell885	1	13	27	24
Cell886	1	4	16	11
Cell887	1	10	7	31
Cell888	1	5	1	3
Cell889	1	12	14	5
Cell890	1	1	20	2
Cell891	1	2	22	18
Cell892	1	17	3	11
Cell893	1	19	13	8
Cell894	1	20	8	1
Cell895	1	1	24	29
Cell896	1	4	1	12
Cell897	1	8	16	28
Cell898	1	10	7	31
Cell899	1	1	20	2
Cell900	1	2	17	25
Cell903	1	7	4	26
Cell904	1	5	18	9
Cell905	1	2	22	18
Cell906	1	9	26	20
Cell907	1	1	20	5
Cell909	1	18	9	3
Cell910	1	14	31	19
Cell911	1	7	4	12
Cell912	1	12	14	7
Cell913	1	22	31	27
Cell914	1	8	16	28
Cell915	1	21	21	14
Cell916	1	2	17	25
Cell917	1	20	8	1
Cell918	1	16	2	30
Cell919	1	3	29	3
Cell920	1	9	26	22
Cell921	1	19	13	8
Cell922	1	3	6	3
Cell923	1	10	7	31
Cell924	1	10	7	26
Cell925	1	1	6	5
Cell926	1	14	31	19
Cell927	1	20	8	1
Cell928	1	1	24	29
Cell929	1	14	31	19
Cell930	1	21	21	14
Cell931	1	9	23	29
Cell932	1	7	4	12
Cell933	1	12	14	29
Cell934	1	5	1	3
Cell935	1	19	13	8
Cell936	1	15	11	13
Cell937	1	18	9	10
Cell938	1	8	16	28
Cell939	1	2	22	18
Cell940	1	6	32	32
Cell941	1	11	19	23
Cell942	1	4	16	11
Cell943	1	5	18	3
Cell944	1	4	31	5
Cell945	1	12	14	11
Cell946	1	3	12	4
Cell947	1	4	30	15
Cell948	1	4	10	4
Cell949	1	17	3	6
Cell950	1	12	14	7
Cell952	1	12	14	7
Cell953	1	6	32	32
Cell954	1	13	27	27
Cell955	1	21	21	14
Cell956	1	15	11	13
Cell957	1	1	20	2
Cell958	1	3	28	16
Cell959	1	15	11	13
Cell960	1	4	16	11
Cell961	1	9	26	20
Cell962	1	6	32	4
Cell963	1	8	16	28
Cell964	1	3	12	16
Cell965	1	10	7	31
Cell966	1	20	8	1
Cell968	1	16	2	30
Cell969	1	15	11	13
Cell970	1	2	17	3
Cell971	1	8	16	11
Cell972	1	18	9	10
Cell973	1	12	14	7
Cell974	1	2	17	25
Cell975	1	8	16	28
Cell976	1	13	27	24
Cell977	1	19	13	8
Cell978	1	18	9	10
Cell979	1	13	27	24
Cell980	1	5	18	9
Cell981	1	15	11	13
Cell982	1	1	20	2
Cell983	1	16	2	30
Cell984	1	4	10	17
Cell985	1	1	24	18
Cell986	1	11	15	26
Cell987	1	22	31	27
Cell988	1	13	27	24
Cell989	1	13	27	24
Cell990	1	10	7	31
Cell991	1	14	31	19
Cell992	1	21	21	14
Cell993	1	21	21	14
Cell996	1	1	25	26
Cell997	1	12	14	7
Cell998	1	14	31	19
Cell999	1	4	10	17
Cell1000	1	19	13	8
Cell1001	1	7	5	5
Cell1002	1	16	2	30
Cell1003	1	8	16	28
Cell1004	1	15	11	13
Cell1005	1	4	10	17
Cell1006	1	16	2	30
Cell1007	1	1	30	15
Cell1008	1	2	22	4
Cell1009	1	17	3	6
Cell1010	1	11	15	26
Cell1011	1	10	7	31
Cell1012	1	17	3	6
Cell1013	1	2	17	25
Cell1014	1	19	13	8
Cell1015	1	13	27	15
Cell1016	1	18	9	10
Cell1017	1	13	27	15
Cell1018	1	14	31	19
Cell1019	1	2	22	18
Cell1020	1	6	32	32
Cell1021	1	10	7	31
Cell1022	1	2	17	25
Cell1023	1	5	1	3
Cell1024	1	9	26	20
Cell1025	1	8	16	28
Cell1026	1	1	24	29
Cell1027	1	1	25	29
Cell1028	1	3	12	16
Cell1029	1	1	24	15
Cell1030	1	6	32	4
Cell1031	1	20	8	1
Cell1032	1	22	31	27
Cell1033	1	2	22	18
Cell1034	1	14	31	27
Cell1035	1	3	12	16
Cell1036	1	11	19	23
Cell1037	1	16	2	30
Cell1038	1	16	2	30
Cell1039	1	2	17	25
Cell1040	1	21	21	14
Cell1041	1	3	12	16
Cell1042	1	3	29	5
Cell1043	1	12	14	7
Cell1044	1	16	28	12
Cell1045	1	1	20	2
Cell1046	1	15	11	13
Cell1047	1	6	32	4
Cell1048	1	3	12	16
Cell1049	1	1	6	22
Cell1050	1	6	32	32
Cell1051	1	21	21	14
Cell1052	1	11	19	23
Cell1053	1	2	17	26
Cell1054	1	12	14	7
Cell1055	1	21	21	14
Cell1056	1	22	31	27
Cell1057	1	4	3	29
Cell1058	1	6	32	32
Cell1059	1	7	26	27
Cell1060	1	22	31	27
Cell1061	1	19	13	8
Cell1062	1	11	15	23
Cell1063	1	5	18	9
Cell1064	1	6	32	32
Cell1065	1	2	22	18
Cell1066	1	21	21	14
Cell1067	1	1	24	15
Cell1068	1	1	6	21
Cell1069	1	5	18	9
Cell1070	1	12	14	7
Cell1071	1	13	27	24
Cell1072	1	14	31	27
Cell1073	1	7	4	15
Cell1074	1	3	12	16
Cell1075	1	8	16	28
Cell1076	1	1	25	29
Cell1077	1	10	23	26
Cell1078	1	8	16	28
Cell1079	1	13	27	15
Cell1080	1	12	14	7
Cell1081	1	8	16	28
Cell1082	1	8	16	28
Cell1083	1	1	6	4
Cell1084	1	7	4	12
Cell1085	1	18	9	10
Cell1086	1	17	3	6
Cell1088	1	17	3	6
Cell1089	1	18	9	10
Cell1090	1	21	21	14
Cell1092	1	17	3	6
Cell1093	1	16	2	30
Cell1094	1	10	23	26
Cell1095	1	12	14	7
Cell1096	1	21	21	14
Cell1097	1	10	7	31
Cell1098	1	12	14	7
Cell1099	1	4	10	17
Cell1100	1	3	29	4
Cell1101	1	11	19	23
Cell1102	1	1	20	2
Cell1103	1	21	21	14
Cell1104	1	3	29	22
Cell1105	1	5	18	9
Cell1106	1	13	27	24
Cell1108	1	15	11	13
Cell1109	1	1	6	21
Cell1111	1	10	7	31
Cell1112	1	5	1	12
Cell1113	1	5	1	3
Cell1114	1	19	13	8
Cell1115	1	15	11	13
Cell1116	1	2	17	25
Cell1117	1	9	26	20
Cell1118	1	3	12	22
Cell1119	1	3	12	16
Cell1120	1	2	17	25
Cell1121	1	4	10	11
Cell1122	1	14	31	5
Cell1123	1	5	1	3
Cell1124	1	12	14	7
Cell1125	1	18	9	10
Cell1126	1	1	6	3
Cell1127	1	4	10	5
Cell1128	1	5	18	9
Cell1129	1	7	23	26
Cell1131	1	5	18	9
Cell1132	1	5	18	9
Cell1133	1	12	14	7
Cell1134	1	17	3	6
Cell1135	1	3	12	16
Cell1137	1	1	20	2
Cell1138	1	16	2	16
Cell1139	1	5	1	3
Cell1140	1	14	31	4
Cell1141	1	14	31	19
Cell1142	1	14	31	19
Cell1143	1	14	31	19
Cell1144	1	17	3	6
Cell1145	1	2	22	18
Cell1146	1	22	31	27
Cell1147	1	4	10	17
Cell1148	1	20	8	1
Cell1149	1	16	2	30
Cell1150	1	13	27	24
Cell1151	1	18	9	10
Cell1152	1	1	20	21
Cell1153	1	8	16	28
Cell1154	1	3	12	29
Cell1155	1	20	8	1
Cell1156	1	9	26	20
Cell1157	1	17	3	6
Cell1158	1	7	23	26
Cell1159	1	10	7	31
Cell1160	1	10	7	31
Cell1161	1	1	6	21
Cell1162	1	8	16	28
Cell1163	1	2	17	25
Cell1164	1	1	24	21
Cell1165	1	2	17	22
Cell1166	1	13	27	24
Cell1167	1	8	16	28
Cell1168	1	19	13	8
Cell1169	1	13	27	15
Cell1170	1	13	27	24
Cell1172	1	3	29	5
Cell1173	1	20	8	1
Cell1174	1	20	8	1
Cell1175	1	7	4	26
Cell1176	1	1	20	2
Cell1177	1	1	6	21
Cell1178	1	4	30	5
Cell1179	1	9	26	20
Cell1180	1	18	9	10
Cell1181	1	7	4	12
Cell1182	1	19	13	8
Cell1183	1	12	14	7
Cell1184	1	3	29	22
Cell1185	1	2	22	25
Cell1186	1	2	22	18
Cell1187	1	18	9	10
Cell1188	1	1	20	21
Cell1189	1	6	32	32
Cell1190	1	1	24	15
Cell1191	1	21	21	14
Cell1192	1	5	1	3
Cell1193	1	5	18	9
Cell1194	1	20	8	1
Cell1196	1	17	3	6
Cell1197	1	9	26	20
Cell1198	1	14	31	19
Cell1199	1	2	17	25
Cell1200	1	2	17	5
Cell1201	1	8	16	28
Cell1202	1	10	7	15
Cell1203	1	13	27	24
Cell1204	1	1	20	2
Cell1205	1	1	24	29
Cell1206	1	20	8	1
Cell1207	1	20	8	1
Cell1208	1	19	13	8
Cell1209	1	17	3	6
Cell1210	1	15	11	13
Cell1211	1	1	24	5
Cell1212	1	15	11	13
Cell1214	1	1	20	2
Cell1215	1	7	4	12
Cell1216	1	15	11	13
Cell1217	1	12	14	4
Cell1218	1	4	10	12
Cell1219	1	9	26	20
Cell1220	1	1	24	21
Cell1221	1	9	26	20
Cell1222	1	6	32	32
Cell1223	1	1	30	21
Cell1225	1	1	6	22
Cell1226	1	1	24	21
Cell1227	1	14	31	19
Cell1228	1	1	6	22
Cell1229	1	22	31	16
Cell1230	1	3	29	22
Cell1231	1	8	16	28
Cell1232	1	7	5	15
Cell1233	1	2	22	18
Cell1234	1	15	11	13
Cell1235	1	6	32	32
Cell1236	1	1	6	22
Cell1237	1	12	14	5
Cell1238	1	12	14	7
Cell1239	1	22	31	27
Cell1240	1	14	31	19
Cell1241	1	7	23	26
Cell1242	1	10	7	31
Cell1243	1	2	22	18
Cell1244	1	4	10	17
Cell1245	1	22	31	27
Cell1246	1	5	18	9
Cell1247	1	7	5	26
Cell1248	1	4	30	17
Cell1249	1	10	7	31
Cell1250	1	5	18	9
Cell1251	1	1	20	21
Cell1252	1	4	10	4
Cell1253	1	10	7	15
Cell1254	1	2	22	18
Cell1255	1	11	15	23
Cell1256	1	13	27	24
Cell1257	1	10	7	26
Cell1258	1	1	20	2
Cell1259	1	21	21	14
Cell1260	1	9	26	20
Cell1261	1	16	2	30
Cell1262	1	3	29	5
Cell1263	1	16	2	30
Cell1264	1	1	20	5
Cell1265	1	1	20	2
Cell1266	1	12	14	7
Cell1267	1	8	16	28
Cell1268	1	8	16	28
Cell1269	1	2	22	18
Cell1270	1	7	5	26
Cell1271	1	3	6	5
Cell1272	1	4	30	17
Cell1273	1	14	31	11
Cell1274	1	1	24	25
Cell1275	1	17	3	4
Cell1277	1	1	20	2
Cell1278	1	3	28	30
Cell1279	1	5	1	3
Cell1280	1	1	20	2
Cell1281	1	5	18	9
Cell1282	1	6	17	4
Cell1283	1	3	12	16
Cell1284	1	10	7	31
Cell1285	1	10	7	31
Cell1286	1	1	20	2
Cell1287	1	10	7	31
Cell1289	1	1	20	2
Cell1290	1	7	5	26
Cell1292	1	4	30	5
Cell1293	1	6	32	32
Cell1294	1	14	31	19
Cell1295	1	22	31	27
Cell1296	1	2	22	18
Cell1297	1	16	2	30
Cell1298	1	15	11	13
Cell1299	1	18	9	10
Cell1300	1	13	27	24
Cell1301	1	17	3	6
Cell1302	1	9	26	20
Cell1303	1	4	10	11
Cell1304	1	21	21	14
Cell1305	1	4	16	11
Cell1306	1	7	4	12
Cell1307	1	1	24	21
Cell1308	1	4	10	17
Cell1309	1	7	5	26
Cell1310	1	16	2	30
Cell1311	1	20	8	1
Cell1312	1	2	17	22
Cell1313	1	5	18	9
Cell1314	1	11	19	23
Cell1315	1	21	21	14
Cell1316	1	10	7	31
Cell1317	1	19	13	8
Cell1318	1	14	31	19
Cell1319	1	10	7	26
Cell1320	1	1	6	22
Cell1321	1	17	3	6
Cell1322	1	3	29	4
Cell1323	1	11	19	23
Cell1324	1	13	27	24
Cell1325	1	17	3	6
Cell1326	1	1	25	21
Cell1327	1	11	15	23
Cell1328	1	15	11	13
Cell1329	1	1	20	5
Cell1330	1	17	3	6
Cell1331	1	11	19	23
Cell1332	1	2	29	26
Cell1333	1	17	3	6
Cell1334	1	16	2	30
Cell1335	1	1	20	15
Cell1336	1	17	3	6
Cell1337	1	6	32	32
Cell1338	1	8	16	28
Cell1339	1	18	9	10
Cell1340	1	15	11	13
Cell1341	1	17	3	6
Cell1343	1	3	29	16
Cell1344	1	21	21	14
Cell1345	1	13	27	24
Cell1346	1	16	2	30
Cell1347	1	6	32	32
Cell1348	1	4	10	17
Cell1350	1	6	32	32
Cell1351	1	15	11	13
Cell1352	1	12	14	7
Cell1353	1	2	22	25
Cell1355	1	10	7	31
Cell1356	1	16	2	15
Cell1357	1	15	11	13
Cell1358	1	2	22	18
Cell1359	1	22	31	27
Cell1360	1	16	2	30
Cell1361	1	19	13	8
Cell1362	1	3	12	16
Cell1364	1	1	20	11
Cell1365	1	12	14	7
Cell1366	1	3	29	22
Cell1367	1	14	31	19
Cell1368	1	1	6	5
Cell1369	1	3	12	15
Cell1370	1	19	13	8
Cell1371	1	1	20	29
Cell1372	1	12	14	7
Cell1373	1	11	15	15
Cell1374	1	16	2	21
Cell1375	1	21	21	14
Cell1376	1	1	20	2
Cell1377	1	4	10	17
Cell1378	1	3	28	16
Cell1379	1	20	8	1
Cell1380	1	20	8	1
Cell1381	1	4	10	17
Cell1383	1	1	25	5
Cell1384	1	6	32	32
Cell1385	1	7	23	26
Cell1387	1	17	3	6
Cell1388	1	6	32	32
Cell1389	1	12	14	5
Cell1390	1	21	21	14
Cell1391	1	1	24	21
Cell1392	1	8	16	28
Cell1393	1	2	17	25
Cell1394	1	14	31	19
Cell1395	1	10	7	31
Cell1396	1	10	7	31
Cell1397	1	4	10	4
Cell1398	1	5	1	3
Cell1399	1	11	15	23
Cell1400	1	16	28	26
Cell1401	1	10	7	31
Cell1402	1	7	5	15
Cell1403	1	5	1	3
Cell1404	1	21	21	14
Cell1406	1	20	8	15
Cell1407	1	13	27	24
Cell1408	1	8	16	26
Cell1411	1	6	32	32
Cell1412	1	13	27	21
Cell1413	1	5	18	3
Cell1414	1	4	30	17
Cell1415	1	14	31	17
Cell1416	1	8	16	28
Cell1417	1	7	4	26
Cell1418	1	18	9	10
Cell1419	1	22	31	27
Cell1420	1	13	27	24
Cell1421	1	18	9	10
Cell1422	1	7	4	12
Cell1423	1	8	16	28
Cell1424	1	18	9	3
Cell1425	1	12	14	7
Cell1426	1	4	10	17
Cell1427	1	4	30	5
Cell1428	1	6	32	17
Cell1429	1	6	32	32
Cell1430	1	1	20	2
Cell1431	1	2	17	25
Cell1432	1	3	29	4
Cell1433	1	16	2	30
Cell1434	1	15	11	13
Cell1435	1	1	6	22
Cell1436	1	22	31	27
Cell1437	1	5	1	3
Cell1438	1	7	4	12
Cell1439	1	13	27	24
Cell1440	1	22	31	27
Cell1441	1	3	12	16
Cell1442	1	6	32	32
Cell1443	1	4	10	5
Cell1444	1	8	16	28
Cell1445	1	3	12	16
Cell1446	1	6	32	32
Cell1447	1	19	13	8
Cell1448	1	6	32	32
Cell1449	1	10	7	31
Cell1450	1	1	24	21
Cell1451	1	11	19	23
Cell1452	1	18	9	10
Cell1453	1	13	27	24
Cell1454	1	2	22	18
Cell1455	1	6	32	32
Cell1456	1	14	31	19
Cell1457	1	2	17	25
Cell1458	1	3	29	22
Cell1459	1	3	29	3
Cell1460	1	21	21	14
Cell1461	1	2	22	18
Cell1462	1	9	26	20
Cell1463	1	14	31	19
Cell1466	1	11	19	23
Cell1467	1	7	4	12
Cell1468	1	2	17	25
Cell1469	1	14	31	19
Cell1470	1	11	15	23
Cell1471	1	9	26	20
Cell1473	1	6	32	32
Cell1474	1	17	3	6
Cell1475	1	2	17	3
Cell1476	1	2	17	25
Cell1477	1	14	31	19
Cell1478	1	6	32	32
Cell1479	1	2	22	18
Cell1480	1	4	10	11
Cell1481	1	5	18	3
Cell1482	1	16	2	30
Cell1483	1	4	30	5
Cell1484	1	4	30	5
Cell1485	1	1	6	22
Cell1486	1	14	31	19
Cell1487	1	11	15	26
Cell1488	1	2	22	25
Cell1489	1	18	9	10
Cell1490	1	9	26	26
Cell1491	1	4	30	5
Cell1492	1	9	26	29
Cell1493	1	4	30	5
Cell1494	1	15	11	13
Cell1495	1	20	8	1
Cell1496	1	1	20	18
Cell1497	1	20	8	1
Cell1498	1	12	14	11
Cell1499	1	9	30	21
Cell1500	1	1	30	15
Cell1501	1	8	16	28
Cell1502	1	1	30	15
Cell1503	1	12	14	7
Cell1504	1	7	4	15
Cell1505	1	1	20	2
Cell1506	1	3	29	22
Cell1507	1	1	6	16
Cell1508	1	20	8	1
Cell1509	1	19	13	8
Cell1510	1	12	14	7
Cell1511	1	5	18	9
Cell1512	1	21	21	14
Cell1513	1	16	2	30
Cell1514	1	4	30	5
Cell1515	1	20	8	1
Cell1516	1	16	2	30
Cell1518	1	13	27	24
Cell1519	1	18	9	10
Cell1520	1	7	23	26
Cell1521	1	19	13	8
Cell1522	1	18	9	10
Cell1523	1	6	32	32
Cell1524	1	9	26	20
Cell1525	1	9	26	20
Cell1526	1	18	9	10
Cell1527	1	17	3	6
Cell1528	1	2	17	25
Cell1529	1	17	3	11
Cell1530	1	1	30	20
Cell1531	1	14	31	19
Cell1532	1	22	31	27
Cell1533	1	3	12	22
Cell1534	1	14	31	19
Cell1535	1	18	9	26
Cell1536	1	13	27	24
Cell1537	1	15	11	13
Cell1538	1	2	17	25
Cell1539	1	12	14	7
Cell1540	1	10	7	31
Cell1541	1	10	7	29
Cell1542	1	11	19	23
Cell1543	1	6	32	4
Cell1544	1	19	13	8
Cell1545	1	2	22	25
Cell1546	1	1	20	2
Cell1547	1	14	31	19
Cell1548	1	17	3	6
Cell1549	1	18	9	10
Cell1551	1	8	16	12
Cell1552	1	15	11	13
Cell1553	1	15	11	15
Cell1554	1	2	22	18
Cell1555	1	5	18	9
Cell1556	1	1	20	2
Cell1557	1	14	31	19
Cell1558	1	19	13	8
Cell1559	1	3	6	4
Cell1560	1	21	21	14
Cell1561	1	7	4	12
Cell1564	1	15	11	13
Cell1565	1	20	8	1
Cell1566	1	2	22	18
Cell1567	1	19	13	8
Cell1568	1	20	8	1
Cell1569	1	5	18	9
Cell1570	1	16	28	30
Cell1571	1	9	26	20
Cell1572	1	1	24	22
Cell1573	1	6	32	32
Cell1574	1	9	26	20
Cell1575	1	14	31	19
Cell1576	1	6	32	26
Cell1577	1	2	17	25
Cell1578	1	21	21	14
Cell1579	1	10	7	31
Cell1580	1	3	29	4
Cell1581	1	2	22	18
Cell1582	1	21	21	14
Cell1583	1	7	4	4
Cell1584	1	2	17	25
Cell1585	1	5	18	9
Cell1586	1	18	9	10
Cell1587	1	6	32	32
Cell1589	1	15	11	13
Cell1590	1	14	31	19
Cell1591	1	16	2	30
Cell1592	1	14	31	19
Cell1593	1	9	26	20
Cell1594	1	10	7	31
Cell1595	1	3	12	16
Cell1597	1	5	1	3
Cell1598	1	21	21	14
Cell1599	1	5	18	9
Cell1600	1	8	16	28
Cell1601	1	11	15	23
Cell1602	1	21	21	14
Cell1603	1	13	27	24
Cell1604	1	14	31	11
Cell1605	1	13	27	24
Cell1606	1	16	2	30
Cell1607	1	12	14	7
Cell1608	1	7	23	26
Cell1609	1	6	32	32
Cell1610	1	10	7	31
Cell1611	1	14	31	19
Cell1612	1	13	27	24
Cell1613	1	9	26	20
Cell1614	1	6	32	32
Cell1615	1	16	2	30
Cell1616	1	12	14	7
Cell1617	1	17	3	6
Cell1618	1	14	31	19
Cell1619	1	15	11	13
Cell1620	1	5	18	9
Cell1622	1	21	21	14
Cell1623	1	4	30	5
Cell1624	1	2	22	29
Cell1626	1	15	11	15
Cell1627	1	11	15	26
Cell1628	1	22	31	4
Cell1629	1	8	16	28
Cell1630	1	2	22	18
Cell1631	1	9	30	20
Cell1632	1	20	8	1
Cell1633	1	5	1	3
Cell1634	1	15	11	26
Cell1635	1	21	21	14
Cell1636	1	20	8	1
Cell1639	1	1	25	29
Cell1640	1	11	19	23
Cell1641	1	15	11	13
Cell1642	1	8	16	28
Cell1643	1	1	24	22
Cell1644	1	9	26	20
Cell1645	1	8	16	11
Cell1646	1	17	3	6
Cell1647	1	11	19	23
Cell1648	1	21	21	14
Cell1649	1	12	14	7
Cell1650	1	7	5	26
Cell1651	1	15	11	13
Cell1652	1	6	32	32
Cell1653	1	19	13	8
Cell1654	1	1	20	2
Cell1655	1	6	32	32
Cell1656	1	3	29	22
Cell1657	1	22	31	27
Cell1658	1	13	27	24
Cell1659	1	11	15	23
Cell1660	1	20	8	1
Cell1661	1	13	27	24
Cell1662	1	3	12	16
Cell1663	1	4	30	5
Cell1664	1	15	11	13
Cell1665	1	2	17	25
Cell1666	1	5	1	15
Cell1667	1	6	32	32
Cell1668	1	4	10	11
Cell1669	1	22	31	27
Cell1670	1	12	14	7
Cell1671	1	8	16	11
Cell1673	1	13	27	15
Cell1674	1	13	27	24
Cell1675	1	22	31	27
Cell1676	1	11	19	23
Cell1677	1	11	15	23
Cell1678	1	12	14	5
Cell1679	1	2	22	21
Cell1680	1	10	7	31
Cell1681	1	20	8	1
Cell1682	1	12	14	7
Cell1684	1	6	32	4
Cell1685	1	17	3	6
Cell1686	1	6	32	32
Cell1687	1	13	27	15
Cell1688	1	5	1	3
Cell1689	1	11	15	23
Cell1690	1	2	17	25
Cell1691	1	3	12	18
Cell1692	1	6	32	32
Cell1694	1	5	18	9
Cell1695	1	17	3	11
Cell1696	1	18	9	10
Cell1697	1	6	32	4
Cell1698	1	1	20	2
Cell1699	1	21	21	14
Cell1700	1	1	30	21
Cell1701	1	1	20	2
Cell1702	1	11	15	23
Cell1703	1	5	18	11
Cell1704	1	1	20	2
Cell1705	1	12	14	7
Cell1706	1	3	29	22
Cell1707	1	11	15	23
Cell1708	1	18	9	10
Cell1709	1	17	3	6
Cell1710	1	8	16	28
Cell1711	1	11	15	26
Cell1712	1	12	14	4
Cell1713	1	1	20	21
Cell1714	1	8	16	28
Cell1715	1	9	26	15
Cell1716	1	11	19	23
Cell1717	1	8	16	28
Cell1718	1	12	14	7
Cell1719	1	18	9	10
Cell1720	1	1	6	5
Cell1721	1	17	3	6
Cell1722	1	4	10	17
Cell1723	1	1	20	2
Cell1724	1	8	16	28
Cell1725	1	14	31	19
Cell1726	1	13	27	24
Cell1727	1	1	24	29
Cell1728	1	4	1	11
Cell1729	1	6	32	32
Cell1730	1	20	8	1
Cell1731	1	21	21	14
Cell1732	1	9	26	20
Cell1733	1	4	10	5
Cell1734	1	8	16	28
Cell1735	1	2	17	25
Cell1738	1	6	32	12
Cell1739	1	19	13	8
Cell1740	1	21	21	14
Cell1741	1	9	26	20
Cell1742	1	7	23	12
Cell1743	1	16	2	30
Cell1744	1	15	11	11
Cell1745	1	13	27	24
Cell1746	1	22	31	27
Cell1747	1	2	17	25
Cell1748	1	17	3	6
Cell1749	1	10	7	31
Cell1750	1	3	12	29
Cell1751	1	15	11	13
Cell1752	1	9	26	20
Cell1754	1	1	25	29
Cell1756	1	18	9	10
Cell1757	1	5	18	9
Cell1758	1	1	25	29
Cell1759	1	19	13	8
Cell1760	1	7	5	26
Cell1761	1	5	18	9
Cell1762	1	1	20	2
Cell1763	1	1	20	2
Cell1764	1	14	31	19
Cell1765	1	9	26	20
Cell1766	1	15	11	13
Cell1767	1	7	4	26
Cell1768	1	7	23	12
Cell1769	1	10	7	31
Cell1770	1	14	31	15
Cell1771	1	9	26	12
Cell1772	1	11	15	23
Cell1773	1	6	32	32
Cell1774	1	4	10	17
Cell1775	1	4	10	17
Cell1776	1	18	9	10
Cell1777	1	14	31	19
Cell1778	1	1	30	21
Cell1779	1	19	13	8
Cell1780	1	8	16	28
Cell1781	1	13	27	24
Cell1782	1	10	7	31
Cell1783	1	7	4	12
Cell1784	1	19	13	26
Cell1785	1	9	26	20
Cell1786	1	12	14	7
Cell1787	1	1	6	5
Cell1788	1	11	19	23
Cell1789	1	13	27	24
Cell1790	1	8	16	28
Cell1792	1	2	22	4
Cell1793	1	8	16	28
Cell1794	1	20	8	1
Cell1795	1	1	30	20
Cell1796	1	18	9	10
Cell1797	1	1	20	2
Cell1798	1	2	22	4
Cell1799	1	18	9	10
Cell1800	1	10	7	31
Cell1801	1	5	1	3
Cell1802	1	4	10	21
Cell1803	1	7	4	12
Cell1804	1	8	16	28
Cell1805	1	13	27	24
Cell1806	1	15	11	11
Cell1807	1	7	5	26
Cell1808	1	6	32	32
Cell1809	1	15	11	11
Cell1810	1	4	10	17
Cell1811	1	1	20	21
Cell1812	1	18	9	10
Cell1814	1	6	32	4
Cell1815	1	1	24	29
Cell1816	1	9	26	12
Cell1817	1	15	11	13
Cell1818	1	8	16	28
Cell1819	1	15	11	13
Cell1820	1	4	16	11
Cell1821	1	20	8	1
Cell1822	1	4	10	17
Cell1823	1	1	24	15
Cell1824	1	1	20	2
Cell1826	1	12	14	7
Cell1827	1	6	32	32
Cell1829	1	11	15	5
Cell1830	1	7	4	12
Cell1831	1	19	13	8
Cell1832	1	5	1	3
Cell1833	1	11	15	23
Cell1834	1	11	19	23
Cell1835	1	17	3	6
Cell1836	1	7	4	26
Cell1837	1	10	7	26
Cell1838	1	1	6	22
Cell1839	1	2	17	25
Cell1840	1	22	31	27
Cell1841	1	3	12	16
Cell1842	1	5	1	3
Cell1843	1	15	11	13
Cell1844	1	9	26	20
Cell1845	1	12	14	7
Cell1846	1	18	9	10
Cell1848	1	7	4	12
Cell1850	1	8	16	28
Cell1851	1	5	18	9
Cell1852	1	9	26	20
Cell1853	1	2	17	16
Cell1854	1	5	1	3
Cell1855	1	2	17	25
Cell1856	1	12	14	7
Cell1857	1	5	18	9
Cell1858	1	19	13	8
Cell1859	1	14	31	17
Cell1860	1	12	14	7
Cell1861	1	12	14	7
Cell1862	1	9	26	20
Cell1863	1	1	24	21
Cell1864	1	5	1	3
Cell1865	1	10	7	31
Cell1866	1	8	16	28
Cell1868	1	6	32	32
Cell1869	1	14	31	19
Cell1870	1	18	9	10
Cell1871	1	14	31	17
Cell1872	1	2	17	25
Cell1873	1	5	18	9
Cell1874	1	2	17	11
Cell1875	1	11	15	23
Cell1876	1	6	32	32
Cell1877	1	13	27	24
Cell1879	1	5	18	9
Cell1880	1	14	31	27
Cell1881	1	10	7	31
Cell1882	1	19	13	8
Cell1883	1	10	7	29
Cell1884	1	17	3	6
Cell1885	1	1	25	29
Cell1886	1	14	31	27
Cell1887	1	12	14	7
Cell1888	1	1	20	2
Cell1889	1	7	23	26
Cell1890	1	9	26	20
Cell1891	1	19	13	8
Cell1892	1	9	26	12
Cell1893	1	5	18	9
Cell1894	1	11	19	23
Cell1895	1	11	15	23
Cell1896	1	16	2	30
Cell1897	1	1	6	22
Cell1898	1	11	19	15
Cell1899	1	8	16	28
Cell1900	1	19	13	4
Cell1901	1	2	17	29
Cell1902	1	17	3	6
Cell1903	1	12	14	7
Cell1904	1	1	6	22
Cell1905	1	2	17	25
Cell1906	1	21	21	15
Cell1907	1	17	3	6
Cell1908	1	18	9	10
Cell1909	1	3	29	22
Cell1910	1	7	4	26
Cell1911	1	3	12	16
Cell1912	1	17	3	6
Cell1913	1	4	30	5
Cell1914	1	11	15	26
Cell1915	1	9	26	26
Cell1916	1	3	12	22
Cell1917	1	9	26	20
Cell1918	1	19	13	8
Cell1919	1	6	32	32
Cell1920	1	19	13	8
Cell1921	1	6	32	32
Cell1922	1	7	23	4
Cell1923	1	1	20	2
Cell1924	1	7	5	26
Cell1925	1	3	28	22
Cell1926	1	5	18	9
Cell1927	1	7	23	26
Cell1928	1	6	32	32
Cell1929	1	5	18	9
Cell1930	1	1	20	2
Cell1931	1	19	13	8
Cell1932	1	12	14	7
Cell1933	1	15	11	13
Cell1934	1	4	10	27
Cell1935	1	4	10	4
Cell1936	1	4	10	4
Cell1937	1	22	31	26
Cell1938	1	6	32	32
Cell1939	1	17	3	6
Cell1940	1	18	9	10
Cell1942	1	16	2	30
Cell1943	1	17	3	6
Cell1944	1	7	23	5
Cell1945	1	11	19	23
Cell1947	1	4	31	5
Cell1948	1	12	14	26
Cell1949	1	2	22	22
Cell1950	1	4	10	17
Cell1952	1	11	15	23
Cell1953	1	4	10	17
Cell1954	1	10	7	12
Cell1955	1	2	22	25
Cell1956	1	22	31	27
Cell1957	1	20	8	1
Cell1958	1	3	12	16
Cell1959	1	15	11	11
Cell1960	1	3	12	16
Cell1961	1	3	29	5
Cell1962	1	6	32	32
Cell1963	1	4	30	5
Cell1964	1	5	18	9
Cell1965	1	20	8	1
Cell1968	1	13	27	24
Cell1969	1	20	8	1
Cell1970	1	10	7	31
Cell1972	1	17	3	6
Cell1973	1	15	11	4
Cell1974	1	17	3	6
Cell1975	1	21	21	14
Cell1976	1	12	14	7
Cell1977	1	5	18	9
Cell1978	1	2	17	25
Cell1979	1	1	24	21
Cell1980	1	15	11	13
Cell1981	1	10	7	31
Cell1982	1	15	11	13
Cell1983	1	9	26	20
Cell1984	1	20	8	1
Cell1985	1	11	15	23
Cell1986	1	11	19	23
Cell1987	1	7	23	26
Cell1988	1	1	20	2
Cell1989	1	14	31	27
Cell1990	1	9	26	12
Cell1991	1	1	20	2
Cell1992	1	6	9	11
Cell1993	1	1	20	2
Cell1994	1	17	3	6
Cell1995	1	1	30	21
Cell1996	1	3	12	29
Cell1997	1	18	9	10
Cell1998	1	8	16	28
Cell1999	1	2	17	18
Cell2000	1	5	1	12
Cell2001	1	8	16	3
Cell2002	1	3	12	16
Cell2003	1	2	17	25
Cell2004	1	17	3	6
Cell2005	1	10	7	31
Cell2006	1	4	31	5
Cell2007	1	16	2	30
Cell2008	1	8	16	28
Cell2009	1	17	3	6
Cell2010	1	21	21	14
Cell2011	1	15	11	13
Cell2012	1	18	9	10
Cell2013	1	12	14	7
Cell2014	1	20	8	1
Cell2015	1	6	32	32
Cell2016	1	21	21	14
Cell2017	1	12	14	7
Cell2018	1	1	6	22
Cell2019	1	2	17	25
Cell2020	1	15	11	13
Cell2021	1	1	20	2
Cell2022	1	2	22	18
Cell2023	1	2	22	25
Cell2024	1	12	14	7
Cell2025	1	12	25	29
Cell2026	1	2	17	25
Cell2027	1	22	31	27
Cell2028	1	10	7	31
Cell2029	1	4	30	5
Cell2030	1	1	20	2
Cell2031	1	3	29	22
Cell2032	1	11	19	23
Cell2033	1	17	3	6
Cell2034	1	7	23	12
Cell2035	1	7	4	12
Cell2037	1	14	31	19
Cell2038	1	6	32	32
Cell2039	1	1	20	2
Cell2040	1	9	26	15
Cell2041	1	4	30	15
Cell2043	1	1	25	29
Cell2044	1	9	26	26
Cell2045	1	4	30	17
Cell2046	1	1	24	29
Cell2047	1	3	12	16
Cell2048	1	16	2	30
Cell2049	1	10	7	31
Cell2050	1	4	16	11
Cell2051	1	7	5	26
Cell2052	1	10	7	12
Cell2053	1	11	19	23
Cell2054	1	17	3	6
Cell2055	1	2	22	4
Cell2056	1	16	2	30
Cell2057	1	12	14	7
Cell2058	1	5	1	22
Cell2059	1	19	13	8
Cell2060	1	4	16	11
Cell2061	1	16	2	30
Cell2062	1	7	23	26
Cell2063	1	8	16	28
Cell2064	1	2	17	25
Cell2065	1	4	10	17
Cell2066	1	18	9	10
Cell2067	1	22	31	27
Cell2068	1	1	20	2
Cell2069	1	2	22	18
Cell2070	1	13	27	24
Cell2071	1	7	23	12
Cell2072	1	18	9	10
Cell2073	1	5	18	9
Cell2074	1	3	12	18
Cell2075	1	9	26	20
Cell2076	1	5	1	3
Cell2077	1	3	12	16
Cell2078	1	12	14	7
Cell2080	1	5	18	9
Cell2082	1	9	26	12
Cell2083	1	20	8	1
Cell2084	1	16	2	30
Cell2085	1	3	12	16
Cell2086	1	7	4	26
Cell2087	1	6	32	32
Cell2088	1	4	10	12
Cell2089	1	6	32	32
Cell2090	1	3	12	4
Cell2091	1	5	1	3
Cell2092	1	2	17	18
Cell2093	1	9	26	20
Cell2095	1	2	22	18
Cell2096	1	3	12	16
Cell2097	1	3	29	3
Cell2098	1	11	19	23
Cell2099	1	4	10	11
Cell2100	1	20	8	1
Cell2101	1	20	8	1
Cell2102	1	4	10	12
Cell2103	1	1	20	2
Cell2104	1	11	19	23
Cell2106	1	2	22	18
Cell2107	1	19	13	8
Cell2108	1	1	20	2
Cell2109	1	16	2	30
Cell2110	1	21	21	14
Cell2111	1	8	16	28
Cell2112	1	12	14	7
Cell2113	1	1	24	22
Cell2114	1	7	5	26
Cell2115	1	5	18	9
Cell2116	1	21	21	14
Cell2118	1	1	25	29
Cell2119	1	5	1	3
Cell2120	1	14	31	27
Cell2121	1	21	21	14
Cell2122	1	12	14	7
Cell2123	1	9	26	20
Cell2124	1	1	24	29
Cell2126	1	17	3	6
Cell2127	1	1	20	2
Cell2128	1	10	7	26
Cell2129	1	6	32	32
Cell2130	1	4	10	17
Cell2131	1	6	32	32
Cell2132	1	2	17	25
Cell2133	1	18	9	10
Cell2135	1	4	16	11
Cell2136	1	10	7	26
Cell2137	1	7	4	26
Cell2138	1	11	19	23
Cell2139	1	2	22	18
Cell2140	1	9	26	20
Cell2141	1	6	32	8
Cell2142	1	3	28	29
Cell2143	1	1	20	2
Cell2144	1	15	11	13
Cell2145	1	15	11	13
Cell2146	1	3	12	22
Cell2147	1	10	7	31
Cell2148	1	17	3	6
Cell2149	1	4	10	11
Cell2150	1	12	14	29
Cell2151	1	17	3	6
Cell2152	1	19	13	8
Cell2153	1	3	6	22
Cell2154	1	7	4	12
Cell2155	1	10	7	31
Cell2156	1	1	6	21
Cell2157	1	2	22	18
Cell2158	1	1	20	21
Cell2159	1	4	16	11
Cell2161	1	6	32	17
Cell2162	1	3	29	4
Cell2163	1	4	10	4
Cell2164	1	7	11	12
Cell2165	1	7	5	26
Cell2166	1	14	31	19
Cell2167	1	14	31	5
Cell2168	1	18	9	10
Cell2169	1	11	19	23
Cell2170	1	3	28	8
Cell2171	1	1	20	2
Cell2172	1	7	4	20
Cell2173	1	7	23	12
Cell2174	1	9	26	20
Cell2175	1	21	21	14
Cell2176	1	4	30	21
Cell2177	1	2	22	18
Cell2178	1	4	30	5
Cell2179	1	4	10	21
Cell2180	1	20	8	1
Cell2181	1	8	16	28
Cell2182	1	13	27	24
Cell2183	1	14	31	19
Cell2184	1	9	26	20
Cell2185	1	3	29	22
Cell2186	1	16	2	29
Cell2187	1	3	12	4
Cell2188	1	2	22	3
Cell2189	1	9	26	20
Cell2190	1	16	2	30
Cell2191	1	7	4	12
Cell2192	1	10	7	31
Cell2193	1	6	32	32
Cell2194	1	1	20	5
Cell2195	1	2	22	3
Cell2196	1	1	20	21
Cell2197	1	6	32	15
Cell2198	1	1	25	29
Cell2199	1	2	17	25
Cell2200	1	1	24	22
Cell2201	1	3	28	16
Cell2202	1	12	14	7
Cell2203	1	2	22	3
Cell2204	1	12	14	7
Cell2205	1	8	16	28
Cell2206	1	7	4	12
Cell2207	1	5	1	3
Cell2208	1	22	31	27
Cell2209	1	7	4	12
Cell2210	1	3	12	16
Cell2211	1	10	7	31
Cell2212	1	5	1	3
Cell2213	1	15	11	13
Cell2214	1	18	9	10
Cell2215	1	18	9	10
Cell2216	1	2	22	18
Cell2217	1	3	29	29
Cell2218	1	16	2	30
Cell2219	1	7	4	12
Cell2220	1	20	8	1
Cell2221	1	12	14	7
Cell2222	1	1	20	21
Cell2223	1	11	15	12
Cell2224	1	20	8	1
Cell2225	1	1	20	2
Cell2226	1	8	16	28
Cell2227	1	11	19	23
Cell2228	1	18	9	10
Cell2229	1	9	26	15
Cell2230	1	2	17	3
Cell2231	1	1	20	2
Cell2232	1	16	2	30
Cell2235	1	2	17	25
Cell2236	1	1	30	21
Cell2237	1	2	22	18
Cell2238	1	13	27	24
Cell2239	1	19	13	8
Cell2240	1	6	32	32
Cell2241	1	10	7	31
Cell2242	1	21	21	14
Cell2243	1	3	24	16
Cell2244	1	6	32	32
Cell2245	1	2	22	18
Cell2246	1	6	32	32
Cell2247	1	14	31	19
Cell2248	1	1	20	2
Cell2249	1	11	15	23
Cell2250	1	1	24	15
Cell2251	1	15	11	13
Cell2252	1	1	6	22
Cell2253	1	5	1	3
Cell2254	1	15	11	13
Cell2255	1	3	29	21
Cell2256	1	11	19	23
Cell2257	1	2	17	25
Cell2258	1	2	17	25
Cell2259	1	10	7	26
Cell2260	1	1	20	2
Cell2261	1	12	14	7
Cell2262	1	18	9	10
Cell2263	1	8	16	28
Cell2264	1	9	26	26
Cell2265	1	12	14	7
Cell2266	1	15	11	13
Cell2267	1	20	8	1
Cell2268	1	2	17	25
Cell2269	1	18	9	10
Cell2270	1	22	31	27
Cell2271	1	6	32	32
Cell2272	1	21	21	14
Cell2273	1	10	7	26
Cell2274	1	18	9	10
Cell2275	1	17	3	6
Cell2276	1	5	18	9
Cell2277	1	4	10	17
Cell2278	1	2	17	25
Cell2279	1	19	13	8
Cell2280	1	18	9	10
Cell2281	1	2	17	25
Cell2282	1	4	10	17
Cell2283	1	3	12	18
Cell2284	1	13	27	24
Cell2285	1	11	15	23
Cell2287	1	22	31	16
Cell2288	1	13	27	24
Cell2289	1	2	29	3
Cell2290	1	17	3	6
Cell2291	1	1	20	21
Cell2292	1	17	3	6
Cell2293	1	10	7	31
Cell2294	1	11	15	23
Cell2295	1	1	24	15
Cell2297	1	13	27	24
Cell2298	1	5	18	9
Cell2299	1	11	19	23
Cell2300	1	6	32	32
Cell2301	1	9	26	26
Cell2302	1	13	27	3
Cell2303	1	7	4	12
Cell2304	1	17	3	6
Cell2305	1	4	10	5
Cell2306	1	4	10	17
Cell2307	1	14	31	19
Cell2308	1	7	4	12
Cell2310	1	16	2	30
Cell2311	1	6	32	32
Cell2312	1	18	9	10
Cell2313	1	15	11	13
Cell2314	1	13	27	24
Cell2315	1	14	31	19
Cell2316	1	13	27	24
Cell2317	1	11	19	23
Cell2318	1	3	29	4
Cell2319	1	1	30	22
Cell2320	1	2	22	25
Cell2321	1	8	16	28
Cell2322	1	5	18	29
Cell2323	1	1	20	2
Cell2324	1	4	30	27
Cell2325	1	3	29	22
Cell2326	1	3	12	16
Cell2327	1	1	20	21
Cell2328	1	1	25	29
Cell2329	1	4	30	17
Cell2330	1	20	8	1
Cell2331	1	22	31	27
Cell2332	1	4	30	21
Cell2333	1	6	32	32
Cell2335	1	5	18	9
Cell2336	1	13	27	24
Cell2338	1	1	25	29
Cell2339	1	6	32	32
Cell2340	1	4	31	17
Cell2341	1	7	5	29
Cell2342	1	8	16	11
Cell2343	1	14	31	19
Cell2344	1	11	19	23
Cell2345	1	11	15	23
Cell2346	1	2	22	25
Cell2347	1	8	16	28
Cell2348	1	9	26	20
Cell2349	1	1	20	2
Cell2350	1	18	9	10
Cell2351	1	7	4	12
Cell2352	1	6	32	32
Cell2354	1	1	25	5
Cell2355	1	2	22	18
Cell2356	1	11	19	23
Cell2357	1	12	14	7
Cell2358	1	15	11	13
Cell2359	1	11	19	23
Cell2360	1	2	17	25
Cell2361	1	3	29	22
Cell2362	1	1	20	2
Cell2363	1	21	21	14
Cell2364	1	5	18	9
Cell2365	1	1	6	22
Cell2366	1	3	29	5
Cell2367	1	6	32	5
Cell2368	1	5	18	9
Cell2369	1	4	10	4
Cell2370	1	22	31	27
Cell2371	1	5	18	9
Cell2372	1	17	3	6
Cell2373	1	5	1	3
Cell2374	1	4	30	5
Cell2375	1	7	4	12
Cell2376	1	12	14	7
Cell2377	1	12	14	7
Cell2378	1	3	12	12
Cell2379	1	11	15	23
Cell2380	1	10	7	31
Cell2381	1	2	17	25
Cell2383	1	19	13	8
Cell2384	1	3	29	4
Cell2385	1	4	10	11
Cell2386	1	1	30	21
Cell2387	1	9	26	20
Cell2388	1	16	2	30
Cell2389	1	1	20	2
Cell2390	1	4	30	15
Cell2391	1	2	22	25
Cell2392	1	4	30	21
Cell2393	1	6	32	32
Cell2394	1	3	28	16
Cell2395	1	3	29	22
Cell2396	1	15	11	13
Cell2397	1	8	16	21
Cell2398	1	4	10	11
Cell2399	1	4	10	17
Cell2400	1	16	2	30
Cell2401	1	2	17	3
Cell2402	1	14	31	19
Cell2403	1	17	3	6
Cell2404	1	7	23	26
Cell2405	1	1	20	2
Cell2406	1	2	17	25
Cell2407	1	7	5	26
Cell2408	1	8	16	28
Cell2409	1	10	7	29
Cell2412	1	9	26	20
Cell2413	1	2	17	11
Cell2414	1	13	27	15
Cell2415	1	2	22	18
Cell2416	1	17	3	6
Cell2417	1	12	14	29
Cell2418	1	14	31	19
Cell2419	1	6	32	32
Cell2421	1	11	19	23
Cell2422	1	15	11	13
Cell2423	1	19	13	4
Cell2424	1	5	18	9
Cell2425	1	16	2	30
Cell2426	1	4	10	17
Cell2427	1	3	29	22
Cell2428	1	5	18	9
Cell2429	1	6	32	32
Cell2430	1	3	12	16
Cell2431	1	4	30	17
Cell2432	1	15	11	13
Cell2433	1	17	3	6
Cell2434	1	7	4	12
Cell2436	1	14	31	19
Cell2437	1	18	9	10
Cell2438	1	7	23	29
Cell2439	1	2	17	25
Cell2440	1	19	13	8
Cell2442	1	5	1	3
Cell2443	1	6	32	32
Cell2444	1	19	13	8
Cell2445	1	2	17	25
Cell2446	1	10	7	31
Cell2447	1	7	4	26
Cell2448	1	14	31	27
Cell2449	1	17	3	6
Cell2450	1	3	29	3
Cell2451	1	19	13	8
Cell2452	1	4	30	21
Cell2453	1	18	9	10
Cell2455	1	4	10	17
Cell2456	1	1	6	5
Cell2458	1	3	29	22
Cell2459	1	2	17	25
Cell2460	1	6	32	32
Cell2461	1	3	29	22
Cell2462	1	17	3	4
Cell2464	1	20	8	8
Cell2465	1	14	31	5
Cell2466	1	17	3	6
Cell2468	1	13	27	24
Cell2469	1	4	10	17
Cell2470	1	10	7	31
Cell2471	1	20	8	1
Cell2472	1	6	32	32
Cell2473	1	5	18	9
Cell2474	1	11	15	29
Cell2475	1	21	21	14
Cell2476	1	18	9	10
Cell2477	1	12	14	7
Cell2478	1	1	20	5
Cell2479	1	2	22	18
Cell2480	1	6	32	32
Cell2481	1	1	24	15
Cell2482	1	2	17	25
Cell2483	1	22	29	5
Cell2484	1	9	26	20
Cell2485	1	6	32	32
Cell2486	1	16	2	30
Cell2487	1	19	13	8
Cell2488	1	14	31	19
Cell2489	1	15	11	30
Cell2490	1	2	17	25
Cell2491	1	19	13	8
Cell2492	1	6	32	32
Cell2493	1	8	16	28
Cell2494	1	1	24	21
Cell2495	1	10	7	31
Cell2496	1	5	1	3
Cell2497	1	10	7	31
Cell2498	1	18	9	10
Cell2499	1	1	24	22
Cell2500	1	4	10	11
Cell2501	1	18	9	10
Cell2502	1	4	10	17
Cell2503	1	2	22	18
Cell2504	1	12	14	7
Cell2505	1	15	11	13
Cell2506	1	21	21	14
Cell2507	1	6	32	32
Cell2508	1	15	11	13
Cell2509	1	6	32	4
Cell2510	1	18	9	10
Cell2511	1	4	10	17
Cell2512	1	3	29	4
Cell2513	1	16	2	30
Cell2514	1	3	12	16
Cell2515	1	3	12	16
Cell2516	1	20	8	1
Cell2517	1	6	32	32
Cell2518	1	2	22	18
Cell2519	1	16	2	30
Cell2520	1	6	32	17
Cell2521	1	5	1	3
Cell2522	1	15	11	13
Cell2523	1	14	31	19
Cell2524	1	3	29	22
Cell2525	1	8	16	11
Cell2526	1	10	7	31
Cell2527	1	14	31	19
Cell2528	1	19	13	8
Cell2529	1	17	3	6
Cell2530	1	6	32	32
Cell2531	1	20	8	1
Cell2532	1	8	16	11
Cell2533	1	10	7	31
Cell2534	1	6	32	32
Cell2535	1	22	31	16
Cell2536	1	6	32	32
Cell2537	1	7	4	12
Cell2538	1	5	1	3
Cell2539	1	9	26	20
Cell2540	1	3	29	22
Cell2541	1	1	20	21
Cell2542	1	9	26	20
Cell2543	1	5	18	15
Cell2544	1	9	26	29
Cell2545	1	8	16	28
Cell2546	1	5	1	3
Cell2547	1	3	12	16
Cell2548	1	4	10	4
Cell2549	1	18	9	10
Cell2550	1	13	27	24
Cell2551	1	14	31	19
Cell2552	1	7	5	26
Cell2553	1	1	25	26
Cell2554	1	1	6	15
Cell2555	1	1	6	4
Cell2556	1	14	31	11
Cell2557	1	19	13	8
Cell2558	1	15	11	13
Cell2559	1	19	13	8
Cell2560	1	4	16	4
Cell2561	1	14	31	19
Cell2562	1	13	27	24
Cell2563	1	20	8	1
Cell2564	1	1	20	2
Cell2565	1	15	11	13
Cell2566	1	1	30	15
Cell2567	1	8	16	28
Cell2568	1	1	30	5
Cell2569	1	12	14	7
Cell2570	1	8	16	28
Cell2571	1	10	7	22
Cell2572	1	9	26	20
Cell2573	1	8	16	28
Cell2574	1	16	2	30
Cell2575	1	16	2	30
Cell2576	1	2	22	18
Cell2577	1	16	2	30
Cell2579	1	1	24	29
Cell2580	1	15	11	26
Cell2581	1	1	20	2
Cell2582	1	6	32	32
Cell2583	1	3	29	18
Cell2584	1	14	31	19
Cell2585	1	18	9	10
Cell2586	1	5	1	3
Cell2587	1	9	26	20
Cell2588	1	22	31	27
Cell2589	1	22	31	27
Cell2590	1	3	29	22
Cell2591	1	1	20	2
Cell2592	1	14	31	19
Cell2593	1	17	3	6
Cell2594	1	1	20	2
Cell2595	1	5	18	26
Cell2597	1	6	32	32
Cell2598	1	11	15	23
Cell2599	1	4	30	5
Cell2600	1	16	2	30
Cell2601	1	2	17	25
Cell2602	1	2	17	25
Cell2603	1	14	31	27
Cell2604	1	7	4	12
Cell2605	1	4	10	17
Cell2606	1	1	20	2
Cell2607	1	22	31	27
Cell2608	1	10	7	31
Cell2609	1	14	31	19
Cell2610	1	3	12	16
Cell2611	1	18	9	25
Cell2612	1	5	1	3
Cell2613	1	8	16	28
Cell2614	1	6	32	32
Cell2615	1	2	22	18
Cell2616	1	20	8	1
Cell2619	1	1	24	18
Cell2620	1	16	2	30
Cell2621	1	4	30	5
Cell2622	1	3	29	22
Cell2623	1	16	2	30
Cell2624	1	14	31	19
Cell2625	1	2	17	25
Cell2626	1	2	29	22
Cell2627	1	5	1	3
Cell2628	1	1	20	15
Cell2629	1	7	4	12
Cell2630	1	8	16	28
Cell2631	1	16	2	30
Cell2632	1	12	14	7
Cell2633	1	11	19	23
Cell2634	1	1	25	5
Cell2635	1	10	7	31
Cell2636	1	4	10	11
Cell2637	1	1	24	30
Cell2638	1	7	4	12
Cell2639	1	8	16	28
Cell2640	1	4	10	17
Cell2641	1	5	18	9
Cell2642	1	11	19	23
Cell2643	1	4	10	17
Cell2644	1	13	27	15
Cell2645	1	8	16	12
Cell2646	1	8	16	28
Cell2647	1	10	7	31
Cell2648	1	5	18	9
Cell2650	1	5	18	9
Cell2651	1	4	10	17
Cell2652	1	3	29	3
Cell2653	1	8	16	28
Cell2654	1	8	16	28
Cell2656	1	18	9	10
Cell2657	1	2	17	25
Cell2658	1	13	27	24
Cell2660	1	14	31	19
Cell2661	1	11	19	23
Cell2662	1	3	6	22
Cell2663	1	4	16	11
Cell2664	1	8	16	28
Cell2665	1	5	1	3
Cell2666	1	6	32	32
Cell2667	1	5	1	3
Cell2668	1	7	4	12
Cell2669	1	5	18	9
Cell2670	1	4	10	17
Cell2671	1	19	13	8
Cell2672	1	18	9	10
Cell2673	1	1	20	2
Cell2674	1	6	32	32
Cell2675	1	4	30	5
Cell2676	1	1	24	21
Cell2677	1	14	31	19
Cell2678	1	5	1	3
Cell2679	1	13	27	24
Cell2680	1	18	9	10
Cell2681	1	8	16	28
Cell2683	1	5	18	9
Cell2684	1	4	30	21
Cell2685	1	1	6	22
Cell2686	1	4	10	11
Cell2687	1	19	13	8
Cell2688	1	11	19	23
Cell2689	1	8	16	28
Cell2690	1	1	20	2
Cell2691	1	13	27	24
Cell2692	1	18	9	10
Cell2693	1	18	9	10
Cell2694	1	13	27	21
Cell2695	1	12	14	7
Cell2696	1	21	21	14
Cell2697	1	11	15	15
Cell2698	1	18	9	10
Cell2699	1	9	26	20
Cell2700	1	6	32	4
Cell2701	1	1	6	22
Cell2702	1	1	6	22
Cell2703	1	9	26	20
Cell2704	1	2	22	18
Cell2705	1	14	31	19
Cell2706	1	4	10	21
Cell2707	1	11	19	23
Cell2708	1	21	21	14
Cell2709	1	9	26	20
Cell2710	1	14	31	19
Cell2711	1	3	28	8
Cell2712	1	5	1	3
Cell2713	1	10	7	26
Cell2715	1	5	1	3
Cell2716	1	4	10	5
Cell2717	1	8	16	28
Cell2718	1	2	22	18
Cell2719	1	22	31	27
Cell2720	1	2	22	18
Cell2721	1	1	25	29
Cell2722	1	3	12	16
Cell2723	1	2	17	25
Cell2724	1	2	17	3
Cell2725	1	6	32	32
Cell2726	1	10	7	31
Cell2727	1	13	27	24
Cell2728	1	21	21	14
Cell2729	1	6	32	32
Cell2730	1	2	17	3
Cell2731	1	4	10	11
Cell2732	1	17	3	6
Cell2733	1	22	31	27
Cell2734	1	5	1	3
Cell2735	1	18	9	10
Cell2736	1	4	30	5
Cell2737	1	2	17	25
Cell2738	1	4	30	20
Cell2739	1	5	1	3
Cell2740	1	8	16	28
Cell2741	1	1	20	2
Cell2742	1	11	19	23
Cell2743	1	6	32	4
Cell2744	1	1	20	2
Cell2745	1	22	31	27
Cell2747	1	16	2	30
Cell2748	1	10	7	31
Cell2749	1	3	12	16
Cell2750	1	12	14	7
Cell2751	1	14	31	19
Cell2752	1	1	25	29
Cell2753	1	15	11	13
Cell2754	1	2	17	25
Cell2755	1	2	22	18
Cell2756	1	16	2	30
Cell2757	1	20	8	1
Cell2758	1	1	20	21
Cell2759	1	10	7	31
Cell2760	1	1	6	5
Cell2761	1	1	20	2
Cell2762	1	19	13	8
Cell2763	1	20	8	1
Cell2764	1	11	19	23
Cell2765	1	8	16	28
Cell2766	1	2	17	25
Cell2767	1	9	26	20
Cell2768	1	22	31	27
Cell2769	1	7	4	12
Cell2770	1	4	10	17
Cell2771	1	16	2	30
Cell2772	1	21	21	14
Cell2773	1	4	10	15
Cell2774	1	1	25	29
Cell2775	1	13	27	24
Cell2776	1	10	7	31
Cell2777	1	17	3	6
Cell2778	1	2	17	26
Cell2779	1	1	20	2
Cell2780	1	4	30	5
Cell2781	1	4	30	17
Cell2782	1	3	6	4
Cell2783	1	10	7	31
Cell2784	1	3	29	4
Cell2785	1	1	23	29
Cell2786	1	1	25	5
Cell2787	1	6	32	32
Cell2788	1	9	26	20
Cell2789	1	9	26	20
Cell2790	1	15	11	13
Cell2791	1	2	17	25
Cell2792	1	2	22	18
Cell2793	1	4	30	5
Cell2794	1	12	14	7
Cell2795	1	18	9	10
Cell2796	1	4	10	17
Cell2797	1	1	30	21
Cell2798	1	6	32	4
Cell2799	1	14	31	17
Cell2800	1	15	11	13
Cell2801	1	1	24	21
Cell2802	1	9	26	20
Cell2803	1	18	9	11
Cell2804	1	9	26	20
Cell2805	1	7	4	12
Cell2806	1	1	20	17
Cell2807	1	2	17	25
Cell2808	1	6	32	32
Cell2809	1	18	9	10
Cell2810	1	1	20	5
Cell2811	1	2	17	25
Cell2812	1	10	25	29
Cell2813	1	4	10	17
Cell2814	1	4	30	5
Cell2815	1	14	31	19
Cell2816	1	1	24	29
Cell2817	1	17	3	6
Cell2818	1	11	15	23
Cell2819	1	15	11	13
Cell2820	1	19	13	8
Cell2821	1	2	22	18
Cell2822	1	4	10	17
Cell2823	1	17	3	6
Cell2824	1	11	19	23
Cell2825	1	4	3	11
Cell2826	1	1	20	2
Cell2827	1	20	8	1
Cell2828	1	10	7	31
Cell2829	1	2	22	18
Cell2830	1	2	22	18
Cell2831	1	20	8	1
Cell2832	1	4	10	17
Cell2833	1	11	15	23
Cell2834	1	10	7	31
Cell2835	1	13	27	24
Cell2836	1	16	2	30
Cell2837	1	5	18	9
Cell2838	1	8	16	28
Cell2839	1	10	7	31
Cell2840	1	14	31	19
Cell2841	1	10	7	31
Cell2842	1	11	15	29
Cell2843	1	8	16	28
Cell2845	1	3	12	16
Cell2846	1	20	8	1
Cell2847	1	3	29	22
Cell2848	1	18	9	10
Cell2849	1	1	20	17
Cell2850	1	1	30	21
Cell2851	1	10	7	31
Cell2853	1	11	19	23
Cell2854	1	13	27	15
Cell2855	1	13	27	24
Cell2856	1	22	31	27
Cell2858	1	20	8	1
Cell2859	1	20	8	1
Cell2860	1	12	14	7
Cell2861	1	13	27	24
Cell2862	1	5	18	9
Cell2863	1	1	24	18
Cell2864	1	2	17	25
Cell2865	1	15	11	15
Cell2866	1	5	18	12
Cell2867	1	3	22	18
Cell2868	1	2	22	15
Cell2869	1	2	22	29
Cell2870	1	1	6	22
Cell2871	1	5	18	9
Cell2872	1	3	29	4
Cell2873	1	14	31	19
Cell2874	1	3	12	16
Cell2875	1	11	15	23
Cell2877	1	4	10	11
Cell2878	1	21	21	15
Cell2879	1	2	17	25
Cell2880	1	17	3	6
Cell2881	1	1	6	5
Cell2882	1	11	15	23
Cell2883	1	11	15	23
Cell2884	1	20	8	1
Cell2885	1	2	22	18
Cell2886	1	21	21	14
Cell2887	1	1	24	29
Cell2888	1	4	10	17
Cell2889	1	4	10	17
Cell2890	1	5	18	26
Cell2891	1	5	18	22
Cell2892	1	8	16	28
Cell2893	1	17	3	6
Cell2895	1	4	10	17
Cell2896	1	2	17	25
Cell2897	1	6	32	32
Cell2898	1	9	26	20
Cell2899	1	1	20	2
Cell2900	1	5	18	9
Cell2901	1	2	22	29
Cell2902	1	4	10	17
Cell2903	1	20	8	1
Cell2904	1	13	27	24
Cell2906	1	14	31	19
Cell2907	1	7	4	27
Cell2908	1	4	10	17
Cell2909	1	20	8	1
Cell2910	1	13	27	24
Cell2911	1	1	24	18
Cell2912	1	4	31	5
Cell2913	1	8	16	28
Cell2914	1	4	10	17
Cell2915	1	1	20	29
Cell2917	1	18	9	10
Cell2918	1	22	31	27
Cell2919	1	20	8	1
Cell2920	1	5	18	9
Cell2921	1	14	31	5
Cell2922	1	4	10	11
Cell2923	1	20	8	1
Cell2924	1	17	3	6
Cell2925	1	12	14	7
Cell2926	1	1	24	15
Cell2927	1	9	26	20
Cell2928	1	13	27	24
Cell2929	1	11	15	23
Cell2930	1	19	13	8
Cell2931	1	7	4	12
Cell2932	1	8	16	28
Cell2933	1	21	21	14
Cell2934	1	20	8	1
Cell2935	1	12	14	7
Cell2936	1	7	5	26
Cell2937	1	8	16	28
Cell2938	1	5	18	9
Cell2939	1	3	29	21
Cell2940	1	17	3	6
Cell2941	1	3	29	22
Cell2942	1	1	30	21
Cell2943	1	13	27	24
Cell2944	1	8	16	28
Cell2945	1	21	21	14
Cell2946	1	7	4	12
Cell2947	1	6	32	32
Cell2948	1	4	16	11
Cell2949	1	12	14	29
Cell2950	1	14	31	19
Cell2951	1	6	32	4
Cell2952	1	5	1	3
Cell2953	1	2	22	18
Cell2954	1	4	16	11
Cell2955	1	4	10	21
Cell2956	1	1	6	22
Cell2957	1	18	9	11
Cell2958	1	5	18	9
Cell2959	1	3	12	16
Cell2960	1	1	20	2
Cell2961	1	2	17	21
Cell2962	1	3	6	22
Cell2963	1	4	3	21
Cell2965	1	18	9	10
Cell2966	1	13	27	24
Cell2967	1	9	26	26
Cell2968	1	9	26	20
Cell2969	1	2	22	25
Cell2970	1	15	11	13
Cell2971	1	10	7	31
Cell2972	1	19	13	8
Cell2973	1	4	10	5
Cell2974	1	3	12	29
Cell2975	1	9	26	20
Cell2976	1	6	32	32
Cell2977	1	9	26	12
Cell2978	1	3	29	4
Cell2979	1	14	31	17
Cell2980	1	1	25	22
Cell2981	1	16	2	30
Cell2982	1	16	2	30
Cell2983	1	2	22	22
Cell2984	1	19	13	8
Cell2985	1	5	18	9
Cell2986	1	21	21	14
Cell2987	1	2	22	15
Cell2988	1	1	20	29
Cell2989	1	2	17	25
Cell2990	1	8	16	28
Cell2991	1	7	23	26
Cell2992	1	3	29	22
Cell2993	1	5	18	9
Cell2994	1	14	31	5
Cell2995	1	5	18	4
Cell2996	1	17	3	6
Cell2997	1	15	11	13
Cell2998	1	14	31	19
Cell2999	1	7	4	12
Cell3000	1	9	26	20
