ID	did	seurat_cluster	kmeans_cluster	labels
Cell1	1	1	4	1
Cell2	1	7	12	16
Cell3	1	8	14	7
Cell4	1	15	11	9
Cell5	1	5	16	14
Cell6	1	8	14	7
Cell7	1	9	13	5
Cell8	1	6	15	13
Cell9	1	10	1	15
Cell10	1	6	15	13
Cell12	1	11	15	8
Cell13	1	8	14	7
Cell14	1	11	15	8
Cell15	1	2	8	3
Cell16	1	10	1	15
Cell17	1	1	4	1
Cell18	1	11	15	8
Cell19	1	15	11	9
Cell21	1	11	15	8
Cell22	1	9	13	5
Cell23	1	13	9	10
Cell24	1	2	8	3
Cell25	1	9	13	5
Cell26	1	15	11	9
Cell27	1	13	9	10
Cell28	1	12	1	12
Cell29	1	14	4	6
Cell30	1	10	1	15
Cell31	1	11	15	8
Cell32	1	9	13	5
Cell33	1	2	8	3
Cell34	1	2	8	3
Cell35	1	11	15	8
Cell36	1	1	4	2
Cell37	1	10	1	15
Cell38	1	2	8	3
Cell39	1	14	4	6
Cell40	1	11	15	8
Cell41	1	5	16	14
Cell43	1	6	15	13
Cell44	1	7	7	16
Cell45	1	5	16	14
Cell46	1	15	11	9
Cell47	1	4	10	11
Cell48	1	1	4	1
Cell49	1	5	16	14
Cell50	1	13	2	10
Cell53	1	7	12	16
Cell54	1	10	1	15
Cell55	1	7	12	16
Cell56	1	9	13	5
Cell57	1	12	1	12
Cell58	1	4	10	11
Cell59	1	2	8	3
Cell61	1	6	15	13
Cell62	1	11	15	8
Cell63	1	5	16	14
Cell65	1	2	8	3
Cell66	1	3	5	4
Cell67	1	10	1	15
Cell68	1	11	15	8
Cell69	1	1	4	2
Cell70	1	6	15	13
Cell71	1	4	6	9
Cell73	1	10	1	15
Cell74	1	4	10	11
Cell75	1	8	14	7
Cell76	1	4	10	11
Cell77	1	7	12	16
Cell78	1	13	2	10
Cell79	1	9	13	5
Cell80	1	9	13	5
Cell81	1	4	6	11
Cell82	1	5	16	14
Cell83	1	12	1	12
Cell84	1	14	4	6
Cell85	1	9	13	5
Cell87	1	6	15	13
Cell88	1	5	16	14
Cell89	1	13	9	10
Cell90	1	11	15	8
Cell91	1	5	16	14
Cell92	1	1	4	1
Cell93	1	4	6	11
Cell94	1	7	7	16
Cell95	1	6	15	13
Cell96	1	11	15	8
Cell97	1	7	7	16
Cell98	1	4	10	11
Cell99	1	3	5	4
Cell100	1	7	12	16
Cell101	1	7	12	16
Cell102	1	12	1	12
Cell103	1	2	8	3
Cell104	1	3	5	4
Cell105	1	10	1	15
Cell106	1	14	4	6
Cell107	1	3	3	4
Cell108	1	8	14	7
Cell109	1	14	4	6
Cell110	1	2	8	3
Cell111	1	8	14	7
Cell112	1	14	4	6
Cell113	1	15	11	9
Cell114	1	1	4	2
Cell115	1	7	12	16
Cell117	1	8	14	7
Cell118	1	8	14	7
Cell119	1	10	1	15
Cell120	1	10	1	15
Cell121	1	9	13	5
Cell122	1	10	1	15
Cell123	1	14	4	6
Cell124	1	13	2	10
Cell125	1	12	1	12
Cell126	1	1	4	1
Cell127	1	12	1	12
Cell128	1	3	5	4
Cell129	1	4	6	11
Cell130	1	1	4	1
Cell131	1	1	4	1
Cell132	1	7	12	16
Cell133	1	8	14	7
Cell134	1	1	4	1
Cell135	1	13	9	10
Cell136	1	7	12	16
Cell137	1	7	7	16
Cell138	1	1	4	2
Cell139	1	9	13	5
Cell140	1	8	14	7
Cell141	1	15	11	9
Cell142	1	3	3	4
Cell143	1	1	4	2
Cell144	1	1	4	2
Cell145	1	14	4	6
Cell146	1	9	13	5
Cell147	1	14	4	6
Cell148	1	7	12	16
Cell149	1	1	4	1
Cell150	1	3	5	4
Cell151	1	6	15	13
Cell152	1	7	7	16
Cell153	1	4	6	11
Cell154	1	11	15	8
Cell155	1	1	4	2
Cell156	1	14	4	6
Cell157	1	8	14	7
Cell158	1	15	11	9
Cell159	1	2	8	3
Cell160	1	12	1	12
Cell161	1	12	1	12
Cell163	1	8	14	7
Cell164	1	10	1	15
Cell165	1	11	15	8
Cell166	1	13	9	10
Cell167	1	9	13	5
Cell168	1	2	8	3
Cell169	1	13	2	10
Cell170	1	15	11	9
Cell171	1	12	1	12
Cell172	1	13	9	10
Cell173	1	9	13	5
Cell174	1	1	4	2
Cell176	1	10	1	15
Cell177	1	14	4	6
Cell178	1	4	6	11
Cell179	1	14	4	6
Cell180	1	8	14	7
Cell181	1	10	1	15
Cell182	1	7	12	16
Cell183	1	10	1	15
Cell184	1	2	8	3
Cell185	1	6	15	13
Cell186	1	6	15	13
Cell187	1	2	8	3
Cell188	1	1	4	2
Cell189	1	7	12	16
Cell190	1	3	5	4
Cell191	1	15	11	9
Cell192	1	5	16	14
Cell193	1	9	13	5
Cell194	1	10	1	15
Cell196	1	1	4	1
Cell197	1	13	2	10
Cell198	1	12	1	12
Cell199	1	4	6	11
Cell200	1	3	5	4
Cell201	1	5	16	14
Cell202	1	8	14	7
Cell204	1	9	13	5
Cell205	1	5	16	14
Cell206	1	11	15	8
Cell207	1	2	8	3
Cell208	1	9	13	5
Cell209	1	10	1	15
Cell210	1	6	15	13
Cell211	1	5	16	14
Cell212	1	11	15	8
Cell213	1	8	14	7
Cell214	1	5	16	14
Cell215	1	14	4	6
Cell216	1	4	10	11
Cell217	1	12	1	12
Cell218	1	10	1	15
Cell219	1	9	13	5
Cell220	1	1	4	1
Cell221	1	11	15	8
Cell222	1	14	4	6
Cell223	1	11	15	8
Cell224	1	7	12	16
Cell225	1	1	4	2
Cell226	1	13	9	10
Cell227	1	9	13	5
Cell228	1	12	1	12
Cell229	1	3	5	4
Cell230	1	2	8	3
Cell231	1	1	4	2
Cell232	1	6	15	13
Cell233	1	11	15	8
Cell234	1	2	8	3
Cell235	1	10	1	15
Cell237	1	11	15	8
Cell238	1	10	1	15
Cell239	1	1	4	2
Cell240	1	10	1	15
Cell241	1	14	4	6
Cell242	1	8	14	7
Cell243	1	4	6	11
Cell244	1	8	14	7
Cell245	1	13	2	10
Cell246	1	1	4	2
Cell247	1	12	1	12
Cell248	1	2	8	3
Cell249	1	14	4	6
Cell250	1	10	1	15
Cell251	1	9	13	5
Cell252	1	10	1	15
Cell253	1	5	16	14
Cell254	1	4	10	11
Cell255	1	3	5	4
Cell256	1	11	15	8
Cell257	1	8	14	7
Cell258	1	8	14	7
Cell259	1	6	15	13
Cell260	1	9	13	5
Cell261	1	11	15	8
Cell262	1	6	15	13
Cell263	1	6	15	13
Cell264	1	7	7	16
Cell265	1	6	15	13
Cell266	1	5	16	14
Cell267	1	11	15	8
Cell268	1	7	12	16
Cell269	1	11	15	8
Cell270	1	15	11	9
Cell271	1	15	11	9
Cell272	1	12	1	12
Cell273	1	9	13	5
Cell274	1	5	16	14
Cell275	1	15	11	9
Cell276	1	11	15	8
Cell277	1	7	7	16
Cell278	1	6	15	13
Cell279	1	6	15	13
Cell280	1	10	1	15
Cell281	1	4	10	11
Cell283	1	13	9	10
Cell284	1	2	8	3
Cell285	1	12	1	12
Cell286	1	1	4	1
Cell287	1	5	16	14
Cell288	1	14	4	6
Cell289	1	12	1	12
Cell290	1	1	4	1
Cell292	1	12	1	12
Cell293	1	5	16	14
Cell294	1	5	16	14
Cell295	1	12	1	12
Cell297	1	3	5	4
Cell298	1	3	5	4
Cell299	1	3	5	4
Cell300	1	11	15	8
Cell301	1	1	4	1
Cell302	1	9	13	5
Cell303	1	14	4	6
Cell304	1	2	8	3
Cell305	1	9	13	5
Cell306	1	6	15	13
Cell307	1	5	16	14
Cell308	1	1	4	1
Cell309	1	12	1	12
Cell310	1	4	10	11
Cell311	1	1	4	2
Cell312	1	7	12	16
Cell313	1	6	15	13
Cell314	1	8	14	7
Cell315	1	6	15	13
Cell316	1	2	8	2
Cell317	1	6	15	13
Cell318	1	12	1	12
Cell319	1	15	11	9
Cell320	1	5	16	14
Cell321	1	9	13	5
Cell322	1	1	4	1
Cell323	1	1	4	1
Cell324	1	6	15	13
Cell325	1	10	1	15
Cell326	1	1	4	1
Cell327	1	7	12	16
Cell328	1	1	4	1
Cell329	1	9	13	5
Cell330	1	13	9	10
Cell331	1	1	4	1
Cell332	1	6	15	13
Cell333	1	7	12	16
Cell334	1	6	15	13
Cell335	1	4	6	11
Cell336	1	5	16	14
Cell338	1	10	1	15
Cell339	1	11	15	8
Cell340	1	1	4	1
Cell341	1	7	12	16
Cell342	1	11	15	8
Cell343	1	6	15	13
Cell344	1	11	15	8
Cell345	1	5	16	14
Cell346	1	12	1	12
Cell347	1	4	10	11
Cell348	1	5	16	14
Cell349	1	5	16	14
Cell350	1	10	1	15
Cell351	1	5	16	14
Cell352	1	1	4	2
Cell353	1	10	1	15
Cell354	1	8	14	7
Cell355	1	7	7	16
Cell356	1	5	16	14
Cell357	1	13	2	10
Cell358	1	8	14	7
Cell359	1	3	3	4
Cell360	1	12	1	12
Cell361	1	3	3	4
Cell362	1	8	14	7
Cell363	1	10	1	15
Cell364	1	6	15	13
Cell365	1	10	1	15
Cell366	1	7	12	16
Cell367	1	9	13	5
Cell368	1	14	4	6
Cell369	1	12	1	12
Cell370	1	8	14	7
Cell372	1	2	8	3
Cell373	1	8	14	7
Cell374	1	9	13	5
Cell375	1	14	4	6
Cell376	1	6	15	13
Cell377	1	12	1	12
Cell378	1	14	4	6
Cell380	1	11	15	8
Cell382	1	14	4	6
Cell383	1	4	6	11
Cell384	1	5	16	14
Cell385	1	2	8	3
Cell386	1	9	13	5
Cell387	1	5	16	14
Cell388	1	8	14	7
Cell389	1	13	9	10
Cell391	1	15	11	9
Cell392	1	3	3	4
Cell393	1	3	5	4
Cell394	1	1	4	2
Cell395	1	15	11	9
Cell396	1	7	12	16
Cell397	1	14	4	6
Cell398	1	10	1	15
Cell399	1	12	1	12
Cell400	1	8	14	7
Cell401	1	7	12	16
Cell402	1	14	4	6
Cell403	1	11	15	8
Cell404	1	14	4	6
Cell405	1	2	8	3
Cell406	1	14	4	6
Cell407	1	4	6	11
Cell408	1	7	7	16
Cell409	1	2	8	3
Cell410	1	3	5	4
Cell411	1	12	1	12
Cell412	1	7	12	16
Cell413	1	9	13	5
Cell414	1	15	11	9
Cell415	1	3	3	4
Cell417	1	6	15	13
Cell418	1	5	16	14
Cell419	1	7	12	16
Cell420	1	7	12	16
Cell421	1	6	15	13
Cell422	1	15	11	9
Cell423	1	3	5	4
Cell424	1	3	3	4
Cell425	1	7	7	16
Cell426	1	3	3	4
Cell427	1	5	16	14
Cell428	1	15	11	9
Cell429	1	2	8	3
Cell430	1	10	1	15
Cell431	1	2	8	3
Cell432	1	2	8	3
Cell433	1	8	14	7
Cell434	1	6	15	13
Cell435	1	13	9	10
Cell436	1	12	1	12
Cell437	1	14	4	6
Cell438	1	7	7	16
Cell439	1	13	9	10
Cell440	1	6	15	13
Cell441	1	1	4	1
Cell442	1	3	3	4
Cell443	1	9	13	5
Cell444	1	9	13	5
Cell445	1	9	13	5
Cell446	1	1	4	1
Cell447	1	5	16	14
Cell448	1	5	16	14
Cell449	1	11	15	8
Cell451	1	3	5	4
Cell452	1	5	16	14
Cell453	1	1	4	1
Cell454	1	1	4	1
Cell455	1	5	16	14
Cell456	1	1	4	1
Cell457	1	8	14	7
Cell458	1	4	10	11
Cell459	1	2	8	3
Cell460	1	3	5	4
Cell461	1	6	15	13
Cell462	1	11	15	8
Cell463	1	1	4	1
Cell464	1	9	13	5
Cell465	1	9	13	5
Cell466	1	7	7	16
Cell467	1	9	13	5
Cell468	1	7	12	16
Cell469	1	4	10	11
Cell470	1	7	7	16
Cell471	1	4	6	11
Cell472	1	2	8	3
Cell473	1	9	13	5
Cell474	1	9	13	5
Cell475	1	1	4	2
Cell476	1	8	14	7
Cell477	1	12	1	12
Cell478	1	4	6	9
Cell479	1	6	15	13
Cell480	1	12	1	12
Cell481	1	3	3	4
Cell482	1	15	11	9
Cell483	1	13	9	10
Cell484	1	12	1	12
Cell485	1	15	11	9
Cell486	1	7	7	16
Cell487	1	5	16	14
Cell488	1	10	1	15
Cell489	1	15	11	9
Cell490	1	5	16	14
Cell491	1	7	12	16
Cell492	1	4	10	11
Cell493	1	8	14	7
Cell494	1	13	2	10
Cell495	1	4	6	11
Cell496	1	3	5	4
Cell497	1	10	1	15
Cell498	1	3	3	4
Cell499	1	1	4	1
Cell500	1	14	4	6
Cell501	1	14	4	6
Cell502	1	13	9	10
Cell503	1	8	14	7
Cell504	1	15	11	9
Cell505	1	6	15	13
Cell506	1	7	7	16
Cell507	1	7	7	16
Cell508	1	12	1	12
Cell509	1	12	1	12
Cell510	1	10	1	15
Cell511	1	7	7	16
Cell512	1	1	4	1
Cell513	1	9	13	5
Cell515	1	10	1	15
Cell516	1	7	7	16
Cell517	1	11	15	8
Cell518	1	7	7	16
Cell519	1	15	11	9
Cell520	1	13	9	10
Cell521	1	3	3	4
Cell522	1	1	4	2
Cell523	1	13	9	10
Cell524	1	2	8	3
Cell525	1	1	4	2
Cell526	1	13	9	10
Cell527	1	8	14	7
Cell528	1	11	15	8
Cell529	1	1	4	2
Cell530	1	10	1	15
Cell531	1	4	6	11
Cell532	1	6	15	13
Cell533	1	7	7	16
Cell534	1	5	16	14
Cell535	1	9	13	5
Cell536	1	3	5	4
Cell537	1	9	13	5
Cell538	1	4	10	11
Cell539	1	4	10	11
Cell540	1	10	1	15
Cell541	1	15	11	9
Cell542	1	1	4	2
Cell543	1	2	8	3
Cell544	1	3	3	4
Cell545	1	3	5	4
Cell546	1	11	15	8
Cell547	1	6	15	13
Cell548	1	1	4	2
Cell549	1	1	4	2
Cell550	1	6	15	13
Cell551	1	8	14	7
Cell552	1	8	14	7
Cell553	1	6	15	13
Cell554	1	2	8	3
Cell555	1	2	8	3
Cell556	1	5	16	14
Cell557	1	2	8	3
Cell558	1	6	15	13
Cell559	1	1	4	1
Cell560	1	7	7	16
Cell561	1	4	6	11
Cell562	1	3	3	4
Cell563	1	5	16	14
Cell564	1	13	9	10
Cell565	1	15	11	9
Cell566	1	12	1	12
Cell567	1	2	8	3
Cell568	1	6	15	13
Cell569	1	4	10	11
Cell570	1	10	1	15
Cell571	1	9	13	5
Cell572	1	8	14	7
Cell573	1	9	13	5
Cell575	1	3	3	4
Cell576	1	8	14	7
Cell577	1	3	3	4
Cell578	1	4	10	11
Cell579	1	6	15	13
Cell580	1	2	8	3
Cell581	1	12	1	12
Cell582	1	1	4	1
Cell583	1	8	14	7
Cell584	1	14	4	6
Cell585	1	11	15	8
Cell586	1	9	13	5
Cell587	1	6	15	13
Cell588	1	11	15	8
Cell589	1	10	1	15
Cell590	1	1	4	2
Cell591	1	12	1	12
Cell592	1	14	4	6
Cell593	1	14	4	6
Cell594	1	11	15	8
Cell595	1	6	15	13
Cell596	1	10	1	15
Cell597	1	13	2	10
Cell598	1	8	14	7
Cell599	1	5	16	14
Cell600	1	1	4	1
Cell601	1	13	2	10
Cell602	1	3	5	4
Cell603	1	7	12	16
Cell604	1	7	7	16
Cell605	1	1	4	2
Cell606	1	1	4	2
Cell607	1	1	4	1
Cell608	1	4	10	11
Cell609	1	6	15	13
Cell610	1	7	7	16
Cell611	1	3	3	4
Cell612	1	4	6	11
Cell613	1	3	3	4
Cell614	1	9	13	5
Cell615	1	4	6	11
Cell616	1	3	3	4
Cell618	1	8	14	7
Cell619	1	7	12	16
Cell620	1	7	7	16
Cell621	1	1	4	2
Cell622	1	4	10	11
Cell623	1	13	2	10
Cell624	1	12	1	12
Cell625	1	4	10	11
Cell626	1	15	11	9
Cell627	1	13	2	10
Cell628	1	2	8	3
Cell629	1	1	4	1
Cell630	1	12	1	12
Cell631	1	10	1	15
Cell632	1	1	4	6
Cell633	1	8	14	7
Cell635	1	12	1	12
Cell636	1	15	11	9
Cell637	1	4	10	11
Cell638	1	1	4	1
Cell639	1	13	9	10
Cell640	1	3	5	4
Cell641	1	9	13	5
Cell642	1	6	15	13
Cell644	1	13	9	10
Cell645	1	14	4	6
Cell646	1	3	3	4
Cell647	1	4	10	11
Cell648	1	1	4	2
Cell649	1	11	15	8
Cell650	1	5	16	14
Cell651	1	1	4	2
Cell652	1	4	6	11
Cell653	1	11	15	8
Cell654	1	2	8	3
Cell655	1	9	13	5
Cell656	1	5	16	14
Cell657	1	12	1	12
Cell658	1	1	4	2
Cell659	1	8	14	7
Cell660	1	14	4	6
Cell662	1	15	11	9
Cell663	1	12	1	12
Cell664	1	2	8	3
Cell665	1	1	4	1
Cell666	1	1	4	1
Cell667	1	4	10	11
Cell668	1	2	8	3
Cell669	1	13	2	10
Cell670	1	11	15	8
Cell671	1	13	2	10
Cell672	1	10	1	15
Cell673	1	13	2	10
Cell674	1	8	14	7
Cell675	1	6	15	13
Cell676	1	15	11	9
Cell677	1	1	4	2
Cell678	1	2	8	3
Cell679	1	11	15	8
Cell680	1	8	14	7
Cell681	1	6	15	13
Cell682	1	4	6	11
Cell683	1	13	9	10
Cell684	1	11	15	8
Cell686	1	9	13	5
Cell687	1	13	2	10
Cell688	1	5	16	14
Cell689	1	3	3	4
Cell690	1	5	16	14
Cell691	1	4	10	11
Cell692	1	2	8	3
Cell693	1	9	13	5
Cell694	1	6	15	13
Cell695	1	12	1	12
Cell696	1	1	4	1
Cell697	1	12	1	12
Cell698	1	15	11	9
Cell699	1	1	4	2
Cell700	1	9	13	5
Cell701	1	2	8	3
Cell702	1	12	1	12
Cell703	1	4	10	11
Cell704	1	4	10	11
Cell705	1	14	4	6
Cell706	1	5	16	14
Cell707	1	5	16	14
Cell708	1	9	13	5
Cell709	1	1	4	2
Cell710	1	9	13	5
Cell711	1	1	4	2
Cell712	1	9	13	5
Cell713	1	5	16	14
Cell715	1	4	6	11
Cell716	1	1	4	2
Cell717	1	15	11	9
Cell718	1	6	15	13
Cell719	1	3	5	4
Cell720	1	14	4	6
Cell721	1	1	4	2
Cell722	1	13	9	10
Cell723	1	2	8	3
Cell725	1	5	16	14
Cell726	1	13	9	10
Cell727	1	10	1	15
Cell728	1	6	15	13
Cell729	1	15	11	9
Cell730	1	2	8	3
Cell731	1	11	15	8
Cell732	1	15	11	9
Cell733	1	15	11	9
Cell734	1	10	1	15
Cell735	1	9	13	5
Cell736	1	7	12	16
Cell737	1	1	4	1
Cell738	1	10	1	15
Cell739	1	2	8	3
Cell740	1	2	8	3
Cell741	1	13	9	10
Cell742	1	8	14	7
Cell743	1	4	6	11
Cell744	1	12	1	12
Cell745	1	6	15	13
Cell746	1	15	11	9
Cell747	1	10	1	15
Cell748	1	8	14	7
Cell749	1	8	14	7
Cell750	1	6	15	13
Cell751	1	3	3	4
Cell752	1	13	2	10
Cell753	1	11	15	8
Cell754	1	10	1	15
Cell756	1	9	13	5
Cell757	1	3	5	4
Cell758	1	7	7	16
Cell759	1	12	1	12
Cell760	1	8	14	7
Cell761	1	8	14	7
Cell762	1	4	10	11
Cell763	1	5	16	14
Cell764	1	4	6	11
Cell765	1	13	2	10
Cell766	1	8	14	7
Cell767	1	12	1	12
Cell768	1	7	12	16
Cell769	1	7	12	16
Cell770	1	7	12	16
Cell771	1	1	4	1
Cell772	1	13	9	10
Cell773	1	2	8	3
Cell774	1	11	15	8
Cell775	1	10	1	15
Cell776	1	8	14	7
Cell777	1	15	11	9
Cell778	1	4	10	11
Cell779	1	10	1	15
Cell780	1	4	10	11
Cell781	1	6	15	13
Cell782	1	14	4	6
Cell783	1	5	16	14
Cell784	1	13	2	10
Cell785	1	3	3	4
Cell786	1	5	16	14
Cell787	1	7	12	16
Cell788	1	8	14	7
Cell789	1	7	12	16
Cell790	1	4	10	11
Cell791	1	4	10	11
Cell794	1	1	4	2
Cell795	1	3	3	4
Cell796	1	2	8	3
Cell797	1	1	4	1
Cell798	1	5	16	14
Cell799	1	4	6	11
Cell800	1	6	15	13
Cell801	1	8	14	7
Cell802	1	9	13	5
Cell803	1	2	8	3
Cell804	1	10	1	15
Cell805	1	4	10	11
Cell806	1	4	10	11
Cell807	1	15	11	9
Cell808	1	9	13	5
Cell809	1	11	15	8
Cell810	1	10	1	15
Cell811	1	2	8	6
Cell812	1	15	11	9
Cell813	1	13	9	10
Cell814	1	4	6	11
Cell815	1	15	11	9
Cell818	1	8	14	7
Cell819	1	12	1	12
Cell820	1	1	4	1
Cell821	1	9	13	5
Cell822	1	3	3	4
Cell823	1	9	13	5
Cell824	1	4	6	11
Cell825	1	15	11	9
Cell826	1	2	8	3
Cell827	1	9	13	5
Cell829	1	12	1	12
Cell830	1	1	4	1
Cell832	1	12	1	12
Cell833	1	6	15	13
Cell834	1	2	8	3
Cell835	1	2	8	3
Cell836	1	15	11	9
Cell837	1	3	5	4
Cell838	1	9	13	5
Cell839	1	10	1	15
Cell840	1	1	4	2
Cell842	1	12	1	12
Cell843	1	1	4	2
Cell844	1	5	16	14
Cell845	1	10	1	15
Cell846	1	1	4	1
Cell847	1	10	1	15
Cell848	1	2	8	3
Cell849	1	12	1	12
Cell850	1	11	15	8
Cell851	1	8	14	7
Cell852	1	7	12	16
Cell853	1	1	4	1
Cell854	1	4	6	11
Cell855	1	1	4	1
Cell856	1	7	7	16
Cell857	1	3	3	4
Cell858	1	8	14	7
Cell859	1	11	15	8
Cell860	1	9	13	5
Cell861	1	14	4	6
Cell862	1	8	14	7
Cell863	1	10	1	15
Cell864	1	7	12	16
Cell866	1	12	1	12
Cell867	1	1	4	1
Cell868	1	12	1	12
Cell869	1	8	14	7
Cell870	1	7	7	16
Cell871	1	4	6	11
Cell872	1	1	4	1
Cell873	1	11	15	8
Cell874	1	13	2	10
Cell875	1	11	15	8
Cell876	1	6	15	13
Cell877	1	3	3	4
Cell878	1	1	4	2
Cell880	1	8	14	7
Cell881	1	4	10	11
Cell882	1	12	1	12
Cell883	1	5	16	14
Cell884	1	2	8	3
Cell885	1	6	15	13
Cell886	1	14	4	6
Cell887	1	7	7	16
Cell888	1	1	4	2
Cell889	1	2	8	3
Cell890	1	1	4	2
Cell891	1	13	9	10
Cell892	1	14	4	6
Cell893	1	9	13	5
Cell894	1	1	4	1
Cell895	1	10	1	15
Cell896	1	8	14	7
Cell897	1	10	1	15
Cell898	1	7	12	16
Cell899	1	1	4	2
Cell900	1	6	15	13
Cell901	1	6	15	13
Cell902	1	8	14	7
Cell903	1	5	16	14
Cell904	1	9	13	5
Cell905	1	13	9	10
Cell906	1	4	10	11
Cell907	1	2	8	3
Cell908	1	5	16	14
Cell909	1	1	4	2
Cell910	1	13	9	10
Cell911	1	8	14	7
Cell912	1	3	3	4
Cell914	1	10	1	15
Cell915	1	11	15	8
Cell916	1	6	15	13
Cell917	1	1	4	1
Cell918	1	7	7	16
Cell919	1	1	4	2
Cell920	1	12	1	12
Cell921	1	9	13	5
Cell922	1	1	4	2
Cell923	1	7	12	16
Cell924	1	5	16	14
Cell925	1	2	8	3
Cell926	1	13	2	10
Cell927	1	1	4	1
Cell928	1	10	1	15
Cell929	1	13	9	10
Cell930	1	11	15	8
Cell932	1	8	14	7
Cell933	1	10	1	15
Cell934	1	1	4	2
Cell935	1	9	13	5
Cell936	1	8	14	7
Cell937	1	14	4	6
Cell938	1	10	1	15
Cell939	1	13	2	10
Cell940	1	1	4	1
Cell941	1	12	1	12
Cell942	1	14	4	6
Cell943	1	1	4	2
Cell944	1	2	8	3
Cell945	1	14	4	6
Cell946	1	2	8	3
Cell947	1	11	15	8
Cell948	1	2	8	3
Cell949	1	3	5	4
Cell950	1	3	3	4
Cell951	1	7	7	16
Cell952	1	3	5	4
Cell953	1	1	4	1
Cell954	1	9	13	14
Cell955	1	11	15	8
Cell957	1	1	4	2
Cell958	1	15	11	9
Cell959	1	8	14	7
Cell960	1	14	4	6
Cell961	1	4	10	11
Cell962	1	2	8	3
Cell963	1	10	1	15
Cell964	1	15	11	9
Cell965	1	7	7	16
Cell966	1	1	4	1
Cell967	1	8	14	7
Cell968	1	7	7	16
Cell969	1	8	14	7
Cell970	1	1	4	2
Cell971	1	14	4	6
Cell972	1	14	4	6
Cell974	1	6	15	13
Cell975	1	10	1	15
Cell976	1	6	15	13
Cell978	1	14	4	6
Cell979	1	6	15	13
Cell980	1	9	13	5
Cell981	1	8	14	7
Cell982	1	1	4	2
Cell983	1	7	7	16
Cell984	1	15	11	9
Cell986	1	5	16	14
Cell987	1	5	16	14
Cell988	1	6	15	13
Cell989	1	6	15	13
Cell990	1	7	7	16
Cell991	1	13	2	10
Cell992	1	11	15	8
Cell993	1	11	15	8
Cell995	1	2	8	3
Cell997	1	3	3	4
Cell998	1	13	9	10
Cell999	1	15	11	9
Cell1000	1	9	13	5
Cell1001	1	2	8	3
Cell1003	1	10	1	15
Cell1004	1	8	14	7
Cell1005	1	15	11	9
Cell1006	1	7	12	16
Cell1007	1	11	15	8
Cell1008	1	2	8	3
Cell1009	1	3	5	4
Cell1010	1	5	16	14
Cell1011	1	7	7	16
Cell1012	1	3	5	4
Cell1013	1	6	15	13
Cell1015	1	11	15	8
Cell1016	1	14	4	6
Cell1017	1	11	15	8
Cell1018	1	13	2	10
Cell1019	1	13	2	10
Cell1020	1	1	4	1
Cell1021	1	7	12	16
Cell1022	1	6	15	13
Cell1023	1	1	4	2
Cell1024	1	4	10	11
Cell1025	1	10	1	15
Cell1026	1	10	1	15
Cell1027	1	10	1	15
Cell1028	1	15	11	9
Cell1029	1	11	15	8
Cell1030	1	2	8	3
Cell1031	1	1	4	1
Cell1032	1	5	16	14
Cell1033	1	13	2	10
Cell1034	1	5	16	14
Cell1035	1	15	11	9
Cell1036	1	12	1	12
Cell1037	1	7	7	16
Cell1038	1	7	12	16
Cell1039	1	6	15	13
Cell1040	1	11	15	8
Cell1041	1	4	6	9
Cell1042	1	2	8	3
Cell1043	1	3	5	4
Cell1044	1	8	14	7
Cell1045	1	1	4	2
Cell1046	1	8	14	7
Cell1047	1	2	8	3
Cell1048	1	15	11	9
Cell1050	1	1	4	1
Cell1052	1	12	1	12
Cell1053	1	5	16	14
Cell1054	1	3	5	4
Cell1055	1	11	15	8
Cell1056	1	5	16	14
Cell1057	1	10	1	15
Cell1059	1	5	16	14
Cell1060	1	5	16	14
Cell1061	1	9	13	5
Cell1062	1	12	1	12
Cell1063	1	9	13	5
Cell1064	1	1	4	1
Cell1065	1	13	2	10
Cell1066	1	11	15	8
Cell1067	1	11	15	8
Cell1068	1	4	6	11
Cell1070	1	3	5	4
Cell1071	1	6	15	13
Cell1072	1	5	16	14
Cell1073	1	11	15	8
Cell1074	1	15	11	9
Cell1075	1	10	1	15
Cell1076	1	10	1	15
Cell1077	1	5	16	14
Cell1079	1	11	15	8
Cell1080	1	3	5	4
Cell1081	1	10	1	15
Cell1082	1	10	1	15
Cell1083	1	2	8	3
Cell1084	1	8	14	7
Cell1085	1	14	4	6
Cell1086	1	3	5	4
Cell1087	1	14	4	6
Cell1088	1	3	3	4
Cell1089	1	14	4	6
Cell1090	1	11	15	8
Cell1091	1	15	11	9
Cell1092	1	3	3	4
Cell1093	1	7	12	16
Cell1094	1	5	16	14
Cell1095	1	3	5	4
Cell1096	1	11	15	8
Cell1097	1	7	7	16
Cell1098	1	3	3	4
Cell1099	1	15	11	9
Cell1100	1	2	8	3
Cell1101	1	12	1	12
Cell1102	1	1	4	2
Cell1103	1	11	15	8
Cell1104	1	12	1	12
Cell1105	1	9	13	5
Cell1106	1	6	15	13
Cell1107	1	9	13	5
Cell1108	1	8	14	7
Cell1109	1	4	10	11
Cell1110	1	15	11	9
Cell1111	1	7	12	16
Cell1112	1	8	14	7
Cell1113	1	1	4	2
Cell1114	1	9	13	5
Cell1115	1	8	14	7
Cell1117	1	4	10	11
Cell1118	1	12	1	12
Cell1119	1	15	11	9
Cell1120	1	6	15	13
Cell1121	1	14	4	6
Cell1122	1	2	8	3
Cell1124	1	3	3	4
Cell1125	1	14	4	6
Cell1126	1	1	4	2
Cell1127	1	2	8	3
Cell1128	1	9	13	5
Cell1129	1	5	16	14
Cell1130	1	12	1	12
Cell1131	1	9	13	5
Cell1132	1	9	13	5
Cell1133	1	3	5	4
Cell1134	1	3	5	4
Cell1135	1	15	11	9
Cell1136	1	3	5	4
Cell1137	1	1	4	2
Cell1138	1	4	6	9
Cell1139	1	1	4	2
Cell1140	1	2	8	3
Cell1141	1	13	9	10
Cell1142	1	13	2	10
Cell1144	1	3	5	4
Cell1145	1	13	2	10
Cell1146	1	5	16	14
Cell1147	1	15	11	9
Cell1148	1	1	4	1
Cell1149	1	7	7	16
Cell1150	1	6	15	13
Cell1151	1	14	4	6
Cell1152	1	4	10	11
Cell1153	1	10	1	15
Cell1154	1	10	1	15
Cell1155	1	1	4	1
Cell1156	1	4	10	11
Cell1157	1	3	3	4
Cell1158	1	5	16	14
Cell1159	1	7	12	16
Cell1160	1	7	7	16
Cell1161	1	4	6	11
Cell1162	1	10	1	15
Cell1163	1	6	15	13
Cell1164	1	4	6	11
Cell1165	1	12	1	12
Cell1166	1	6	15	13
Cell1167	1	10	1	15
Cell1168	1	9	13	5
Cell1169	1	11	15	8
Cell1170	1	6	15	13
Cell1171	1	13	2	10
Cell1172	1	2	8	3
Cell1174	1	1	4	1
Cell1175	1	5	16	14
Cell1176	1	1	4	2
Cell1177	1	4	10	11
Cell1178	1	2	8	3
Cell1179	1	4	10	11
Cell1180	1	14	4	6
Cell1181	1	8	14	7
Cell1182	1	9	13	5
Cell1183	1	3	5	4
Cell1184	1	12	1	12
Cell1185	1	6	15	13
Cell1186	1	13	2	10
Cell1187	1	14	4	6
Cell1188	1	4	6	11
Cell1189	1	1	4	1
Cell1190	1	11	15	8
Cell1191	1	11	15	8
Cell1193	1	9	13	5
Cell1194	1	1	4	1
Cell1195	1	13	9	10
Cell1196	1	3	5	4
Cell1197	1	4	10	11
Cell1198	1	13	9	10
Cell1199	1	6	15	13
Cell1200	1	2	8	3
Cell1201	1	10	1	15
Cell1202	1	11	15	8
Cell1203	1	6	15	13
Cell1204	1	1	4	2
Cell1205	1	10	1	15
Cell1206	1	1	4	1
Cell1207	1	1	4	1
Cell1208	1	9	13	5
Cell1209	1	3	5	4
Cell1210	1	8	14	7
Cell1211	1	2	8	3
Cell1212	1	8	14	7
Cell1213	1	7	12	16
Cell1214	1	1	4	2
Cell1215	1	8	14	7
Cell1216	1	8	14	7
Cell1217	1	2	8	3
Cell1218	1	8	14	7
Cell1219	1	4	10	11
Cell1220	1	4	10	11
Cell1221	1	4	10	11
Cell1222	1	1	4	1
Cell1223	1	4	10	11
Cell1224	1	2	8	3
Cell1225	1	12	1	12
Cell1226	1	4	10	11
Cell1227	1	13	2	10
Cell1228	1	12	1	12
Cell1231	1	10	1	15
Cell1232	1	11	15	8
Cell1233	1	13	2	10
Cell1234	1	8	14	7
Cell1235	1	1	4	1
Cell1236	1	12	1	12
Cell1237	1	2	8	3
Cell1238	1	3	5	4
Cell1239	1	5	16	14
Cell1240	1	13	2	10
Cell1241	1	5	16	14
Cell1242	1	7	7	16
Cell1243	1	13	9	10
Cell1244	1	11	15	9
Cell1245	1	5	16	14
Cell1246	1	9	13	5
Cell1247	1	5	16	14
Cell1248	1	4	6	9
Cell1249	1	7	7	16
Cell1250	1	9	13	5
Cell1251	1	4	10	11
Cell1252	1	2	8	3
Cell1253	1	11	15	8
Cell1254	1	13	2	10
Cell1255	1	12	1	12
Cell1256	1	6	15	13
Cell1257	1	5	16	14
Cell1258	1	1	4	2
Cell1259	1	11	15	8
Cell1260	1	4	10	11
Cell1261	1	7	12	16
Cell1262	1	2	8	3
Cell1263	1	7	12	16
Cell1264	1	2	8	3
Cell1265	1	1	4	2
Cell1266	1	3	3	4
Cell1267	1	10	1	15
Cell1268	1	10	1	15
Cell1269	1	13	9	10
Cell1270	1	5	16	14
Cell1271	1	2	8	3
Cell1272	1	15	11	9
Cell1273	1	14	4	6
Cell1274	1	6	15	13
Cell1275	1	2	8	3
Cell1276	1	3	3	4
Cell1277	1	1	4	2
Cell1278	1	7	7	16
Cell1279	1	1	4	2
Cell1280	1	1	4	2
Cell1281	1	9	13	5
Cell1282	1	2	8	3
Cell1283	1	15	11	9
Cell1284	1	7	12	16
Cell1285	1	7	7	16
Cell1286	1	1	4	2
Cell1287	1	7	7	16
Cell1288	1	6	15	13
Cell1289	1	1	4	2
Cell1290	1	5	16	14
Cell1291	1	8	14	7
Cell1292	1	2	8	3
Cell1293	1	1	4	1
Cell1295	1	5	16	14
Cell1296	1	13	2	10
Cell1297	1	7	12	16
Cell1298	1	8	14	7
Cell1299	1	14	4	6
Cell1300	1	6	15	13
Cell1301	1	3	5	4
Cell1302	1	4	10	11
Cell1303	1	14	4	6
Cell1304	1	11	15	8
Cell1305	1	14	4	6
Cell1306	1	8	14	7
Cell1307	1	4	6	11
Cell1308	1	15	11	9
Cell1309	1	5	16	14
Cell1310	1	7	12	16
Cell1311	1	1	4	1
Cell1312	1	12	1	12
Cell1313	1	9	13	5
Cell1314	1	12	1	12
Cell1315	1	11	15	8
Cell1316	1	7	7	16
Cell1317	1	9	13	5
Cell1319	1	5	16	14
Cell1320	1	12	1	12
Cell1321	1	3	5	4
Cell1322	1	2	8	3
Cell1323	1	12	1	12
Cell1324	1	6	15	13
Cell1325	1	3	3	4
Cell1326	1	4	6	11
Cell1327	1	12	1	12
Cell1328	1	8	14	7
Cell1329	1	2	8	3
Cell1330	1	3	5	4
Cell1331	1	12	1	12
Cell1332	1	5	16	14
Cell1333	1	3	5	4
Cell1334	1	7	12	16
Cell1336	1	3	5	4
Cell1337	1	1	4	1
Cell1338	1	10	1	15
Cell1339	1	14	4	6
Cell1340	1	8	14	7
Cell1341	1	3	5	4
Cell1342	1	13	2	10
Cell1343	1	15	11	9
Cell1344	1	11	15	8
Cell1345	1	6	15	13
Cell1346	1	7	12	16
Cell1347	1	1	4	1
Cell1348	1	4	6	9
Cell1349	1	14	4	6
Cell1350	1	1	4	1
Cell1351	1	8	14	7
Cell1352	1	3	5	4
Cell1353	1	6	15	13
Cell1354	1	11	15	8
Cell1355	1	7	7	16
Cell1356	1	11	15	8
Cell1357	1	8	14	7
Cell1358	1	13	9	10
Cell1359	1	5	16	14
Cell1360	1	7	7	16
Cell1361	1	9	13	5
Cell1362	1	15	11	9
Cell1363	1	3	5	4
Cell1364	1	14	4	6
Cell1365	1	3	3	4
Cell1366	1	12	1	12
Cell1367	1	13	2	10
Cell1368	1	2	8	3
Cell1369	1	11	15	8
Cell1370	1	9	13	5
Cell1372	1	3	5	4
Cell1373	1	11	15	8
Cell1375	1	11	15	8
Cell1376	1	1	4	2
Cell1377	1	15	11	9
Cell1378	1	15	11	9
Cell1379	1	1	4	1
Cell1380	1	1	4	1
Cell1381	1	15	11	9
Cell1382	1	5	16	14
Cell1383	1	2	8	3
Cell1384	1	1	4	1
Cell1385	1	5	16	14
Cell1386	1	11	15	8
Cell1387	1	3	5	4
Cell1388	1	1	4	1
Cell1389	1	2	8	3
Cell1390	1	11	15	8
Cell1391	1	4	10	11
Cell1392	1	10	1	15
Cell1393	1	6	15	13
Cell1394	1	13	2	10
Cell1395	1	7	7	16
Cell1396	1	7	12	16
Cell1397	1	2	8	3
Cell1398	1	1	4	2
Cell1399	1	12	1	12
Cell1400	1	5	16	14
Cell1402	1	11	15	8
Cell1403	1	1	4	2
Cell1404	1	11	15	8
Cell1405	1	10	1	15
Cell1406	1	11	15	8
Cell1407	1	6	15	13
Cell1409	1	14	4	6
Cell1410	1	12	1	12
Cell1411	1	1	4	1
Cell1412	1	4	10	11
Cell1413	1	1	4	2
Cell1414	1	13	2	9
Cell1415	1	15	11	9
Cell1416	1	10	1	15
Cell1417	1	5	16	14
Cell1418	1	14	4	6
Cell1419	1	5	16	14
Cell1420	1	6	15	13
Cell1421	1	14	4	6
Cell1422	1	8	14	7
Cell1423	1	10	1	15
Cell1424	1	1	4	2
Cell1425	1	3	3	4
Cell1426	1	15	11	9
Cell1427	1	2	8	3
Cell1428	1	15	11	9
Cell1429	1	1	4	1
Cell1430	1	1	4	2
Cell1431	1	6	15	13
Cell1432	1	2	8	3
Cell1433	1	7	7	16
Cell1434	1	8	14	7
Cell1435	1	12	1	12
Cell1436	1	5	16	14
Cell1437	1	1	4	2
Cell1438	1	8	14	7
Cell1439	1	6	15	13
Cell1441	1	4	6	9
Cell1442	1	1	4	1
Cell1443	1	2	8	3
Cell1444	1	10	1	15
Cell1445	1	15	11	9
Cell1446	1	1	4	1
Cell1447	1	9	13	5
Cell1448	1	1	4	1
Cell1449	1	7	12	16
Cell1450	1	4	10	11
Cell1452	1	14	4	6
Cell1453	1	6	15	13
Cell1454	1	13	2	10
Cell1455	1	1	4	1
Cell1456	1	13	9	10
Cell1457	1	6	15	13
Cell1458	1	12	1	12
Cell1459	1	15	11	2
Cell1460	1	11	15	8
Cell1461	1	13	9	10
Cell1462	1	4	10	11
Cell1463	1	13	9	10
Cell1464	1	6	15	13
Cell1465	1	10	1	15
Cell1466	1	12	1	12
Cell1468	1	6	15	13
Cell1469	1	13	9	10
Cell1470	1	12	1	12
Cell1471	1	4	6	11
Cell1472	1	10	1	15
Cell1473	1	1	4	1
Cell1474	1	3	5	4
Cell1475	1	1	4	2
Cell1476	1	6	15	13
Cell1477	1	13	2	10
Cell1478	1	1	4	1
Cell1479	1	13	9	10
Cell1480	1	14	4	6
Cell1481	1	1	4	2
Cell1482	1	7	12	16
Cell1483	1	2	8	3
Cell1484	1	2	8	3
Cell1485	1	12	1	12
Cell1486	1	13	2	10
Cell1487	1	5	16	14
Cell1488	1	6	15	13
Cell1489	1	14	4	6
Cell1490	1	5	16	14
Cell1491	1	2	8	3
Cell1492	1	10	1	15
Cell1493	1	2	8	3
Cell1496	1	13	2	10
Cell1497	1	1	4	1
Cell1498	1	14	4	6
Cell1499	1	4	6	11
Cell1500	1	11	15	8
Cell1501	1	10	1	15
Cell1502	1	11	15	8
Cell1503	1	3	5	4
Cell1504	1	11	15	8
Cell1506	1	12	1	12
Cell1507	1	15	11	9
Cell1508	1	1	4	1
Cell1509	1	9	13	5
Cell1510	1	3	5	4
Cell1511	1	9	13	5
Cell1512	1	11	15	8
Cell1513	1	7	7	16
Cell1514	1	2	8	3
Cell1515	1	1	4	1
Cell1516	1	7	7	16
Cell1517	1	1	4	2
Cell1518	1	6	15	13
Cell1519	1	14	4	6
Cell1520	1	5	16	14
Cell1521	1	9	13	5
Cell1522	1	14	4	6
Cell1523	1	1	4	1
Cell1524	1	4	10	11
Cell1525	1	4	10	11
Cell1526	1	14	4	6
Cell1527	1	3	3	4
Cell1528	1	6	15	13
Cell1529	1	14	4	6
Cell1530	1	4	6	11
Cell1531	1	13	9	10
Cell1532	1	5	16	14
Cell1533	1	12	1	12
Cell1534	1	13	2	10
Cell1535	1	5	16	14
Cell1536	1	6	15	13
Cell1537	1	8	14	7
Cell1538	1	6	15	13
Cell1539	1	3	5	4
Cell1540	1	7	12	16
Cell1541	1	10	1	15
Cell1542	1	12	1	12
Cell1543	1	2	8	3
Cell1544	1	9	13	5
Cell1545	1	6	15	13
Cell1546	1	1	4	2
Cell1547	1	13	9	10
Cell1548	1	3	5	4
Cell1549	1	14	4	6
Cell1550	1	15	11	9
Cell1551	1	8	14	7
Cell1552	1	8	14	7
Cell1553	1	11	15	8
Cell1554	1	13	9	10
Cell1555	1	9	13	5
Cell1556	1	1	4	2
Cell1557	1	13	9	10
Cell1558	1	9	13	5
Cell1559	1	2	8	3
Cell1560	1	11	15	8
Cell1561	1	8	14	7
Cell1562	1	3	3	4
Cell1563	1	9	13	5
Cell1564	1	8	14	7
Cell1565	1	1	4	1
Cell1566	1	13	9	10
Cell1567	1	9	13	5
Cell1568	1	1	4	1
Cell1569	1	9	13	5
Cell1570	1	7	12	16
Cell1571	1	4	10	11
Cell1572	1	12	1	12
Cell1573	1	1	4	1
Cell1574	1	4	10	11
Cell1575	1	13	2	10
Cell1576	1	5	16	14
Cell1577	1	6	15	13
Cell1578	1	11	15	8
Cell1579	1	7	12	16
Cell1580	1	2	8	3
Cell1581	1	13	9	10
Cell1582	1	11	15	8
Cell1583	1	2	8	3
Cell1584	1	6	15	13
Cell1585	1	9	13	5
Cell1586	1	14	4	6
Cell1588	1	3	3	4
Cell1589	1	8	14	7
Cell1590	1	13	2	10
Cell1592	1	13	9	10
Cell1593	1	4	10	11
Cell1594	1	7	12	16
Cell1595	1	15	11	9
Cell1596	1	2	8	3
Cell1597	1	1	4	2
Cell1598	1	11	15	8
Cell1599	1	9	13	5
Cell1600	1	10	1	15
Cell1601	1	12	1	12
Cell1602	1	11	15	8
Cell1603	1	6	15	13
Cell1604	1	14	4	6
Cell1605	1	6	15	13
Cell1606	1	7	7	16
Cell1608	1	5	16	14
Cell1609	1	1	4	1
Cell1610	1	7	7	16
Cell1611	1	13	2	10
Cell1612	1	6	15	13
Cell1613	1	4	10	11
Cell1614	1	1	4	1
Cell1615	1	7	12	16
Cell1616	1	3	5	4
Cell1617	1	3	3	4
Cell1618	1	13	9	10
Cell1619	1	8	14	7
Cell1620	1	9	13	5
Cell1621	1	5	16	14
Cell1622	1	11	15	8
Cell1623	1	2	8	3
Cell1624	1	10	1	15
Cell1625	1	4	6	11
Cell1626	1	11	15	8
Cell1627	1	5	16	14
Cell1628	1	2	8	3
Cell1629	1	10	1	15
Cell1631	1	4	10	11
Cell1632	1	1	4	1
Cell1633	1	1	4	2
Cell1634	1	5	16	14
Cell1635	1	11	15	8
Cell1637	1	8	14	7
Cell1638	1	4	6	11
Cell1639	1	10	1	15
Cell1640	1	12	1	12
Cell1641	1	8	14	7
Cell1642	1	10	1	15
Cell1643	1	12	1	12
Cell1644	1	4	10	11
Cell1645	1	14	4	6
Cell1646	1	3	5	4
Cell1647	1	12	1	12
Cell1648	1	11	15	8
Cell1649	1	3	5	4
Cell1650	1	5	16	14
Cell1651	1	8	14	7
Cell1652	1	1	4	1
Cell1653	1	9	13	5
Cell1654	1	1	4	2
Cell1655	1	1	4	1
Cell1656	1	12	1	12
Cell1657	1	5	16	14
Cell1658	1	6	15	13
Cell1659	1	12	1	12
Cell1660	1	1	4	1
Cell1661	1	6	15	13
Cell1662	1	15	11	9
Cell1663	1	2	8	3
Cell1664	1	8	14	7
Cell1665	1	6	15	13
Cell1666	1	11	15	8
Cell1667	1	1	4	1
Cell1668	1	14	4	6
Cell1669	1	5	16	14
Cell1670	1	3	5	4
Cell1672	1	2	8	3
Cell1673	1	11	15	8
Cell1674	1	6	15	13
Cell1675	1	5	16	14
Cell1676	1	12	1	12
Cell1677	1	12	1	12
Cell1678	1	2	8	3
Cell1679	1	4	10	11
Cell1680	1	7	7	16
Cell1681	1	1	4	1
Cell1682	1	3	5	4
Cell1683	1	1	4	1
Cell1684	1	2	8	3
Cell1685	1	3	3	4
Cell1686	1	1	4	1
Cell1687	1	11	15	8
Cell1688	1	1	4	2
Cell1689	1	12	1	12
Cell1690	1	6	15	13
Cell1691	1	13	9	10
Cell1692	1	1	4	1
Cell1693	1	6	15	13
Cell1694	1	9	13	5
Cell1696	1	14	4	6
Cell1697	1	2	8	3
Cell1698	1	1	4	2
Cell1699	1	11	15	8
Cell1700	1	4	6	11
Cell1701	1	1	4	2
Cell1702	1	12	1	12
Cell1703	1	14	4	6
Cell1704	1	1	4	2
Cell1705	1	3	3	4
Cell1706	1	12	1	12
Cell1707	1	12	1	12
Cell1708	1	14	4	6
Cell1709	1	3	5	4
Cell1710	1	10	1	15
Cell1711	1	5	16	14
Cell1712	1	2	8	3
Cell1714	1	10	1	15
Cell1715	1	11	15	8
Cell1716	1	12	1	12
Cell1717	1	10	1	15
Cell1718	1	3	5	4
Cell1719	1	14	4	6
Cell1720	1	2	8	3
Cell1721	1	3	5	4
Cell1722	1	15	11	9
Cell1723	1	1	4	2
Cell1725	1	13	9	10
Cell1726	1	6	15	13
Cell1727	1	10	1	15
Cell1728	1	14	4	6
Cell1729	1	1	4	1
Cell1730	1	1	4	1
Cell1731	1	11	15	8
Cell1732	1	4	10	11
Cell1733	1	2	8	3
Cell1734	1	10	1	15
Cell1735	1	6	15	13
Cell1736	1	9	13	5
Cell1737	1	15	11	9
Cell1738	1	8	14	7
Cell1739	1	9	13	5
Cell1740	1	11	15	8
Cell1741	1	4	10	11
Cell1742	1	8	14	7
Cell1743	1	7	7	16
Cell1744	1	14	4	6
Cell1745	1	6	15	13
Cell1746	1	5	16	14
Cell1747	1	6	15	13
Cell1748	1	3	3	4
Cell1749	1	7	12	16
Cell1750	1	10	1	15
Cell1751	1	8	14	7
Cell1752	1	4	6	11
Cell1753	1	8	14	7
Cell1754	1	10	1	15
Cell1755	1	2	8	3
Cell1756	1	14	4	6
Cell1757	1	9	13	5
Cell1758	1	10	1	15
Cell1759	1	9	13	5
Cell1760	1	5	16	14
Cell1761	1	9	13	5
Cell1762	1	1	4	2
Cell1763	1	1	4	2
Cell1764	1	13	9	10
Cell1765	1	4	10	11
Cell1766	1	8	14	7
Cell1767	1	5	16	14
Cell1768	1	8	14	7
Cell1769	1	7	12	16
Cell1770	1	11	15	8
Cell1771	1	8	14	7
Cell1772	1	12	1	12
Cell1773	1	1	4	1
Cell1774	1	15	11	9
Cell1775	1	15	11	9
Cell1777	1	13	2	10
Cell1778	1	4	10	11
Cell1779	1	9	13	5
Cell1780	1	10	1	15
Cell1781	1	6	15	13
Cell1782	1	7	12	16
Cell1783	1	8	14	7
Cell1784	1	5	16	14
Cell1785	1	4	10	11
Cell1786	1	3	5	4
Cell1787	1	2	8	3
Cell1789	1	6	15	13
Cell1790	1	10	1	15
Cell1792	1	2	8	3
Cell1793	1	10	1	15
Cell1794	1	1	4	1
Cell1795	1	4	6	11
Cell1796	1	14	4	6
Cell1797	1	1	4	2
Cell1798	1	2	8	3
Cell1799	1	14	4	6
Cell1800	1	7	12	16
Cell1801	1	1	4	2
Cell1802	1	4	10	11
Cell1803	1	8	14	7
Cell1804	1	10	1	15
Cell1805	1	6	15	13
Cell1806	1	14	4	6
Cell1807	1	5	16	14
Cell1808	1	1	4	1
Cell1809	1	14	4	6
Cell1810	1	15	11	9
Cell1811	1	4	10	11
Cell1812	1	14	4	6
Cell1813	1	7	7	16
Cell1814	1	2	8	3
Cell1815	1	10	1	15
Cell1816	1	8	14	7
Cell1817	1	8	14	7
Cell1818	1	10	1	15
Cell1819	1	8	14	7
Cell1820	1	14	4	6
Cell1821	1	1	4	1
Cell1822	1	4	6	9
Cell1823	1	11	15	8
Cell1824	1	1	4	2
Cell1825	1	6	15	13
Cell1826	1	3	3	4
Cell1827	1	1	4	1
Cell1828	1	15	11	9
Cell1829	1	2	8	3
Cell1830	1	8	14	7
Cell1831	1	9	13	5
Cell1832	1	1	4	2
Cell1833	1	12	1	12
Cell1834	1	12	1	12
Cell1835	1	3	3	4
Cell1836	1	5	16	14
Cell1837	1	5	16	14
Cell1838	1	12	1	12
Cell1839	1	6	15	13
Cell1840	1	5	16	14
Cell1841	1	15	11	9
Cell1843	1	8	14	7
Cell1844	1	4	6	11
Cell1845	1	3	3	4
Cell1846	1	14	4	6
Cell1847	1	2	8	3
Cell1848	1	8	14	7
Cell1850	1	10	1	15
Cell1851	1	9	13	5
Cell1852	1	4	6	11
Cell1853	1	15	11	9
Cell1855	1	6	15	13
Cell1856	1	3	3	4
Cell1857	1	9	13	5
Cell1858	1	9	13	5
Cell1859	1	15	11	9
Cell1860	1	3	3	4
Cell1861	1	3	3	4
Cell1862	1	4	6	11
Cell1864	1	1	4	2
Cell1865	1	7	12	16
Cell1866	1	10	1	15
Cell1867	1	5	16	14
Cell1868	1	1	4	1
Cell1869	1	13	2	10
Cell1870	1	14	4	6
Cell1871	1	15	11	9
Cell1872	1	6	15	13
Cell1873	1	9	13	5
Cell1874	1	14	4	6
Cell1875	1	12	1	12
Cell1876	1	1	4	1
Cell1877	1	6	15	13
Cell1878	1	10	1	15
Cell1879	1	9	13	5
Cell1880	1	5	16	14
Cell1881	1	7	7	16
Cell1883	1	10	1	15
Cell1884	1	3	5	4
Cell1885	1	10	1	15
Cell1887	1	3	3	4
Cell1888	1	1	4	2
Cell1889	1	9	13	14
Cell1890	1	4	10	11
Cell1891	1	9	13	5
Cell1892	1	8	14	7
Cell1893	1	9	13	5
Cell1894	1	12	1	12
Cell1895	1	12	1	12
Cell1896	1	7	12	16
Cell1897	1	12	1	12
Cell1898	1	11	15	8
Cell1899	1	10	1	15
Cell1900	1	2	8	3
Cell1901	1	10	1	15
Cell1902	1	3	3	4
Cell1903	1	3	5	4
Cell1904	1	12	1	12
Cell1906	1	11	15	8
Cell1907	1	3	3	4
Cell1908	1	14	4	6
Cell1909	1	12	1	12
Cell1911	1	15	11	9
Cell1912	1	3	5	4
Cell1913	1	2	8	3
Cell1914	1	5	16	14
Cell1915	1	5	16	14
Cell1916	1	12	1	12
Cell1917	1	4	6	11
Cell1918	1	5	16	5
Cell1919	1	1	4	1
Cell1920	1	9	13	5
Cell1921	1	1	4	1
Cell1922	1	2	8	3
Cell1923	1	1	4	2
Cell1924	1	5	16	14
Cell1925	1	12	1	12
Cell1926	1	9	13	5
Cell1927	1	5	16	14
Cell1928	1	1	4	1
Cell1929	1	9	13	5
Cell1930	1	14	4	2
Cell1931	1	9	13	5
Cell1932	1	3	5	4
Cell1933	1	8	14	7
Cell1934	1	5	16	14
Cell1935	1	2	8	3
Cell1936	1	2	8	3
Cell1937	1	5	16	14
Cell1938	1	1	4	1
Cell1939	1	3	3	4
Cell1940	1	14	4	6
Cell1941	1	1	4	2
Cell1942	1	7	12	16
Cell1943	1	3	5	4
Cell1944	1	2	8	3
Cell1945	1	12	1	12
Cell1946	1	11	15	8
Cell1947	1	2	8	3
Cell1948	1	5	16	14
Cell1949	1	12	1	12
Cell1950	1	15	11	9
Cell1951	1	11	15	8
Cell1952	1	12	1	12
Cell1953	1	5	16	9
Cell1954	1	8	14	7
Cell1955	1	6	15	13
Cell1956	1	5	16	14
Cell1957	1	1	4	1
Cell1958	1	4	10	9
Cell1959	1	14	4	6
Cell1960	1	15	11	9
Cell1961	1	2	8	3
Cell1962	1	1	4	1
Cell1963	1	2	8	3
Cell1966	1	13	9	10
Cell1967	1	14	4	6
Cell1968	1	6	15	13
Cell1969	1	1	4	1
Cell1970	1	7	12	16
Cell1971	1	12	1	12
Cell1973	1	2	8	3
Cell1974	1	3	5	4
Cell1975	1	11	15	8
Cell1976	1	3	5	4
Cell1977	1	9	13	5
Cell1978	1	6	15	13
Cell1979	1	4	10	11
Cell1980	1	8	14	7
Cell1981	1	7	7	16
Cell1982	1	8	14	7
Cell1983	1	4	10	11
Cell1984	1	1	4	1
Cell1985	1	12	1	12
Cell1986	1	12	1	12
Cell1987	1	5	16	14
Cell1988	1	1	4	2
Cell1989	1	5	16	14
Cell1990	1	8	14	7
Cell1991	1	1	4	2
Cell1992	1	14	4	6
Cell1993	1	1	4	2
Cell1994	1	3	5	4
Cell1995	1	4	6	11
Cell1996	1	10	1	15
Cell1997	1	14	4	6
Cell1998	1	10	1	15
Cell1999	1	13	9	10
Cell2000	1	8	14	7
