ID	did	seurat_cluster	kmeans_cluster	labels
Cell1	1	4	7	1
Cell2	1	4	7	1
Cell3	1	7	8	4
Cell4	1	8	4	5
Cell5	1	2	5	8
Cell6	1	7	8	4
Cell7	1	1	3	3
Cell8	1	3	4	7
Cell9	1	2	5	8
Cell10	1	3	4	7
Cell12	1	8	4	5
Cell13	1	7	8	4
Cell14	1	8	4	5
Cell15	1	5	3	2
Cell16	1	2	5	8
Cell17	1	4	7	1
Cell18	1	8	4	5
Cell19	1	8	4	5
Cell21	1	8	4	5
Cell22	1	1	3	3
Cell23	1	6	2	6
Cell24	1	5	3	2
Cell25	1	1	3	3
Cell26	1	8	4	5
Cell27	1	6	6	6
Cell28	1	3	4	7
Cell29	1	7	8	4
Cell30	1	2	5	8
Cell31	1	8	4	5
Cell32	1	1	3	3
Cell33	1	5	3	2
Cell34	1	5	3	2
Cell35	1	8	4	5
Cell36	1	5	3	2
Cell37	1	2	5	8
Cell38	1	5	3	2
Cell39	1	7	8	4
Cell40	1	8	4	5
Cell41	1	2	5	8
Cell43	1	3	4	7
Cell44	1	4	7	1
Cell45	1	2	5	8
Cell46	1	8	4	5
Cell47	1	6	1	6
Cell48	1	4	7	1
Cell49	1	2	5	8
Cell50	1	6	2	6
Cell53	1	4	7	1
Cell54	1	2	5	8
Cell55	1	4	7	1
Cell56	1	1	3	3
Cell57	1	3	4	7
Cell58	1	6	6	6
Cell59	1	5	3	2
Cell60	1	6	2	6
Cell61	1	3	4	7
Cell62	1	8	4	5
Cell63	1	2	5	8
Cell65	1	5	3	2
Cell66	1	1	3	3
Cell67	1	2	5	8
Cell68	1	8	4	5
Cell69	1	5	3	2
Cell70	1	3	4	7
Cell71	1	8	4	5
Cell73	1	2	5	8
Cell74	1	6	2	6
Cell75	1	7	8	4
Cell76	1	6	2	6
Cell77	1	4	7	1
Cell78	1	6	1	6
Cell79	1	1	3	3
Cell80	1	1	3	3
Cell81	1	6	2	6
Cell82	1	2	5	8
Cell83	1	3	4	7
Cell84	1	7	8	4
Cell85	1	1	3	3
Cell87	1	3	4	7
Cell88	1	2	5	8
Cell89	1	6	2	6
Cell90	1	8	4	5
Cell91	1	2	5	8
Cell92	1	4	7	1
Cell93	1	6	1	6
Cell94	1	4	7	1
Cell95	1	3	4	7
Cell96	1	8	4	5
Cell97	1	4	7	1
Cell98	1	6	2	6
Cell99	1	1	3	3
Cell100	1	4	7	1
Cell101	1	4	7	1
Cell102	1	3	4	7
Cell103	1	5	3	2
Cell105	1	2	5	8
Cell106	1	7	8	4
Cell107	1	1	3	3
Cell108	1	7	8	4
Cell109	1	7	8	4
Cell110	1	5	3	2
Cell111	1	7	8	4
Cell112	1	7	8	4
Cell114	1	5	3	2
Cell115	1	4	7	1
Cell117	1	7	8	4
Cell118	1	7	8	4
Cell119	1	2	5	8
Cell120	1	2	5	8
Cell121	1	1	3	3
Cell122	1	2	5	8
Cell123	1	7	8	4
Cell124	1	6	2	6
Cell125	1	3	4	7
Cell126	1	4	7	1
Cell127	1	3	4	7
Cell128	1	1	3	3
Cell129	1	6	2	6
Cell130	1	4	7	1
Cell131	1	4	7	1
Cell132	1	4	7	1
Cell133	1	7	8	4
Cell134	1	4	7	1
Cell135	1	6	1	6
Cell136	1	4	7	1
Cell137	1	4	7	1
Cell138	1	5	3	2
Cell139	1	1	3	3
Cell140	1	7	8	4
Cell141	1	8	4	5
Cell142	1	1	3	3
Cell143	1	5	3	2
Cell144	1	5	3	2
Cell145	1	7	8	4
Cell146	1	1	3	3
Cell147	1	7	8	4
Cell148	1	4	7	1
Cell149	1	4	7	1
Cell150	1	1	3	3
Cell151	1	3	4	7
Cell152	1	4	7	1
Cell153	1	6	6	6
Cell154	1	8	4	5
Cell155	1	5	3	2
Cell156	1	7	8	4
Cell157	1	7	8	4
Cell158	1	8	4	5
Cell159	1	5	3	2
Cell160	1	3	4	7
Cell161	1	3	4	7
Cell163	1	7	8	4
Cell164	1	2	5	8
Cell165	1	8	4	5
Cell166	1	6	2	6
Cell167	1	1	3	3
Cell168	1	5	3	2
Cell169	1	6	1	6
Cell170	1	8	4	5
Cell171	1	3	4	7
Cell172	1	6	2	6
Cell173	1	1	3	3
Cell174	1	5	3	2
Cell176	1	2	5	8
Cell177	1	7	8	4
Cell178	1	6	2	6
Cell179	1	7	8	4
Cell180	1	7	8	4
Cell181	1	2	5	8
Cell182	1	4	7	1
Cell183	1	2	5	8
Cell184	1	5	3	2
Cell185	1	3	4	7
Cell186	1	3	4	7
Cell187	1	5	3	2
Cell188	1	5	3	2
Cell189	1	4	7	1
Cell190	1	1	3	3
Cell191	1	8	4	5
Cell192	1	2	5	8
Cell193	1	1	3	3
Cell194	1	2	5	8
Cell196	1	4	7	1
Cell197	1	6	6	6
Cell198	1	3	4	7
Cell199	1	6	1	6
Cell200	1	1	3	3
Cell201	1	2	5	8
Cell202	1	7	8	4
Cell203	1	1	3	3
Cell204	1	1	3	3
Cell205	1	2	5	8
Cell206	1	8	4	5
Cell207	1	5	3	2
Cell208	1	1	3	3
Cell209	1	2	5	8
Cell210	1	3	4	7
Cell211	1	2	5	8
Cell212	1	8	4	5
Cell213	1	7	8	4
Cell214	1	2	5	8
Cell215	1	7	8	4
Cell216	1	6	2	6
Cell217	1	3	4	7
Cell218	1	2	5	8
Cell219	1	1	3	3
Cell220	1	4	7	1
Cell221	1	8	4	5
Cell222	1	7	8	4
Cell223	1	8	4	5
Cell224	1	4	7	1
Cell225	1	5	3	2
Cell226	1	6	6	6
Cell227	1	1	3	3
Cell228	1	3	4	7
Cell229	1	1	3	3
Cell230	1	5	3	2
Cell231	1	5	3	2
Cell232	1	3	4	7
Cell233	1	8	4	5
Cell234	1	5	3	2
Cell235	1	2	5	8
Cell237	1	8	4	5
Cell238	1	2	5	8
Cell239	1	5	3	2
Cell240	1	2	5	8
Cell241	1	7	8	4
Cell242	1	7	8	4
Cell243	1	6	6	6
Cell244	1	7	8	4
Cell245	1	6	2	6
Cell246	1	5	3	2
Cell247	1	3	4	7
Cell248	1	5	3	2
Cell249	1	7	8	4
Cell250	1	2	5	8
Cell251	1	1	3	3
Cell252	1	2	5	8
Cell253	1	2	5	8
Cell254	1	6	1	6
Cell255	1	1	3	3
Cell256	1	8	4	5
Cell257	1	7	8	4
Cell258	1	7	8	4
Cell259	1	3	4	7
Cell260	1	1	3	3
Cell261	1	8	4	5
Cell262	1	3	4	7
Cell263	1	3	4	7
Cell264	1	4	7	1
Cell265	1	3	4	7
Cell267	1	8	4	5
Cell268	1	4	7	1
Cell269	1	8	4	5
Cell270	1	8	4	5
Cell271	1	8	4	5
Cell272	1	3	4	7
Cell273	1	1	3	3
Cell274	1	2	5	8
Cell275	1	8	4	5
Cell276	1	8	4	5
Cell277	1	4	7	1
Cell278	1	3	4	7
Cell279	1	3	4	7
Cell280	1	2	5	8
Cell281	1	6	2	6
Cell283	1	6	2	6
Cell284	1	5	3	2
Cell285	1	3	4	7
Cell286	1	4	7	1
Cell287	1	2	5	8
Cell288	1	7	8	4
Cell289	1	3	4	7
Cell290	1	4	7	1
Cell292	1	3	4	7
Cell293	1	2	5	8
Cell294	1	2	5	8
Cell295	1	3	4	7
Cell297	1	1	3	3
Cell298	1	1	3	3
Cell299	1	1	3	3
Cell300	1	8	4	5
Cell301	1	4	7	1
Cell302	1	1	3	3
Cell303	1	7	8	4
Cell304	1	5	3	2
Cell305	1	1	3	3
Cell306	1	3	4	7
Cell307	1	2	5	8
Cell308	1	4	7	1
Cell309	1	3	4	7
Cell310	1	6	2	6
Cell311	1	5	3	2
Cell312	1	4	7	1
Cell313	1	3	4	7
Cell314	1	7	8	4
Cell315	1	3	4	7
Cell316	1	5	3	2
Cell317	1	3	4	7
Cell318	1	3	4	7
Cell319	1	8	4	5
Cell320	1	2	5	8
Cell321	1	1	3	3
Cell322	1	4	7	1
Cell323	1	4	7	1
Cell324	1	3	4	7
Cell325	1	2	5	8
Cell326	1	4	7	1
Cell327	1	4	7	1
Cell328	1	4	7	1
Cell329	1	1	3	3
Cell330	1	6	1	6
Cell331	1	4	7	1
Cell332	1	3	4	7
Cell334	1	3	4	7
Cell335	1	6	2	6
Cell336	1	2	5	8
Cell338	1	2	5	8
Cell339	1	8	4	5
Cell340	1	4	7	1
Cell341	1	4	7	1
Cell342	1	8	4	5
Cell343	1	3	4	7
Cell344	1	8	4	5
Cell345	1	2	5	8
Cell346	1	3	4	7
Cell347	1	6	6	6
Cell348	1	2	5	8
Cell349	1	2	5	8
Cell350	1	2	5	8
Cell351	1	2	5	8
Cell352	1	5	3	2
Cell353	1	2	5	8
Cell354	1	7	8	4
Cell355	1	4	7	1
Cell356	1	2	5	8
Cell357	1	6	2	6
Cell358	1	7	8	4
Cell359	1	1	3	3
Cell360	1	3	4	7
Cell361	1	1	3	3
Cell362	1	7	8	4
Cell363	1	2	5	8
Cell364	1	3	4	7
Cell365	1	2	5	8
Cell366	1	4	7	1
Cell367	1	1	3	3
Cell368	1	7	8	4
Cell369	1	3	4	7
Cell370	1	7	8	4
Cell371	1	1	3	3
Cell372	1	5	3	2
Cell373	1	7	8	4
Cell374	1	1	3	3
Cell375	1	7	8	4
Cell376	1	3	4	7
Cell377	1	3	4	7
Cell378	1	7	8	4
Cell379	1	6	6	6
Cell380	1	8	4	5
Cell382	1	7	8	4
Cell383	1	6	6	6
Cell384	1	2	5	8
Cell385	1	5	3	2
Cell386	1	1	3	3
Cell387	1	2	5	8
Cell388	1	7	8	4
Cell389	1	6	1	6
Cell391	1	8	4	5
Cell392	1	1	3	3
Cell393	1	1	3	3
Cell394	1	5	3	2
Cell395	1	8	4	5
Cell396	1	4	7	1
Cell397	1	7	8	4
Cell398	1	2	5	8
Cell399	1	3	4	7
Cell400	1	7	8	4
Cell401	1	4	7	1
Cell402	1	7	8	4
Cell403	1	8	4	5
Cell404	1	7	8	4
Cell405	1	5	3	2
Cell406	1	7	8	4
Cell407	1	6	6	6
Cell408	1	4	7	1
Cell409	1	5	3	2
Cell410	1	1	3	3
Cell411	1	3	4	7
Cell412	1	4	7	1
Cell413	1	1	3	3
Cell414	1	8	4	5
Cell415	1	1	3	3
Cell417	1	3	4	7
Cell418	1	2	5	8
Cell419	1	4	7	1
Cell420	1	4	7	1
Cell421	1	3	4	7
Cell422	1	8	4	5
Cell423	1	1	3	3
Cell424	1	1	3	3
Cell425	1	4	7	1
Cell426	1	1	3	3
Cell427	1	2	5	8
Cell428	1	8	4	5
Cell429	1	5	3	2
Cell430	1	2	5	8
Cell431	1	5	3	2
Cell432	1	5	3	2
Cell433	1	7	8	4
Cell434	1	3	4	7
Cell435	1	6	6	6
Cell436	1	3	4	7
Cell437	1	7	8	4
Cell438	1	4	7	1
Cell439	1	6	2	6
Cell440	1	3	4	7
Cell441	1	4	7	1
Cell442	1	1	3	3
Cell443	1	1	3	3
Cell444	1	1	3	3
Cell445	1	1	3	3
Cell446	1	4	7	1
Cell447	1	2	5	8
Cell448	1	2	5	8
Cell449	1	8	4	5
Cell451	1	1	3	3
Cell452	1	2	5	8
Cell453	1	4	7	1
Cell454	1	4	7	1
Cell455	1	2	5	8
Cell456	1	4	7	1
Cell457	1	7	8	4
Cell458	1	6	6	6
Cell459	1	5	3	2
Cell460	1	1	3	3
Cell461	1	3	4	7
Cell462	1	8	4	5
Cell463	1	4	7	1
Cell464	1	1	3	3
Cell465	1	1	3	3
Cell466	1	4	7	1
Cell467	1	1	3	3
Cell468	1	4	7	1
Cell469	1	6	6	6
Cell470	1	4	7	1
Cell471	1	6	2	6
Cell472	1	5	3	2
Cell473	1	1	3	3
Cell474	1	1	3	3
Cell475	1	5	3	2
Cell476	1	7	8	4
Cell477	1	3	4	7
Cell478	1	8	4	5
Cell479	1	3	4	7
Cell480	1	3	4	7
Cell481	1	1	3	3
Cell482	1	8	4	5
Cell483	1	6	2	6
Cell484	1	3	4	7
Cell485	1	8	4	5
Cell486	1	4	7	1
Cell487	1	2	5	8
Cell488	1	2	5	8
Cell489	1	8	4	5
Cell490	1	2	5	8
Cell491	1	4	7	1
Cell492	1	6	6	6
Cell493	1	7	8	4
Cell494	1	6	6	6
Cell495	1	6	6	6
Cell496	1	1	3	3
Cell497	1	2	5	8
Cell498	1	1	3	3
Cell499	1	4	7	1
Cell500	1	7	8	4
Cell501	1	7	8	4
Cell502	1	6	6	6
Cell503	1	7	8	4
Cell504	1	8	4	5
Cell505	1	3	4	7
Cell506	1	4	7	1
Cell507	1	4	7	1
Cell508	1	3	4	7
Cell509	1	3	4	7
Cell510	1	2	5	8
Cell511	1	4	7	1
Cell512	1	4	7	1
Cell513	1	1	3	3
Cell515	1	2	5	8
Cell516	1	4	7	1
Cell517	1	8	4	5
Cell518	1	4	7	1
Cell519	1	8	4	5
Cell520	1	6	1	6
Cell521	1	1	3	3
Cell522	1	5	3	2
Cell523	1	6	6	6
Cell524	1	5	3	2
Cell525	1	5	3	2
Cell526	1	6	1	6
Cell527	1	7	8	4
Cell528	1	8	4	5
Cell529	1	5	3	2
Cell530	1	2	5	8
Cell531	1	6	6	6
Cell532	1	3	4	7
Cell533	1	4	7	1
Cell534	1	2	5	8
Cell535	1	1	3	3
Cell536	1	1	3	3
Cell537	1	1	3	3
Cell538	1	6	1	6
Cell539	1	6	1	6
Cell540	1	2	5	8
Cell541	1	8	4	5
Cell542	1	5	3	2
Cell543	1	5	3	2
Cell544	1	1	3	3
Cell545	1	1	3	3
Cell546	1	8	4	5
Cell547	1	3	4	7
Cell548	1	5	3	2
Cell549	1	5	3	2
Cell550	1	3	4	7
Cell551	1	7	8	4
Cell552	1	7	8	4
Cell553	1	3	4	7
Cell554	1	5	3	2
Cell555	1	5	3	2
Cell556	1	2	5	8
Cell557	1	5	3	2
Cell558	1	3	4	7
Cell559	1	4	7	1
Cell560	1	4	7	1
Cell561	1	6	6	6
Cell562	1	1	3	3
Cell563	1	2	5	8
Cell564	1	6	2	6
Cell565	1	8	4	5
Cell566	1	3	4	7
Cell567	1	5	3	2
Cell568	1	3	4	7
Cell569	1	6	2	6
Cell570	1	2	5	8
Cell571	1	1	3	3
Cell572	1	7	8	4
Cell573	1	1	3	3
Cell575	1	1	3	3
Cell576	1	7	8	4
Cell577	1	1	3	3
Cell578	1	6	1	6
Cell579	1	3	4	7
Cell580	1	5	3	2
Cell581	1	3	4	7
Cell582	1	4	7	1
Cell583	1	7	8	4
Cell585	1	8	4	5
Cell586	1	1	3	3
Cell587	1	3	4	7
Cell588	1	8	4	5
Cell589	1	2	5	8
Cell590	1	5	3	2
Cell591	1	3	4	7
Cell592	1	7	8	4
Cell593	1	7	8	4
Cell594	1	8	4	5
Cell595	1	3	4	7
Cell596	1	2	5	8
Cell597	1	6	6	6
Cell598	1	7	8	4
Cell599	1	2	5	8
Cell600	1	4	7	1
Cell601	1	6	2	6
Cell602	1	1	3	3
Cell603	1	4	7	1
Cell604	1	4	7	1
Cell605	1	5	3	2
Cell606	1	5	3	2
Cell607	1	4	7	1
Cell608	1	6	2	6
Cell609	1	3	4	7
Cell610	1	4	7	1
Cell611	1	1	3	3
Cell612	1	6	2	6
Cell613	1	1	3	3
Cell614	1	1	3	3
Cell615	1	6	2	6
Cell616	1	1	3	3
Cell618	1	7	8	4
Cell619	1	4	7	1
Cell620	1	4	7	1
Cell621	1	5	3	2
Cell622	1	6	6	6
Cell623	1	6	1	6
Cell624	1	3	4	7
Cell625	1	6	1	6
Cell626	1	8	4	5
Cell627	1	6	1	6
Cell628	1	5	3	2
Cell630	1	3	4	7
Cell631	1	2	5	8
Cell632	1	7	8	4
Cell633	1	7	8	4
Cell635	1	3	4	7
Cell636	1	8	4	5
Cell637	1	6	6	6
Cell638	1	4	7	1
Cell639	1	6	6	6
Cell640	1	1	3	3
Cell641	1	1	3	3
Cell642	1	3	4	7
Cell644	1	6	2	6
Cell645	1	7	8	4
Cell646	1	1	3	3
Cell647	1	6	1	6
Cell648	1	5	3	2
Cell649	1	8	4	5
Cell650	1	2	5	8
Cell651	1	5	3	2
Cell652	1	6	6	6
Cell653	1	8	4	5
Cell654	1	5	3	2
Cell655	1	1	3	3
Cell656	1	2	5	8
Cell657	1	3	4	7
Cell658	1	5	3	2
Cell659	1	7	8	4
Cell660	1	7	8	4
Cell661	1	1	3	3
Cell662	1	8	4	5
Cell663	1	3	4	7
Cell664	1	5	3	2
Cell665	1	4	7	1
Cell666	1	4	7	1
Cell667	1	6	2	6
Cell668	1	5	3	2
Cell669	1	6	6	6
Cell670	1	8	4	5
Cell671	1	6	2	6
Cell672	1	2	5	8
Cell673	1	6	1	6
Cell674	1	7	8	4
Cell675	1	3	4	7
Cell676	1	8	4	5
Cell677	1	5	3	2
Cell678	1	5	3	2
Cell679	1	8	4	5
Cell680	1	7	8	4
Cell681	1	3	4	7
Cell682	1	6	6	6
Cell683	1	6	1	6
Cell684	1	8	4	5
Cell686	1	1	3	3
Cell687	1	6	1	6
Cell688	1	2	5	8
Cell689	1	1	3	3
Cell690	1	2	5	8
Cell691	1	6	2	6
Cell692	1	5	3	2
Cell693	1	1	3	3
Cell694	1	3	4	7
Cell695	1	3	4	7
Cell696	1	4	7	1
Cell697	1	3	4	7
Cell698	1	8	4	5
Cell699	1	5	3	2
Cell700	1	1	3	3
Cell701	1	5	3	2
Cell702	1	3	4	7
Cell703	1	6	6	6
Cell704	1	6	2	6
Cell705	1	7	8	4
Cell706	1	2	5	8
Cell707	1	2	5	8
Cell708	1	1	3	3
Cell709	1	5	3	2
Cell710	1	1	3	3
Cell711	1	5	3	2
Cell712	1	1	3	3
Cell713	1	2	5	8
Cell715	1	6	6	6
Cell716	1	5	3	2
Cell717	1	8	4	5
Cell718	1	3	4	7
Cell719	1	1	3	3
Cell720	1	7	8	4
Cell721	1	5	3	2
Cell722	1	6	6	6
Cell725	1	2	5	8
Cell726	1	6	1	6
Cell727	1	2	5	8
Cell728	1	3	4	7
Cell729	1	8	4	5
Cell730	1	5	3	2
Cell731	1	8	4	5
Cell732	1	8	4	5
Cell733	1	8	4	5
Cell734	1	2	5	8
Cell735	1	1	3	3
Cell736	1	4	7	1
Cell737	1	4	7	1
Cell738	1	2	5	8
Cell739	1	5	3	2
Cell740	1	5	3	2
Cell741	1	6	1	6
Cell742	1	7	8	4
Cell743	1	6	1	6
Cell744	1	3	4	7
Cell745	1	3	4	7
Cell746	1	8	4	5
Cell747	1	2	5	8
Cell748	1	7	8	4
Cell749	1	7	8	4
Cell750	1	3	4	7
Cell751	1	1	3	3
Cell752	1	6	1	6
Cell753	1	8	4	5
Cell754	1	2	5	8
Cell756	1	1	3	3
Cell757	1	1	3	3
Cell758	1	4	7	1
Cell759	1	3	4	7
Cell760	1	7	8	4
Cell761	1	7	8	4
Cell762	1	6	6	6
Cell763	1	2	5	8
Cell764	1	6	1	6
Cell765	1	6	1	6
Cell766	1	7	8	4
Cell767	1	3	4	7
Cell768	1	4	7	1
Cell769	1	4	7	1
Cell770	1	4	7	1
Cell771	1	4	7	1
Cell772	1	6	1	6
Cell773	1	5	3	2
Cell774	1	8	4	5
Cell775	1	2	5	8
Cell776	1	7	8	4
Cell777	1	8	4	5
Cell778	1	6	2	6
Cell779	1	2	5	8
Cell780	1	6	2	6
Cell781	1	3	4	7
Cell782	1	7	8	4
Cell783	1	2	5	8
Cell784	1	6	2	6
Cell785	1	1	3	3
Cell786	1	2	5	8
Cell787	1	4	7	1
Cell788	1	7	8	4
Cell789	1	4	7	1
Cell790	1	6	1	6
Cell791	1	6	6	6
Cell794	1	5	3	2
Cell795	1	1	3	3
Cell796	1	5	3	2
Cell797	1	4	7	1
Cell798	1	2	5	8
Cell799	1	6	6	6
Cell800	1	3	4	7
Cell801	1	7	8	4
Cell802	1	1	3	3
Cell803	1	5	3	2
Cell804	1	2	5	8
Cell805	1	6	2	6
Cell806	1	6	2	6
Cell807	1	8	4	5
Cell808	1	1	3	3
Cell809	1	8	4	5
Cell810	1	2	5	8
Cell811	1	7	8	4
Cell812	1	8	4	5
Cell813	1	6	6	6
Cell814	1	6	2	6
Cell815	1	8	4	5
Cell818	1	7	8	4
Cell819	1	3	4	7
Cell820	1	4	7	1
Cell821	1	1	3	3
Cell822	1	1	3	3
Cell823	1	1	3	3
Cell824	1	6	2	6
Cell825	1	8	4	5
Cell826	1	5	3	2
Cell827	1	1	3	3
Cell829	1	3	4	7
Cell830	1	4	7	1
Cell832	1	3	4	7
Cell833	1	3	4	7
Cell834	1	5	3	2
Cell835	1	5	3	2
Cell836	1	8	4	5
Cell837	1	1	3	3
Cell838	1	1	3	3
Cell839	1	2	5	8
Cell840	1	5	3	2
Cell842	1	3	4	7
Cell843	1	5	3	2
Cell844	1	2	5	8
Cell845	1	2	5	8
Cell846	1	4	7	1
Cell847	1	2	5	8
Cell848	1	5	3	2
Cell849	1	3	4	7
Cell850	1	8	4	5
Cell851	1	7	8	4
Cell852	1	4	7	1
Cell853	1	4	7	1
Cell854	1	6	6	6
Cell855	1	4	7	1
Cell856	1	4	7	1
Cell857	1	1	3	3
Cell858	1	7	8	4
Cell859	1	8	4	5
Cell860	1	1	3	3
Cell861	1	7	8	4
Cell862	1	7	8	4
Cell863	1	2	5	8
Cell864	1	4	7	1
Cell866	1	3	4	7
Cell867	1	4	7	1
Cell868	1	3	4	7
Cell869	1	7	8	4
Cell870	1	4	7	1
Cell871	1	6	2	6
Cell872	1	4	7	1
Cell873	1	8	4	5
Cell874	1	6	1	6
Cell875	1	8	4	5
Cell876	1	3	4	7
Cell877	1	1	3	3
Cell878	1	5	3	2
Cell880	1	7	8	4
Cell881	1	6	2	6
Cell882	1	3	4	7
Cell883	1	2	5	8
Cell885	1	3	4	7
Cell886	1	7	8	4
Cell887	1	4	7	1
Cell888	1	5	3	2
Cell889	1	5	3	2
Cell890	1	5	3	2
Cell891	1	6	1	6
Cell892	1	7	8	4
Cell893	1	1	3	3
Cell894	1	4	7	1
Cell895	1	2	5	8
Cell896	1	7	8	4
Cell897	1	2	5	8
Cell898	1	4	7	1
Cell899	1	5	3	2
Cell900	1	3	4	7
Cell901	1	3	4	7
Cell902	1	7	8	4
Cell903	1	2	5	8
Cell904	1	1	3	3
Cell905	1	6	1	6
Cell906	1	6	6	6
Cell907	1	5	3	2
Cell908	1	2	5	8
Cell909	1	5	3	2
Cell910	1	6	6	6
Cell911	1	7	8	4
Cell912	1	1	3	3
Cell914	1	2	5	8
Cell915	1	8	4	5
Cell916	1	3	4	7
Cell917	1	4	7	1
Cell918	1	4	7	1
Cell919	1	5	3	2
Cell920	1	3	4	7
Cell921	1	1	3	3
Cell922	1	5	3	2
Cell923	1	4	7	1
Cell924	1	2	5	8
Cell925	1	5	3	2
Cell926	1	6	6	6
Cell927	1	4	7	1
Cell928	1	2	5	8
Cell929	1	6	6	6
Cell930	1	8	4	5
Cell932	1	7	8	4
Cell933	1	2	5	8
Cell934	1	5	3	2
Cell935	1	1	3	3
Cell936	1	7	8	4
Cell937	1	7	8	4
Cell938	1	2	5	8
Cell939	1	6	6	6
Cell940	1	4	7	1
Cell941	1	3	4	7
Cell942	1	7	8	4
Cell943	1	5	3	2
Cell944	1	5	3	2
Cell945	1	7	8	4
Cell946	1	5	3	2
Cell947	1	8	4	5
Cell948	1	5	3	2
Cell949	1	1	3	3
Cell950	1	1	3	3
Cell951	1	4	7	1
Cell952	1	1	3	3
Cell953	1	4	7	1
Cell954	1	2	5	8
Cell955	1	8	4	5
Cell957	1	5	3	2
Cell958	1	8	4	5
Cell959	1	7	8	4
Cell960	1	7	8	4
Cell961	1	6	1	6
Cell962	1	5	3	2
Cell963	1	2	5	8
Cell964	1	8	4	5
Cell965	1	4	7	1
Cell966	1	4	7	1
Cell967	1	7	8	4
Cell968	1	4	7	1
Cell969	1	7	8	4
Cell970	1	5	3	2
Cell971	1	7	8	4
Cell972	1	7	8	4
Cell974	1	3	4	7
Cell975	1	2	5	8
Cell976	1	3	4	7
Cell978	1	7	8	4
Cell979	1	3	4	7
Cell980	1	1	3	3
Cell981	1	7	8	4
Cell982	1	5	3	2
Cell983	1	4	7	1
Cell984	1	8	4	5
Cell986	1	2	5	8
Cell987	1	2	5	8
Cell988	1	3	4	7
Cell989	1	3	4	7
Cell990	1	4	7	1
Cell991	1	6	2	6
Cell992	1	8	4	5
Cell993	1	8	4	5
Cell995	1	5	3	2
Cell997	1	1	3	3
Cell998	1	6	2	6
Cell999	1	8	4	5
Cell1000	1	1	3	3
Cell1001	1	5	3	2
Cell1003	1	2	5	8
Cell1004	1	7	8	4
Cell1005	1	8	4	5
Cell1006	1	4	7	1
Cell1007	1	8	4	5
Cell1008	1	5	3	2
Cell1010	1	2	5	8
Cell1011	1	4	7	1
Cell1012	1	1	3	3
Cell1013	1	3	4	7
Cell1015	1	8	4	5
Cell1016	1	7	8	4
Cell1017	1	8	4	5
Cell1018	1	6	6	6
Cell1019	1	6	1	6
Cell1020	1	4	7	1
Cell1021	1	4	7	1
Cell1022	1	3	4	7
Cell1023	1	5	3	2
Cell1024	1	6	1	6
Cell1025	1	2	5	8
Cell1026	1	2	5	8
Cell1027	1	2	5	8
Cell1028	1	8	4	5
Cell1029	1	8	4	5
Cell1030	1	5	3	2
Cell1031	1	4	7	1
Cell1032	1	2	5	8
Cell1033	1	6	2	6
Cell1034	1	2	5	8
Cell1035	1	8	4	5
Cell1036	1	3	4	7
Cell1037	1	4	7	1
Cell1038	1	4	7	1
Cell1039	1	3	4	7
Cell1040	1	8	4	5
Cell1041	1	8	4	5
Cell1042	1	5	3	2
Cell1043	1	1	3	3
Cell1044	1	7	8	4
Cell1045	1	5	3	2
Cell1046	1	7	8	4
Cell1047	1	5	3	2
Cell1048	1	8	4	5
Cell1050	1	4	7	1
Cell1052	1	3	4	7
Cell1053	1	2	5	8
Cell1054	1	1	3	3
Cell1055	1	8	4	5
Cell1056	1	2	5	8
Cell1057	1	2	5	8
Cell1059	1	2	5	8
Cell1060	1	2	5	8
Cell1061	1	1	3	3
Cell1062	1	3	4	7
Cell1063	1	1	3	3
Cell1064	1	4	7	1
Cell1065	1	6	6	6
Cell1066	1	8	4	5
Cell1067	1	8	4	5
Cell1068	1	6	1	6
Cell1070	1	1	3	3
Cell1071	1	3	4	7
Cell1072	1	2	5	8
Cell1073	1	8	4	5
Cell1074	1	8	4	5
Cell1075	1	2	5	8
Cell1076	1	2	5	8
Cell1077	1	2	5	8
Cell1078	1	2	5	8
Cell1079	1	8	4	5
Cell1080	1	1	3	3
Cell1081	1	2	5	8
Cell1082	1	2	5	8
Cell1083	1	5	3	2
Cell1084	1	7	8	4
Cell1085	1	7	8	4
Cell1086	1	1	3	3
Cell1087	1	7	8	4
Cell1088	1	1	3	3
Cell1089	1	7	8	4
Cell1090	1	8	4	5
Cell1091	1	8	4	5
Cell1092	1	1	3	3
Cell1093	1	4	7	1
Cell1094	1	2	5	8
Cell1095	1	1	3	3
Cell1096	1	8	4	5
Cell1097	1	4	7	1
Cell1099	1	8	4	5
Cell1100	1	5	3	2
Cell1101	1	3	4	7
Cell1102	1	5	3	2
Cell1103	1	8	4	5
Cell1104	1	3	4	7
Cell1105	1	1	3	3
Cell1106	1	3	4	7
Cell1107	1	1	3	3
Cell1108	1	7	8	4
Cell1109	1	6	6	6
Cell1110	1	8	4	5
Cell1111	1	4	7	1
Cell1112	1	7	8	4
Cell1113	1	5	3	2
Cell1114	1	1	3	3
Cell1115	1	7	8	4
Cell1117	1	6	6	6
Cell1118	1	3	4	7
Cell1119	1	8	4	5
Cell1120	1	3	4	7
Cell1121	1	7	8	4
Cell1122	1	5	3	2
Cell1124	1	1	3	3
Cell1125	1	7	8	4
Cell1126	1	5	3	2
Cell1127	1	5	3	2
Cell1128	1	1	3	3
Cell1129	1	2	5	8
Cell1130	1	3	4	7
Cell1131	1	1	3	3
Cell1132	1	1	3	3
Cell1133	1	1	3	3
Cell1134	1	1	3	3
Cell1135	1	8	4	5
Cell1136	1	1	3	3
Cell1137	1	5	3	2
Cell1138	1	8	4	5
Cell1139	1	5	3	2
Cell1140	1	5	3	2
Cell1141	1	6	2	6
Cell1142	1	6	1	6
Cell1143	1	6	2	6
Cell1144	1	1	3	3
Cell1145	1	6	2	6
Cell1146	1	2	5	8
Cell1147	1	8	4	5
Cell1148	1	4	7	1
Cell1149	1	4	7	1
Cell1150	1	3	4	7
Cell1151	1	7	8	4
Cell1152	1	6	1	6
Cell1153	1	2	5	8
Cell1154	1	2	5	8
Cell1155	1	4	7	1
Cell1156	1	6	6	6
Cell1157	1	1	3	3
Cell1158	1	2	5	8
Cell1159	1	4	7	1
Cell1160	1	4	7	1
Cell1161	1	6	1	6
Cell1162	1	2	5	8
Cell1163	1	3	4	7
Cell1164	1	6	2	6
Cell1165	1	3	4	7
Cell1166	1	3	4	7
Cell1167	1	2	5	8
Cell1168	1	1	3	3
Cell1169	1	8	4	5
Cell1170	1	3	4	7
Cell1171	1	6	6	6
Cell1172	1	5	3	2
Cell1174	1	4	7	1
Cell1175	1	2	5	8
Cell1176	1	5	3	2
Cell1177	1	6	2	6
Cell1178	1	5	3	2
Cell1179	1	6	2	6
Cell1180	1	7	8	4
Cell1181	1	7	8	4
Cell1182	1	1	3	3
Cell1183	1	1	3	3
Cell1184	1	3	4	7
Cell1185	1	3	4	7
Cell1186	1	6	6	6
Cell1187	1	7	8	4
Cell1188	1	6	1	6
Cell1189	1	4	7	1
Cell1190	1	8	4	5
Cell1191	1	8	4	5
Cell1193	1	1	3	3
Cell1194	1	4	7	1
Cell1195	1	6	2	6
Cell1196	1	1	3	3
Cell1197	1	6	1	6
Cell1198	1	6	6	6
Cell1199	1	3	4	7
Cell1200	1	5	3	2
Cell1201	1	2	5	8
Cell1202	1	8	4	5
Cell1203	1	3	4	7
Cell1204	1	5	3	2
Cell1205	1	2	5	8
Cell1206	1	4	7	1
Cell1207	1	4	7	1
Cell1208	1	1	3	3
Cell1209	1	1	3	3
Cell1210	1	7	8	4
Cell1211	1	5	3	2
Cell1212	1	7	8	4
Cell1213	1	4	7	1
Cell1214	1	5	3	2
Cell1215	1	7	8	4
Cell1216	1	7	8	4
Cell1217	1	5	3	2
Cell1218	1	7	8	4
Cell1219	1	6	6	6
Cell1220	1	6	6	6
Cell1221	1	6	2	6
Cell1222	1	4	7	1
Cell1223	1	6	6	6
Cell1224	1	5	3	2
Cell1225	1	3	4	7
Cell1226	1	6	1	6
Cell1227	1	6	2	6
Cell1228	1	3	4	7
Cell1231	1	2	5	8
Cell1232	1	8	4	5
Cell1233	1	6	2	6
Cell1234	1	7	8	4
Cell1235	1	4	7	1
Cell1236	1	3	4	7
Cell1237	1	5	3	2
Cell1238	1	1	3	3
Cell1239	1	2	5	8
Cell1240	1	6	1	6
Cell1241	1	2	5	8
Cell1242	1	4	7	1
Cell1243	1	6	2	6
Cell1244	1	8	4	5
Cell1245	1	2	5	8
Cell1246	1	1	3	3
Cell1247	1	2	5	8
Cell1248	1	8	4	5
Cell1249	1	4	7	1
Cell1250	1	1	3	3
Cell1251	1	6	6	6
Cell1252	1	5	3	2
Cell1253	1	8	4	5
Cell1254	1	6	1	6
Cell1255	1	3	4	7
Cell1256	1	3	4	7
Cell1257	1	2	5	8
Cell1258	1	5	3	2
Cell1259	1	8	4	5
Cell1260	1	6	1	6
Cell1261	1	4	7	1
Cell1262	1	5	3	2
Cell1263	1	4	7	1
Cell1264	1	5	3	2
Cell1265	1	5	3	2
Cell1266	1	1	3	3
Cell1267	1	2	5	8
Cell1268	1	2	5	8
Cell1269	1	6	6	6
Cell1270	1	2	5	8
Cell1271	1	5	3	2
Cell1272	1	8	4	5
Cell1273	1	7	8	4
Cell1274	1	3	4	7
Cell1275	1	5	3	2
Cell1276	1	1	3	3
Cell1277	1	5	3	2
Cell1278	1	4	7	1
Cell1279	1	5	3	2
Cell1280	1	5	3	2
Cell1281	1	1	3	3
Cell1282	1	5	3	2
Cell1283	1	8	4	5
Cell1284	1	4	7	1
Cell1285	1	4	7	1
Cell1286	1	5	3	2
Cell1287	1	4	7	1
Cell1288	1	3	4	7
Cell1289	1	5	3	2
Cell1290	1	2	5	8
Cell1291	1	7	8	4
Cell1292	1	5	3	2
Cell1293	1	4	7	1
Cell1295	1	2	5	8
Cell1296	1	6	1	6
Cell1297	1	4	7	1
Cell1298	1	7	8	4
Cell1299	1	7	8	4
Cell1300	1	3	4	7
Cell1301	1	1	3	3
Cell1302	1	6	2	6
Cell1303	1	7	8	4
Cell1304	1	8	4	5
Cell1305	1	7	8	4
Cell1306	1	7	8	4
Cell1307	1	6	2	6
Cell1308	1	8	4	5
Cell1309	1	2	5	8
Cell1310	1	4	7	1
Cell1311	1	4	7	1
Cell1312	1	3	4	7
Cell1313	1	1	3	3
Cell1314	1	3	4	7
Cell1315	1	8	4	5
Cell1316	1	4	7	1
Cell1317	1	1	3	3
Cell1318	1	6	2	6
Cell1319	1	2	5	8
Cell1320	1	3	4	7
Cell1321	1	1	3	3
Cell1322	1	5	3	2
Cell1323	1	3	4	7
Cell1324	1	3	4	7
Cell1325	1	1	3	3
Cell1326	1	6	6	6
Cell1327	1	3	4	7
Cell1328	1	7	8	4
Cell1329	1	5	3	2
Cell1330	1	1	3	3
Cell1331	1	3	4	7
Cell1332	1	2	5	8
Cell1333	1	1	3	3
Cell1334	1	4	7	1
Cell1336	1	1	3	3
Cell1337	1	4	7	1
Cell1338	1	2	5	8
Cell1339	1	7	8	4
Cell1340	1	7	8	4
Cell1341	1	1	3	3
Cell1342	1	6	1	6
Cell1343	1	8	4	5
Cell1344	1	8	4	5
Cell1345	1	3	4	7
Cell1346	1	4	7	1
Cell1347	1	4	7	1
Cell1348	1	8	4	5
Cell1349	1	7	8	4
Cell1350	1	4	7	1
Cell1351	1	7	8	4
Cell1352	1	1	3	3
Cell1353	1	3	4	7
Cell1354	1	8	4	5
Cell1355	1	4	7	1
Cell1356	1	8	4	5
Cell1357	1	7	8	4
Cell1358	1	6	2	6
Cell1359	1	2	5	8
Cell1360	1	4	7	1
Cell1361	1	1	3	3
Cell1362	1	8	4	5
Cell1363	1	1	3	3
Cell1364	1	7	8	4
Cell1365	1	1	3	3
Cell1366	1	3	4	7
Cell1367	1	6	1	6
Cell1368	1	5	3	2
Cell1369	1	8	4	5
Cell1370	1	1	3	3
Cell1372	1	1	3	3
Cell1373	1	8	4	5
Cell1375	1	8	4	5
Cell1376	1	5	3	2
Cell1377	1	8	4	5
Cell1378	1	8	4	5
Cell1379	1	4	7	1
Cell1380	1	4	7	1
Cell1381	1	8	4	5
Cell1382	1	2	5	8
Cell1383	1	5	3	2
Cell1385	1	2	5	8
Cell1386	1	8	4	5
Cell1387	1	1	3	3
Cell1388	1	4	7	1
Cell1389	1	5	3	2
Cell1390	1	8	4	5
Cell1391	1	6	1	6
Cell1392	1	2	5	8
Cell1393	1	3	4	7
Cell1394	1	6	6	6
Cell1395	1	4	7	1
Cell1396	1	4	7	1
Cell1397	1	5	3	2
Cell1398	1	5	3	2
Cell1399	1	3	4	7
Cell1400	1	2	5	8
Cell1402	1	8	4	5
Cell1403	1	5	3	2
Cell1404	1	8	4	5
Cell1405	1	2	5	8
Cell1406	1	8	4	5
Cell1407	1	3	4	7
Cell1409	1	7	8	4
Cell1410	1	3	4	7
Cell1411	1	4	7	1
Cell1412	1	6	1	6
Cell1413	1	5	3	2
Cell1414	1	8	4	5
Cell1415	1	8	4	5
Cell1416	1	2	5	8
Cell1417	1	2	5	8
Cell1418	1	7	8	4
Cell1419	1	2	5	8
Cell1420	1	3	4	7
Cell1421	1	7	8	4
Cell1422	1	7	8	4
Cell1423	1	2	5	8
Cell1424	1	5	3	2
Cell1425	1	1	3	3
Cell1426	1	8	4	5
Cell1427	1	5	3	2
Cell1428	1	8	4	5
Cell1429	1	4	7	1
Cell1430	1	5	3	2
Cell1431	1	3	4	7
Cell1432	1	5	3	2
Cell1433	1	4	7	1
Cell1434	1	7	8	4
Cell1435	1	3	4	7
Cell1436	1	2	5	8
Cell1437	1	5	3	2
Cell1438	1	7	8	4
Cell1439	1	3	4	7
Cell1440	1	2	5	8
Cell1441	1	8	4	5
Cell1442	1	4	7	1
Cell1443	1	5	3	2
Cell1444	1	2	5	8
Cell1445	1	8	4	5
Cell1446	1	4	7	1
Cell1447	1	1	3	3
Cell1448	1	4	7	1
Cell1449	1	4	7	1
Cell1450	1	6	1	6
Cell1452	1	7	8	4
Cell1453	1	3	4	7
Cell1454	1	6	2	6
Cell1455	1	4	7	1
Cell1456	1	6	1	6
Cell1457	1	3	4	7
Cell1458	1	3	4	7
Cell1459	1	5	3	2
Cell1460	1	8	4	5
Cell1461	1	6	2	6
Cell1462	1	6	6	6
Cell1463	1	6	1	6
Cell1464	1	3	4	7
Cell1465	1	2	5	8
Cell1466	1	3	4	7
Cell1468	1	3	4	7
Cell1469	1	6	1	6
Cell1470	1	3	4	7
Cell1471	1	6	2	6
Cell1472	1	2	5	8
Cell1473	1	4	7	1
Cell1474	1	1	3	3
Cell1475	1	5	3	2
Cell1476	1	3	4	7
Cell1477	1	6	2	6
Cell1478	1	4	7	1
Cell1479	1	6	2	6
Cell1480	1	7	8	4
Cell1481	1	5	3	2
Cell1482	1	4	7	1
Cell1483	1	5	3	2
Cell1484	1	5	3	2
Cell1485	1	3	4	7
Cell1486	1	6	1	6
Cell1487	1	2	5	8
Cell1488	1	3	4	7
Cell1489	1	7	8	4
Cell1490	1	2	5	8
Cell1491	1	5	3	2
Cell1492	1	2	5	8
Cell1493	1	5	3	2
Cell1496	1	6	6	6
Cell1497	1	4	7	1
Cell1498	1	7	8	4
Cell1499	1	6	2	6
Cell1500	1	8	4	5
Cell1501	1	2	5	8
Cell1502	1	8	4	5
Cell1503	1	1	3	3
Cell1504	1	8	4	5
Cell1506	1	3	4	7
Cell1507	1	8	4	5
Cell1508	1	4	7	1
Cell1509	1	1	3	3
Cell1510	1	1	3	3
Cell1511	1	1	3	3
Cell1512	1	8	4	5
Cell1513	1	4	7	1
Cell1514	1	5	3	2
Cell1515	1	4	7	1
Cell1516	1	4	7	1
Cell1517	1	5	3	2
Cell1518	1	3	4	7
Cell1519	1	7	8	4
Cell1520	1	2	5	8
Cell1521	1	1	3	3
Cell1522	1	7	8	4
Cell1523	1	4	7	1
Cell1524	1	6	2	6
Cell1525	1	6	1	6
Cell1526	1	7	8	4
Cell1527	1	1	3	3
Cell1528	1	3	4	7
Cell1529	1	7	8	4
Cell1530	1	6	6	6
Cell1531	1	6	6	6
Cell1532	1	2	5	8
Cell1533	1	3	4	7
Cell1534	1	6	2	6
Cell1535	1	2	5	8
Cell1536	1	3	4	7
Cell1537	1	7	8	4
Cell1538	1	3	4	7
Cell1539	1	1	3	3
Cell1540	1	4	7	1
Cell1541	1	2	5	8
Cell1542	1	3	4	7
Cell1543	1	5	3	2
Cell1544	1	1	3	3
Cell1545	1	3	4	7
Cell1546	1	5	3	2
Cell1547	1	6	6	6
Cell1548	1	1	3	3
Cell1549	1	7	8	4
Cell1550	1	8	4	5
Cell1551	1	7	8	4
Cell1552	1	7	8	4
Cell1553	1	8	4	5
Cell1554	1	6	6	6
Cell1555	1	1	3	3
Cell1556	1	5	3	2
Cell1557	1	6	6	6
Cell1558	1	1	3	3
Cell1559	1	5	3	2
Cell1560	1	8	4	5
Cell1561	1	7	8	4
Cell1562	1	1	3	3
Cell1563	1	1	3	3
Cell1564	1	7	8	4
Cell1565	1	4	7	1
Cell1566	1	6	2	6
Cell1567	1	1	3	3
Cell1568	1	4	7	1
Cell1569	1	1	3	3
Cell1570	1	4	7	1
Cell1571	1	6	6	6
Cell1572	1	3	4	7
Cell1573	1	4	7	1
Cell1574	1	6	6	6
Cell1575	1	6	1	6
Cell1576	1	2	5	8
Cell1577	1	3	4	7
Cell1578	1	8	4	5
Cell1579	1	4	7	1
Cell1580	1	5	3	2
Cell1581	1	6	2	6
Cell1582	1	8	4	5
Cell1583	1	5	3	2
Cell1584	1	3	4	7
Cell1585	1	1	3	3
Cell1586	1	7	8	4
Cell1588	1	1	3	3
Cell1589	1	7	8	4
Cell1590	1	6	2	6
Cell1592	1	6	1	6
Cell1593	1	6	6	6
Cell1594	1	4	7	1
Cell1595	1	8	4	5
Cell1596	1	5	3	2
Cell1597	1	5	3	2
Cell1598	1	8	4	5
Cell1599	1	1	3	3
Cell1600	1	2	5	8
Cell1601	1	3	4	7
Cell1602	1	8	4	5
Cell1603	1	3	4	7
Cell1604	1	7	8	4
Cell1605	1	3	4	7
Cell1606	1	4	7	1
Cell1608	1	2	5	8
Cell1609	1	4	7	1
Cell1610	1	4	7	1
Cell1611	1	6	6	6
Cell1612	1	3	4	7
Cell1613	1	6	2	6
Cell1614	1	4	7	1
Cell1615	1	4	7	1
Cell1616	1	1	3	3
Cell1617	1	1	3	3
Cell1618	1	6	6	6
Cell1619	1	7	8	4
Cell1620	1	1	3	3
Cell1621	1	2	5	8
Cell1622	1	8	4	5
Cell1623	1	5	3	2
Cell1624	1	2	5	8
Cell1625	1	6	1	6
Cell1626	1	8	4	5
Cell1627	1	2	5	8
Cell1628	1	5	3	2
Cell1629	1	2	5	8
Cell1631	1	6	2	6
Cell1632	1	4	7	1
Cell1633	1	5	3	2
Cell1634	1	2	5	8
Cell1635	1	8	4	5
Cell1637	1	7	8	4
Cell1638	1	6	6	6
Cell1639	1	2	5	8
Cell1640	1	3	4	7
Cell1641	1	7	8	4
Cell1642	1	2	5	8
Cell1643	1	3	4	7
Cell1644	1	6	6	6
Cell1645	1	7	8	4
Cell1646	1	1	3	3
Cell1647	1	3	4	7
Cell1648	1	8	4	5
Cell1649	1	1	3	3
Cell1650	1	2	5	8
Cell1651	1	7	8	4
Cell1652	1	4	7	1
Cell1653	1	1	3	3
Cell1654	1	5	3	2
Cell1655	1	4	7	1
Cell1656	1	3	4	7
Cell1657	1	2	5	8
Cell1658	1	3	4	7
Cell1659	1	3	4	7
Cell1660	1	4	7	1
Cell1661	1	3	4	7
Cell1662	1	8	4	5
Cell1663	1	5	3	2
Cell1664	1	7	8	4
Cell1665	1	3	4	7
Cell1666	1	8	4	5
Cell1667	1	4	7	1
Cell1668	1	7	8	4
Cell1669	1	2	5	8
Cell1670	1	1	3	3
Cell1672	1	5	3	2
Cell1673	1	8	4	5
Cell1674	1	3	4	7
Cell1675	1	2	5	8
Cell1676	1	3	4	7
Cell1677	1	3	4	7
Cell1678	1	5	3	2
Cell1679	1	6	6	6
Cell1680	1	4	7	1
Cell1681	1	4	7	1
Cell1682	1	1	3	3
Cell1683	1	4	7	1
Cell1684	1	5	3	2
Cell1685	1	1	3	3
Cell1686	1	4	7	1
Cell1687	1	8	4	5
Cell1688	1	5	3	2
Cell1689	1	3	4	7
Cell1690	1	3	4	7
Cell1691	1	6	1	6
Cell1692	1	4	7	1
Cell1693	1	3	4	7
Cell1694	1	1	3	3
Cell1696	1	7	8	4
Cell1697	1	5	3	2
Cell1698	1	5	3	2
Cell1699	1	8	4	5
Cell1700	1	6	6	6
Cell1701	1	5	3	2
Cell1702	1	3	4	7
Cell1703	1	7	8	4
Cell1704	1	5	3	2
Cell1705	1	1	3	3
Cell1706	1	3	4	7
Cell1707	1	3	4	7
Cell1708	1	7	8	4
Cell1709	1	1	3	3
Cell1710	1	2	5	8
Cell1711	1	2	5	8
Cell1712	1	5	3	2
Cell1714	1	2	5	8
Cell1716	1	3	4	7
Cell1717	1	2	5	8
Cell1718	1	1	3	3
Cell1719	1	7	8	4
Cell1720	1	5	3	2
Cell1721	1	1	3	3
Cell1722	1	8	4	5
Cell1723	1	5	3	2
Cell1725	1	6	6	6
Cell1726	1	3	4	7
Cell1727	1	2	5	8
Cell1728	1	7	8	4
Cell1729	1	4	7	1
Cell1730	1	4	7	1
Cell1731	1	8	4	5
Cell1732	1	6	1	6
Cell1733	1	5	3	2
Cell1734	1	2	5	8
Cell1735	1	3	4	7
Cell1736	1	1	3	3
Cell1737	1	8	4	5
Cell1738	1	7	8	4
Cell1739	1	1	3	3
Cell1740	1	8	4	5
Cell1741	1	6	1	6
Cell1742	1	7	8	4
Cell1743	1	4	7	1
Cell1744	1	7	8	4
Cell1745	1	3	4	7
Cell1746	1	2	5	8
Cell1747	1	3	4	7
Cell1748	1	1	3	3
Cell1749	1	4	7	1
Cell1750	1	2	5	8
Cell1751	1	7	8	4
Cell1752	1	6	2	6
Cell1753	1	7	8	4
Cell1754	1	2	5	8
Cell1755	1	5	3	2
Cell1756	1	7	8	4
Cell1757	1	1	3	3
Cell1758	1	2	5	8
Cell1759	1	1	3	3
Cell1760	1	2	5	8
Cell1761	1	1	3	3
Cell1762	1	5	3	2
Cell1763	1	5	3	2
Cell1764	1	6	1	6
Cell1765	1	6	2	6
Cell1766	1	7	8	4
Cell1767	1	2	5	8
Cell1768	1	7	8	4
Cell1769	1	4	7	1
Cell1770	1	8	4	5
Cell1771	1	7	8	4
Cell1772	1	3	4	7
Cell1773	1	4	7	1
Cell1775	1	8	4	5
Cell1777	1	6	1	6
Cell1778	1	6	6	6
Cell1779	1	1	3	3
Cell1780	1	2	5	8
Cell1781	1	3	4	7
Cell1782	1	4	7	1
Cell1783	1	7	8	4
Cell1784	1	2	5	8
Cell1785	1	6	1	6
Cell1786	1	1	3	3
Cell1787	1	5	3	2
Cell1789	1	3	4	7
Cell1790	1	2	5	8
Cell1792	1	5	3	2
Cell1793	1	2	5	8
Cell1794	1	4	7	1
Cell1795	1	6	2	6
Cell1796	1	7	8	4
Cell1797	1	5	3	2
Cell1798	1	5	3	2
Cell1799	1	7	8	4
Cell1800	1	4	7	1
Cell1801	1	5	3	2
Cell1802	1	6	6	6
Cell1803	1	7	8	4
Cell1804	1	2	5	8
Cell1805	1	3	4	7
Cell1806	1	7	8	4
Cell1807	1	2	5	8
Cell1808	1	4	7	1
Cell1809	1	7	8	4
Cell1810	1	8	4	5
Cell1811	1	6	2	6
Cell1812	1	7	8	4
Cell1813	1	4	7	1
Cell1814	1	5	3	2
Cell1815	1	2	5	8
Cell1816	1	7	8	4
Cell1817	1	7	8	4
Cell1818	1	2	5	8
Cell1819	1	7	8	4
Cell1820	1	7	8	4
Cell1821	1	4	7	1
Cell1822	1	8	4	5
Cell1823	1	8	4	5
Cell1824	1	5	3	2
Cell1825	1	3	4	7
Cell1826	1	1	3	3
Cell1827	1	4	7	1
Cell1828	1	8	4	5
Cell1829	1	5	3	2
Cell1830	1	7	8	4
Cell1831	1	1	3	3
Cell1832	1	5	3	2
Cell1833	1	3	4	7
Cell1834	1	3	4	7
Cell1835	1	1	3	3
Cell1836	1	2	5	8
Cell1837	1	2	5	8
Cell1838	1	3	4	7
Cell1839	1	3	4	7
Cell1840	1	2	5	8
Cell1841	1	8	4	5
Cell1843	1	7	8	4
Cell1844	1	6	1	6
Cell1845	1	1	3	3
Cell1846	1	7	8	4
Cell1847	1	5	3	2
Cell1848	1	7	8	4
Cell1849	1	3	4	7
Cell1850	1	2	5	8
Cell1851	1	1	3	3
Cell1852	1	6	6	6
Cell1853	1	8	4	5
Cell1855	1	3	4	7
Cell1856	1	1	3	3
Cell1857	1	1	3	3
Cell1858	1	1	3	3
Cell1859	1	8	4	5
Cell1860	1	1	3	3
Cell1861	1	1	3	3
Cell1862	1	6	2	6
Cell1864	1	5	3	2
Cell1865	1	4	7	1
Cell1866	1	2	5	8
Cell1867	1	2	5	8
Cell1868	1	4	7	1
Cell1869	1	6	6	6
Cell1870	1	7	8	4
Cell1871	1	8	4	5
Cell1872	1	3	4	7
Cell1873	1	1	3	3
Cell1874	1	7	8	4
Cell1875	1	3	4	7
Cell1876	1	4	7	1
Cell1877	1	3	4	7
Cell1878	1	2	5	8
Cell1879	1	1	3	3
Cell1880	1	2	5	8
Cell1881	1	4	7	1
Cell1883	1	2	5	8
Cell1884	1	1	3	3
Cell1885	1	2	5	8
Cell1887	1	1	3	3
Cell1888	1	5	3	2
Cell1889	1	2	5	8
Cell1890	1	6	2	6
Cell1891	1	1	3	3
Cell1892	1	7	8	4
Cell1893	1	1	3	3
Cell1894	1	3	4	7
Cell1895	1	3	4	7
Cell1896	1	4	7	1
Cell1897	1	3	4	7
Cell1898	1	8	4	5
Cell1899	1	2	5	8
Cell1900	1	5	3	2
Cell1901	1	2	5	8
Cell1902	1	1	3	3
Cell1903	1	1	3	3
Cell1904	1	3	4	7
Cell1906	1	8	4	5
Cell1907	1	1	3	3
Cell1908	1	7	8	4
Cell1909	1	3	4	7
Cell1911	1	8	4	5
Cell1912	1	1	3	3
Cell1913	1	5	3	2
Cell1914	1	2	5	8
Cell1915	1	2	5	8
Cell1916	1	3	4	7
Cell1917	1	6	1	6
Cell1918	1	1	3	3
Cell1919	1	4	7	1
Cell1920	1	1	3	3
Cell1921	1	4	7	1
Cell1922	1	5	3	2
Cell1923	1	5	3	2
Cell1924	1	2	5	8
Cell1925	1	3	4	7
Cell1926	1	1	3	3
Cell1927	1	2	5	8
Cell1928	1	4	7	1
Cell1929	1	1	3	3
Cell1930	1	5	3	2
Cell1931	1	1	3	3
Cell1932	1	1	3	3
Cell1933	1	7	8	4
Cell1934	1	2	5	8
Cell1935	1	5	3	2
Cell1936	1	5	3	2
Cell1937	1	2	5	8
Cell1938	1	4	7	1
Cell1939	1	1	3	3
Cell1940	1	7	8	4
Cell1941	1	5	3	2
Cell1942	1	4	7	1
Cell1943	1	1	3	3
Cell1944	1	5	3	2
Cell1945	1	3	4	7
Cell1946	1	8	4	5
Cell1947	1	5	3	2
Cell1948	1	2	5	8
Cell1949	1	3	4	7
Cell1950	1	8	4	5
Cell1951	1	8	4	5
Cell1952	1	3	4	7
Cell1953	1	8	4	5
Cell1954	1	7	8	4
Cell1955	1	3	4	7
Cell1956	1	2	5	8
Cell1957	1	4	7	1
Cell1958	1	8	4	5
Cell1959	1	7	8	4
Cell1960	1	8	4	5
Cell1961	1	5	3	2
Cell1962	1	4	7	1
Cell1963	1	5	3	2
Cell1966	1	6	6	6
Cell1967	1	7	8	4
Cell1968	1	3	4	7
Cell1969	1	4	7	1
Cell1970	1	4	7	1
Cell1971	1	3	4	7
Cell1973	1	5	3	2
Cell1974	1	1	3	3
Cell1975	1	8	4	5
Cell1976	1	1	3	3
Cell1977	1	1	3	3
Cell1978	1	3	4	7
Cell1979	1	6	2	6
Cell1980	1	7	8	4
Cell1981	1	4	7	1
Cell1982	1	7	8	4
Cell1983	1	6	1	6
Cell1984	1	4	7	1
Cell1985	1	3	4	7
Cell1986	1	3	4	7
Cell1987	1	2	5	8
Cell1988	1	5	3	2
Cell1989	1	2	5	8
Cell1990	1	7	8	4
Cell1991	1	5	3	2
Cell1992	1	7	8	4
Cell1993	1	5	3	2
Cell1994	1	1	3	3
Cell1995	1	6	1	6
Cell1996	1	2	5	8
Cell1997	1	7	8	4
Cell1998	1	2	5	8
Cell1999	1	6	2	6
Cell2000	1	7	8	4
