ID	did	seurat_cluster	kmeans_cluster	labels
Cell1	1	1	2	1
Cell2	1	6	2	1
Cell3	1	9	1	2
Cell4	1	3	1	2
Cell5	1	4	2	1
Cell6	1	8	1	2
Cell7	1	3	1	2
Cell8	1	4	2	1
Cell9	1	1	2	1
Cell10	1	1	2	1
Cell11	1	3	1	2
Cell12	1	9	1	2
Cell13	1	10	1	2
Cell15	1	7	1	2
Cell16	1	2	2	1
Cell17	1	2	2	1
Cell18	1	3	1	2
Cell19	1	8	1	2
Cell20	1	8	1	2
Cell21	1	3	1	2
Cell22	1	10	1	2
Cell23	1	11	2	1
Cell24	1	9	1	2
Cell25	1	5	1	2
Cell26	1	10	1	2
Cell27	1	2	2	1
Cell28	1	2	2	1
Cell29	1	5	1	2
Cell30	1	1	2	1
Cell31	1	9	1	2
Cell32	1	3	1	2
Cell33	1	8	1	2
Cell34	1	8	1	2
Cell35	1	5	1	2
Cell36	1	3	1	2
Cell37	1	6	2	1
Cell38	1	5	1	2
Cell39	1	7	1	2
Cell40	1	7	1	2
Cell41	1	2	2	1
Cell42	1	10	1	2
Cell43	1	6	2	1
Cell44	1	2	2	1
Cell45	1	2	2	1
Cell46	1	8	1	2
Cell47	1	11	2	1
Cell48	1	11	2	1
Cell49	1	1	2	1
Cell50	1	2	2	1
Cell51	1	6	2	1
Cell52	1	1	2	1
Cell53	1	1	2	1
Cell54	1	2	2	1
Cell55	1	6	2	1
Cell56	1	3	1	2
Cell57	1	6	2	1
Cell58	1	4	2	1
Cell59	1	8	1	2
Cell60	1	6	2	1
Cell61	1	11	2	1
Cell62	1	7	1	2
Cell63	1	6	2	1
Cell64	1	5	1	2
Cell65	1	9	1	2
Cell66	1	7	1	2
Cell67	1	2	2	1
Cell68	1	10	1	2
Cell69	1	7	1	2
Cell70	1	1	2	1
Cell71	1	7	1	2
Cell72	1	7	1	2
Cell73	1	6	2	1
Cell75	1	5	1	2
Cell76	1	1	2	1
Cell77	1	2	2	1
Cell78	1	4	2	1
Cell79	1	9	1	2
Cell80	1	3	1	2
Cell81	1	2	2	1
Cell82	1	2	2	1
Cell83	1	2	2	1
Cell84	1	7	1	2
Cell85	1	3	1	2
Cell86	1	4	2	1
Cell87	1	1	2	1
Cell88	1	2	2	1
Cell89	1	4	2	1
Cell90	1	7	1	2
Cell91	1	2	2	1
Cell92	1	4	2	1
Cell93	1	1	2	1
Cell94	1	6	2	1
Cell95	1	6	2	1
Cell96	1	5	1	2
Cell97	1	6	2	1
Cell98	1	11	2	1
Cell99	1	10	1	2
Cell100	1	4	2	1
Cell101	1	1	2	1
Cell102	1	11	2	1
Cell103	1	3	1	2
Cell104	1	7	1	2
Cell105	1	6	2	1
Cell106	1	5	1	2
Cell107	1	7	1	2
Cell108	1	8	1	2
Cell109	1	7	1	2
Cell110	1	5	1	2
Cell111	1	7	1	2
Cell112	1	3	1	2
Cell113	1	10	1	2
Cell114	1	5	1	2
Cell115	1	4	2	1
Cell116	1	6	2	1
Cell118	1	7	1	2
Cell119	1	6	2	1
Cell120	1	2	2	1
Cell121	1	3	1	2
Cell122	1	4	2	1
Cell123	1	3	1	2
Cell124	1	4	2	1
Cell125	1	1	2	1
Cell126	1	1	2	1
Cell127	1	4	2	1
Cell128	1	3	1	2
Cell130	1	6	2	1
Cell131	1	1	2	1
Cell132	1	1	2	1
Cell133	1	5	1	2
Cell135	1	1	2	1
Cell136	1	6	2	1
Cell137	1	2	2	1
Cell138	1	5	1	2
Cell139	1	8	1	2
Cell140	1	7	1	2
Cell141	1	3	1	2
Cell142	1	3	1	2
Cell144	1	3	1	2
Cell145	1	8	1	2
Cell146	1	10	1	2
Cell147	1	5	1	2
Cell148	1	2	2	1
Cell149	1	1	2	1
Cell150	1	5	1	2
Cell151	1	1	2	1
Cell152	1	4	2	1
Cell153	1	6	2	1
Cell154	1	3	1	2
Cell155	1	10	1	2
Cell156	1	8	1	2
Cell157	1	5	1	2
Cell158	1	3	1	2
Cell159	1	7	1	2
Cell160	1	11	2	1
Cell162	1	7	1	2
Cell163	1	5	1	2
Cell164	1	11	2	1
Cell165	1	8	1	2
Cell166	1	11	2	1
Cell167	1	3	1	2
Cell168	1	5	1	2
Cell169	1	4	2	1
Cell170	1	5	1	2
Cell171	1	6	2	1
Cell172	1	2	2	1
Cell173	1	8	1	2
Cell174	1	7	1	2
Cell175	1	8	1	2
Cell176	1	1	2	1
Cell177	1	8	1	2
Cell178	1	4	2	1
Cell179	1	3	1	2
Cell180	1	5	1	2
Cell181	1	1	2	1
Cell182	1	4	2	1
Cell183	1	2	2	1
Cell184	1	3	1	2
Cell186	1	6	2	1
Cell187	1	9	1	2
Cell188	1	7	1	2
Cell189	1	4	2	1
Cell190	1	10	1	2
Cell191	1	3	1	2
Cell192	1	4	2	1
Cell193	1	3	1	2
Cell194	1	6	2	1
Cell195	1	2	2	1
Cell196	1	4	2	1
Cell197	1	6	2	1
Cell198	1	1	2	1
Cell199	1	6	2	1
Cell200	1	7	1	2
Cell201	1	11	2	1
Cell202	1	8	1	2
Cell203	1	9	1	2
Cell204	1	3	1	2
Cell205	1	1	2	1
Cell206	1	8	1	2
Cell207	1	8	1	2
Cell208	1	8	1	2
Cell210	1	1	2	1
Cell211	1	1	2	1
Cell212	1	10	1	2
Cell213	1	8	1	2
Cell215	1	8	1	2
Cell216	1	4	2	1
Cell217	1	6	2	1
Cell218	1	4	2	1
Cell219	1	3	1	2
Cell220	1	2	2	1
Cell221	1	10	1	2
Cell222	1	10	1	2
Cell223	1	5	1	2
Cell225	1	3	1	2
Cell226	1	1	2	1
Cell227	1	10	1	2
Cell228	1	1	2	1
Cell229	1	3	1	2
Cell230	1	3	1	2
Cell231	1	3	1	2
Cell232	1	6	2	1
Cell233	1	8	1	2
Cell234	1	8	1	2
Cell235	1	1	2	1
Cell236	1	5	1	2
Cell237	1	3	1	2
Cell238	1	1	2	1
Cell239	1	3	1	2
Cell240	1	2	2	1
Cell241	1	7	1	2
Cell242	1	10	1	2
Cell243	1	1	2	1
Cell244	1	9	1	2
Cell245	1	11	2	1
Cell246	1	5	1	2
Cell247	1	6	2	1
Cell248	1	10	1	2
Cell249	1	10	1	2
Cell250	1	2	2	1
Cell251	1	3	1	2
Cell252	1	2	2	1
Cell253	1	11	2	1
Cell254	1	1	2	1
Cell256	1	7	1	2
Cell257	1	8	1	2
Cell258	1	7	1	2
Cell259	1	4	2	1
Cell260	1	3	1	2
Cell261	1	10	1	2
Cell262	1	6	2	1
Cell263	1	6	2	1
Cell264	1	1	2	1
Cell265	1	11	2	1
Cell266	1	1	2	1
Cell267	1	3	1	2
Cell268	1	1	2	1
Cell269	1	7	1	2
Cell270	1	3	1	2
Cell271	1	9	1	2
Cell272	1	2	2	1
Cell273	1	3	1	2
Cell274	1	2	2	1
Cell275	1	10	1	2
Cell276	1	9	1	2
Cell277	1	6	2	1
Cell278	1	6	2	1
Cell279	1	4	2	1
Cell280	1	1	2	1
Cell281	1	2	2	1
Cell282	1	8	1	2
Cell283	1	6	2	1
Cell284	1	5	1	2
Cell285	1	2	2	1
Cell286	1	4	2	1
Cell287	1	2	2	1
Cell288	1	10	1	2
Cell289	1	6	2	1
Cell290	1	2	2	1
Cell291	1	1	2	1
Cell294	1	1	2	1
Cell295	1	2	2	1
Cell296	1	9	1	2
Cell297	1	9	1	2
Cell298	1	3	1	2
Cell299	1	7	1	2
Cell300	1	3	1	2
Cell301	1	1	2	1
Cell302	1	3	1	2
Cell303	1	3	1	2
Cell304	1	3	1	2
Cell305	1	3	1	2
Cell306	1	4	2	1
Cell307	1	11	2	1
Cell308	1	1	2	1
Cell309	1	6	2	1
Cell310	1	4	2	1
Cell311	1	3	1	2
Cell312	1	6	2	1
Cell313	1	4	2	1
Cell314	1	9	1	2
Cell315	1	4	2	1
Cell318	1	4	2	1
Cell319	1	9	1	2
Cell320	1	1	2	1
Cell321	1	8	1	2
Cell322	1	6	2	1
Cell323	1	6	2	1
Cell324	1	6	2	1
Cell325	1	2	2	1
Cell326	1	6	2	1
Cell327	1	1	2	1
Cell329	1	3	1	2
Cell330	1	6	2	1
Cell332	1	1	2	1
Cell333	1	1	2	1
Cell334	1	6	2	1
Cell335	1	2	2	1
Cell336	1	1	2	1
Cell337	1	4	2	1
Cell338	1	4	2	1
Cell339	1	5	1	2
Cell340	1	6	2	1
Cell342	1	8	1	2
Cell343	1	4	2	1
Cell344	1	3	1	2
Cell345	1	2	2	1
Cell346	1	1	2	1
Cell347	1	2	2	1
Cell348	1	6	2	1
Cell349	1	4	2	1
Cell350	1	2	2	1
Cell351	1	2	2	1
Cell352	1	3	1	2
Cell353	1	2	2	1
Cell354	1	5	1	2
Cell355	1	11	2	1
Cell356	1	6	2	1
Cell357	1	2	2	1
Cell358	1	5	1	2
Cell359	1	7	1	2
Cell360	1	1	2	1
Cell361	1	3	1	2
Cell362	1	10	1	2
Cell363	1	1	2	1
Cell364	1	4	2	1
Cell366	1	6	2	1
Cell367	1	9	1	2
Cell368	1	5	1	2
Cell369	1	6	2	1
Cell370	1	8	1	2
Cell371	1	5	1	2
Cell372	1	8	1	2
Cell373	1	8	1	2
Cell374	1	3	1	2
Cell375	1	9	1	2
Cell376	1	4	2	1
Cell377	1	4	2	1
Cell378	1	7	1	2
Cell380	1	8	1	2
Cell381	1	2	2	1
Cell382	1	7	1	2
Cell383	1	6	2	1
Cell385	1	5	1	2
Cell386	1	3	1	2
Cell387	1	6	2	1
Cell388	1	8	1	2
Cell389	1	1	2	1
Cell390	1	2	2	1
Cell391	1	5	1	2
Cell392	1	8	1	2
Cell393	1	5	1	2
Cell394	1	3	1	2
Cell395	1	3	1	2
Cell396	1	11	2	1
Cell397	1	5	1	2
Cell398	1	4	2	1
Cell399	1	1	2	1
Cell400	1	10	1	2
Cell401	1	6	2	1
Cell402	1	5	1	2
Cell403	1	5	1	2
Cell404	1	3	1	2
Cell405	1	7	1	2
Cell406	1	5	1	2
Cell407	1	4	2	1
Cell408	1	1	2	1
Cell409	1	5	1	2
Cell410	1	9	1	2
Cell411	1	11	2	1
Cell412	1	4	2	1
Cell414	1	5	1	2
Cell415	1	3	1	2
Cell416	1	9	1	2
Cell417	1	4	2	1
Cell418	1	1	2	1
Cell419	1	1	2	1
Cell420	1	1	2	1
Cell421	1	6	2	1
Cell422	1	3	1	2
Cell423	1	7	1	2
Cell424	1	9	1	2
Cell425	1	6	2	1
Cell426	1	3	1	2
Cell427	1	1	2	1
Cell428	1	7	1	2
Cell429	1	9	1	2
Cell430	1	4	2	1
Cell432	1	7	1	2
Cell433	1	7	1	2
Cell434	1	6	2	1
Cell435	1	2	2	1
Cell436	1	1	2	1
Cell437	1	7	1	2
Cell438	1	11	2	1
Cell439	1	2	2	1
Cell440	1	1	2	1
Cell441	1	6	2	1
Cell442	1	5	1	2
Cell443	1	7	1	2
Cell444	1	3	1	2
Cell445	1	7	1	2
Cell446	1	6	2	1
Cell447	1	2	2	1
Cell448	1	11	2	1
Cell449	1	5	1	2
Cell450	1	6	2	1
Cell451	1	7	1	2
Cell452	1	2	2	1
Cell453	1	4	2	1
Cell454	1	2	2	1
Cell455	1	2	2	1
Cell457	1	9	1	2
Cell458	1	1	2	1
Cell459	1	3	1	2
Cell460	1	5	1	2
Cell461	1	2	2	1
Cell462	1	5	1	2
Cell463	1	1	2	1
Cell464	1	10	1	2
Cell465	1	7	1	2
Cell466	1	1	2	1
Cell467	1	10	1	2
Cell468	1	2	2	1
Cell469	1	2	2	1
Cell470	1	2	2	1
Cell471	1	4	2	1
Cell472	1	9	1	2
Cell474	1	10	1	2
Cell475	1	5	1	2
Cell476	1	9	1	2
Cell478	1	3	1	2
Cell479	1	2	2	1
Cell480	1	6	2	1
Cell481	1	5	1	2
Cell482	1	3	1	2
Cell483	1	2	2	1
Cell484	1	2	2	1
Cell486	1	2	2	1
Cell487	1	6	2	1
Cell488	1	1	2	1
Cell489	1	3	1	2
Cell490	1	11	2	1
Cell491	1	4	2	1
Cell492	1	2	2	1
Cell493	1	5	1	2
Cell495	1	1	2	1
Cell497	1	6	2	1
Cell498	1	9	1	2
Cell499	1	1	2	1
Cell500	1	9	1	2
Cell501	1	8	1	2
Cell503	1	9	1	2
Cell504	1	8	1	2
Cell505	1	2	2	1
Cell506	1	2	2	1
Cell507	1	1	2	1
Cell508	1	2	2	1
Cell510	1	6	2	1
Cell511	1	2	2	1
Cell512	1	2	2	1
Cell513	1	8	1	2
Cell515	1	11	2	1
Cell516	1	4	2	1
Cell517	1	9	1	2
Cell518	1	1	2	1
Cell519	1	5	1	2
Cell520	1	1	2	1
Cell521	1	8	1	2
Cell522	1	3	1	2
Cell523	1	1	2	1
Cell524	1	9	1	2
Cell525	1	3	1	2
Cell526	1	4	2	1
Cell527	1	5	1	2
Cell528	1	8	1	2
Cell529	1	3	1	2
Cell530	1	6	2	1
Cell531	1	4	2	1
Cell532	1	1	2	1
Cell533	1	1	2	1
Cell534	1	6	2	1
Cell535	1	3	1	2
Cell536	1	3	1	2
Cell537	1	3	1	2
Cell538	1	4	2	1
Cell539	1	1	2	1
Cell540	1	2	2	1
Cell541	1	9	1	2
Cell542	1	5	1	2
Cell543	1	3	1	2
Cell544	1	10	1	2
Cell545	1	5	1	2
Cell546	1	3	1	2
Cell547	1	11	2	1
Cell548	1	9	1	2
Cell550	1	6	2	1
Cell552	1	5	1	2
Cell553	1	1	2	1
Cell554	1	5	1	2
Cell555	1	3	1	2
Cell556	1	1	2	1
Cell557	1	7	1	2
Cell559	1	6	2	1
Cell560	1	1	2	1
Cell561	1	6	2	1
Cell562	1	7	1	2
Cell563	1	1	2	1
Cell564	1	4	2	1
Cell565	1	3	1	2
Cell566	1	4	2	1
Cell567	1	5	1	2
Cell568	1	6	2	1
Cell570	1	2	2	1
Cell571	1	5	1	2
Cell572	1	7	1	2
Cell573	1	5	1	2
Cell574	1	5	1	2
Cell575	1	8	1	2
Cell576	1	8	1	2
Cell577	1	9	1	2
Cell579	1	1	2	1
Cell580	1	8	1	2
Cell581	1	11	2	1
Cell582	1	1	2	1
Cell583	1	7	1	2
Cell584	1	5	1	2
Cell585	1	5	1	2
Cell586	1	10	1	2
Cell587	1	11	2	1
Cell588	1	5	1	2
Cell589	1	6	2	1
Cell590	1	5	1	2
Cell591	1	2	2	1
Cell592	1	5	1	2
Cell593	1	7	1	2
Cell594	1	10	1	2
Cell595	1	2	2	1
Cell596	1	4	2	1
Cell597	1	2	2	1
Cell599	1	6	2	1
Cell600	1	2	2	1
Cell601	1	1	2	1
Cell602	1	8	1	2
Cell603	1	1	2	1
Cell604	1	1	2	1
Cell605	1	5	1	2
Cell606	1	10	1	2
Cell607	1	2	2	1
Cell608	1	6	2	1
Cell609	1	4	2	1
Cell610	1	1	2	1
Cell611	1	7	1	2
Cell612	1	2	2	1
Cell613	1	7	1	2
Cell614	1	7	1	2
Cell615	1	1	2	1
Cell617	1	9	1	2
Cell618	1	5	1	2
Cell619	1	1	2	1
Cell620	1	11	2	1
Cell621	1	7	1	2
Cell622	1	6	2	1
Cell623	1	4	2	1
Cell624	1	11	2	1
Cell625	1	6	2	1
Cell626	1	7	1	2
Cell627	1	6	2	1
Cell628	1	9	1	2
Cell629	1	2	2	1
Cell630	1	1	2	1
Cell631	1	2	2	1
Cell632	1	3	1	2
Cell633	1	8	1	2
Cell634	1	5	1	2
Cell635	1	4	2	1
Cell636	1	5	1	2
Cell637	1	1	2	1
Cell638	1	1	2	1
Cell639	1	1	2	1
Cell640	1	9	1	2
Cell641	1	9	1	2
Cell642	1	4	2	1
Cell643	1	5	1	2
Cell644	1	4	2	1
Cell645	1	9	1	2
Cell646	1	5	1	2
Cell647	1	2	2	1
Cell648	1	10	1	2
Cell649	1	7	1	2
Cell650	1	2	2	1
Cell651	1	5	1	2
Cell652	1	2	2	1
Cell653	1	7	1	2
Cell654	1	10	1	2
Cell655	1	3	1	2
Cell656	1	4	2	1
Cell657	1	1	2	1
Cell658	1	10	1	2
Cell659	1	7	1	2
Cell660	1	7	1	2
Cell661	1	3	1	2
Cell662	1	5	1	2
Cell663	1	4	2	1
Cell664	1	10	1	2
Cell665	1	4	2	1
Cell666	1	4	2	1
Cell667	1	6	2	1
Cell668	1	10	1	2
Cell669	1	2	2	1
Cell670	1	3	1	2
Cell671	1	6	2	1
Cell672	1	4	2	1
Cell673	1	2	2	1
Cell674	1	8	1	2
Cell675	1	2	2	1
Cell676	1	5	1	2
Cell677	1	3	1	2
Cell678	1	7	1	2
Cell679	1	7	1	2
Cell680	1	7	1	2
Cell681	1	11	2	1
Cell682	1	4	2	1
Cell683	1	6	2	1
Cell684	1	10	1	2
Cell685	1	7	1	2
Cell686	1	8	1	2
Cell687	1	4	2	1
Cell688	1	11	2	1
Cell689	1	5	1	2
Cell690	1	4	2	1
Cell691	1	11	2	1
Cell693	1	3	1	2
Cell694	1	6	2	1
Cell695	1	4	2	1
Cell696	1	1	2	1
Cell697	1	1	2	1
Cell698	1	9	1	2
Cell699	1	5	1	2
Cell700	1	3	1	2
Cell701	1	10	1	2
Cell702	1	2	2	1
Cell703	1	2	2	1
Cell704	1	4	2	1
Cell705	1	3	1	2
Cell706	1	4	2	1
Cell707	1	1	2	1
Cell708	1	7	1	2
Cell709	1	10	1	2
Cell710	1	5	1	2
Cell711	1	5	1	2
Cell712	1	3	1	2
Cell713	1	4	2	1
Cell714	1	4	2	1
Cell715	1	1	2	1
Cell716	1	3	1	2
Cell717	1	3	1	2
Cell718	1	1	2	1
Cell719	1	8	1	2
Cell720	1	10	1	2
Cell721	1	3	1	2
Cell722	1	2	2	1
Cell723	1	10	1	2
Cell724	1	11	2	1
Cell725	1	1	2	1
Cell726	1	1	2	1
Cell727	1	6	2	1
Cell728	1	11	2	1
Cell731	1	7	1	2
Cell732	1	3	1	2
Cell733	1	7	1	2
Cell734	1	6	2	1
Cell735	1	10	1	2
Cell736	1	11	2	1
Cell737	1	1	2	1
Cell738	1	4	2	1
Cell739	1	3	1	2
Cell740	1	3	1	2
Cell741	1	4	2	1
Cell742	1	7	1	2
Cell743	1	1	2	1
Cell744	1	1	2	1
Cell745	1	6	2	1
Cell746	1	3	1	2
Cell747	1	2	2	1
Cell748	1	3	1	2
Cell749	1	3	1	2
Cell750	1	4	2	1
Cell751	1	8	1	2
Cell752	1	2	2	1
Cell753	1	5	1	2
Cell754	1	1	2	1
Cell755	1	1	2	1
Cell756	1	8	1	2
Cell757	1	3	1	2
Cell758	1	6	2	1
Cell759	1	2	2	1
Cell760	1	5	1	2
Cell761	1	9	1	2
Cell762	1	6	2	1
Cell763	1	11	2	1
Cell764	1	2	2	1
Cell765	1	1	2	1
Cell766	1	5	1	2
Cell767	1	4	2	1
Cell768	1	6	2	1
Cell769	1	1	2	1
Cell770	1	4	2	1
Cell771	1	1	2	1
Cell772	1	2	2	1
Cell773	1	5	1	2
Cell774	1	10	1	2
Cell775	1	2	2	1
Cell776	1	7	1	2
Cell777	1	5	1	2
Cell778	1	1	2	1
Cell779	1	11	2	1
Cell780	1	1	2	1
Cell781	1	4	2	1
Cell782	1	9	1	2
Cell783	1	2	2	1
Cell784	1	1	2	1
Cell785	1	3	1	2
Cell786	1	1	2	1
Cell787	1	2	2	1
Cell788	1	7	1	2
Cell789	1	2	2	1
Cell790	1	6	2	1
Cell791	1	2	2	1
Cell792	1	3	1	2
Cell793	1	10	1	2
Cell795	1	9	1	2
Cell796	1	10	1	2
Cell797	1	4	2	1
Cell798	1	6	2	1
Cell799	1	2	2	1
Cell800	1	1	2	1
Cell801	1	3	1	2
Cell802	1	8	1	2
Cell803	1	5	1	2
Cell804	1	1	2	1
Cell805	1	2	2	1
Cell806	1	1	2	1
Cell807	1	10	1	2
Cell808	1	5	1	2
Cell809	1	8	1	2
Cell810	1	2	2	1
Cell811	1	3	1	2
Cell812	1	5	1	2
Cell813	1	11	2	1
Cell814	1	1	2	1
Cell815	1	10	1	2
Cell816	1	4	2	1
Cell817	1	1	2	1
Cell818	1	7	1	2
Cell819	1	4	2	1
Cell820	1	2	2	1
Cell821	1	8	1	2
Cell822	1	8	1	2
Cell823	1	3	1	2
Cell824	1	11	2	1
Cell825	1	5	1	2
Cell826	1	10	1	2
Cell827	1	9	1	2
Cell828	1	8	1	2
Cell829	1	11	2	1
Cell830	1	6	2	1
Cell831	1	2	2	1
Cell832	1	4	2	1
Cell833	1	4	2	1
Cell834	1	5	1	2
Cell836	1	7	1	2
Cell837	1	7	1	2
Cell838	1	5	1	2
Cell839	1	11	2	1
Cell840	1	7	1	2
Cell841	1	3	1	2
Cell842	1	2	2	1
Cell843	1	7	1	2
Cell844	1	4	2	1
Cell845	1	6	2	1
Cell846	1	4	2	1
Cell847	1	1	2	1
Cell848	1	5	1	2
Cell849	1	1	2	1
Cell850	1	5	1	2
Cell851	1	7	1	2
Cell852	1	4	2	1
Cell853	1	6	2	1
Cell854	1	6	2	1
Cell855	1	4	2	1
Cell856	1	11	2	1
Cell857	1	8	1	2
Cell858	1	5	1	2
Cell859	1	3	1	2
Cell860	1	3	1	2
Cell861	1	8	1	2
Cell862	1	8	1	2
Cell863	1	6	2	1
Cell864	1	2	2	1
Cell865	1	1	2	1
Cell866	1	4	2	1
Cell867	1	2	2	1
Cell868	1	2	2	1
Cell869	1	3	1	2
Cell870	1	2	2	1
Cell872	1	1	2	1
Cell873	1	5	1	2
Cell875	1	8	1	2
Cell876	1	1	2	1
Cell877	1	10	1	2
Cell878	1	5	1	2
Cell879	1	2	2	1
Cell880	1	8	1	2
Cell881	1	1	2	1
Cell882	1	2	2	1
Cell883	1	4	2	1
Cell885	1	6	2	1
Cell886	1	9	1	2
Cell887	1	6	2	1
Cell888	1	7	1	2
Cell889	1	5	1	2
Cell890	1	7	1	2
Cell891	1	2	2	1
Cell892	1	7	1	2
Cell893	1	9	1	2
Cell894	1	4	2	1
Cell895	1	2	2	1
Cell896	1	10	1	2
Cell897	1	4	2	1
Cell898	1	2	2	1
Cell899	1	8	1	2
Cell900	1	6	2	1
Cell903	1	4	2	1
Cell904	1	5	1	2
Cell905	1	4	2	1
Cell906	1	1	2	1
Cell907	1	5	1	2
Cell909	1	5	1	2
Cell910	1	2	2	1
Cell911	1	7	1	2
Cell912	1	3	1	2
Cell913	1	6	2	1
Cell914	1	1	2	1
Cell915	1	5	1	2
Cell916	1	6	2	1
Cell917	1	1	2	1
Cell918	1	1	2	1
Cell919	1	5	1	2
Cell920	1	6	2	1
Cell921	1	5	1	2
Cell922	1	8	1	2
Cell923	1	6	2	1
Cell924	1	1	2	1
Cell925	1	8	1	2
Cell926	1	4	2	1
Cell927	1	6	2	1
Cell928	1	11	2	1
Cell929	1	2	2	1
Cell930	1	9	1	2
Cell931	1	1	2	1
Cell932	1	3	1	2
Cell933	1	2	2	1
Cell934	1	9	1	2
Cell935	1	9	1	2
Cell936	1	3	1	2
Cell937	1	8	1	2
Cell938	1	11	2	1
Cell939	1	4	2	1
Cell940	1	11	2	1
Cell941	1	4	2	1
Cell942	1	7	1	2
Cell943	1	5	1	2
Cell944	1	8	1	2
Cell945	1	7	1	2
Cell946	1	9	1	2
Cell947	1	5	1	2
Cell948	1	5	1	2
Cell949	1	8	1	2
Cell950	1	9	1	2
Cell952	1	5	1	2
Cell953	1	4	2	1
Cell954	1	6	2	1
Cell955	1	10	1	2
Cell956	1	3	1	2
Cell957	1	9	1	2
Cell958	1	5	1	2
Cell959	1	3	1	2
Cell960	1	9	1	2
Cell961	1	2	2	1
Cell962	1	9	1	2
Cell963	1	2	2	1
Cell964	1	3	1	2
Cell965	1	1	2	1
Cell966	1	1	2	1
Cell968	1	4	2	1
Cell969	1	5	1	2
Cell970	1	3	1	2
Cell971	1	7	1	2
Cell972	1	3	1	2
Cell973	1	3	1	2
Cell974	1	1	2	1
Cell975	1	4	2	1
Cell976	1	2	2	1
Cell977	1	5	1	2
Cell978	1	3	1	2
Cell979	1	11	2	1
Cell980	1	5	1	2
Cell981	1	3	1	2
Cell982	1	3	1	2
Cell983	1	2	2	1
Cell984	1	7	1	2
Cell985	1	1	2	1
Cell986	1	1	2	1
Cell987	1	4	2	1
Cell988	1	4	2	1
Cell989	1	1	2	1
Cell990	1	2	2	1
Cell991	1	2	2	1
Cell992	1	3	1	2
Cell993	1	10	1	2
Cell996	1	1	2	1
Cell997	1	7	1	2
Cell998	1	1	2	1
Cell999	1	8	1	2
Cell1000	1	10	1	2
Cell1001	1	8	1	2
Cell1002	1	1	2	1
Cell1003	1	1	2	1
Cell1004	1	3	1	2
Cell1006	1	1	2	1
Cell1007	1	5	1	2
Cell1008	1	5	1	2
Cell1009	1	9	1	2
Cell1010	1	4	2	1
Cell1011	1	4	2	1
Cell1012	1	7	1	2
Cell1013	1	4	2	1
Cell1014	1	8	1	2
Cell1015	1	3	1	2
Cell1016	1	5	1	2
Cell1017	1	3	1	2
Cell1018	1	11	2	1
Cell1019	1	4	2	1
Cell1020	1	4	2	1
Cell1021	1	1	2	1
Cell1022	1	1	2	1
Cell1023	1	7	1	2
Cell1024	1	4	2	1
Cell1025	1	4	2	1
Cell1026	1	6	2	1
Cell1027	1	1	2	1
Cell1028	1	5	1	2
Cell1029	1	9	1	2
Cell1030	1	5	1	2
Cell1031	1	1	2	1
Cell1032	1	6	2	1
Cell1033	1	4	2	1
Cell1034	1	6	2	1
Cell1035	1	3	1	2
Cell1036	1	4	2	1
Cell1037	1	6	2	1
Cell1038	1	1	2	1
Cell1039	1	11	2	1
Cell1040	1	8	1	2
Cell1041	1	8	1	2
Cell1042	1	3	1	2
Cell1043	1	3	1	2
Cell1044	1	5	1	2
Cell1045	1	9	1	2
Cell1046	1	3	1	2
Cell1047	1	7	1	2
Cell1048	1	5	1	2
Cell1049	1	4	2	1
Cell1050	1	2	2	1
Cell1051	1	8	1	2
Cell1052	1	6	2	1
Cell1053	1	4	2	1
Cell1054	1	3	1	2
Cell1055	1	3	1	2
Cell1056	1	4	2	1
Cell1057	1	4	2	1
Cell1058	1	2	2	1
Cell1059	1	11	2	1
Cell1060	1	1	2	1
Cell1061	1	9	1	2
Cell1062	1	1	2	1
Cell1063	1	3	1	2
Cell1064	1	1	2	1
Cell1065	1	1	2	1
Cell1066	1	5	1	2
Cell1067	1	3	1	2
Cell1068	1	2	2	1
Cell1069	1	3	1	2
Cell1070	1	3	1	2
Cell1071	1	6	2	1
Cell1072	1	2	2	1
Cell1073	1	8	1	2
Cell1074	1	10	1	2
Cell1075	1	6	2	1
Cell1076	1	4	2	1
Cell1077	1	6	2	1
Cell1078	1	1	2	1
Cell1079	1	3	1	2
Cell1080	1	10	1	2
Cell1081	1	1	2	1
Cell1082	1	6	2	1
Cell1083	1	8	1	2
Cell1084	1	3	1	2
Cell1085	1	5	1	2
Cell1086	1	3	1	2
Cell1088	1	3	1	2
Cell1089	1	10	1	2
Cell1090	1	7	1	2
Cell1092	1	5	1	2
Cell1093	1	4	2	1
Cell1094	1	4	2	1
Cell1095	1	3	1	2
Cell1096	1	3	1	2
Cell1097	1	1	2	1
Cell1098	1	3	1	2
Cell1099	1	7	1	2
Cell1100	1	7	1	2
Cell1101	1	4	2	1
Cell1102	1	3	1	2
Cell1103	1	5	1	2
Cell1104	1	2	2	1
Cell1105	1	8	1	2
Cell1106	1	4	2	1
Cell1108	1	9	1	2
Cell1109	1	1	2	1
Cell1111	1	2	2	1
Cell1112	1	9	1	2
Cell1113	1	9	1	2
Cell1114	1	9	1	2
Cell1115	1	3	1	2
Cell1116	1	2	2	1
Cell1117	1	2	2	1
Cell1118	1	1	2	1
Cell1119	1	5	1	2
Cell1120	1	6	2	1
Cell1121	1	9	1	2
Cell1122	1	3	1	2
Cell1123	1	5	1	2
Cell1124	1	9	1	2
Cell1125	1	10	1	2
Cell1126	1	8	1	2
Cell1127	1	3	1	2
Cell1128	1	3	1	2
Cell1129	1	6	2	1
Cell1131	1	5	1	2
Cell1132	1	7	1	2
Cell1133	1	3	1	2
Cell1134	1	5	1	2
Cell1135	1	10	1	2
Cell1137	1	3	1	2
Cell1138	1	9	1	2
Cell1139	1	7	1	2
Cell1140	1	3	1	2
Cell1141	1	4	2	1
Cell1142	1	4	2	1
Cell1143	1	11	2	1
Cell1144	1	9	1	2
Cell1145	1	6	2	1
Cell1146	1	4	2	1
Cell1147	1	9	1	2
Cell1148	1	1	2	1
Cell1149	1	4	2	1
Cell1150	1	4	2	1
Cell1151	1	7	1	2
Cell1152	1	4	2	1
Cell1153	1	6	2	1
Cell1154	1	2	2	1
Cell1155	1	11	2	1
Cell1156	1	2	2	1
Cell1157	1	7	1	2
Cell1158	1	1	2	1
Cell1159	1	6	2	1
Cell1160	1	1	2	1
Cell1161	1	2	2	1
Cell1162	1	6	2	1
Cell1163	1	2	2	1
Cell1164	1	11	2	1
Cell1165	1	4	2	1
Cell1166	1	4	2	1
Cell1167	1	2	2	1
Cell1168	1	3	1	2
Cell1169	1	8	1	2
Cell1170	1	6	2	1
Cell1172	1	8	1	2
Cell1173	1	6	2	1
Cell1174	1	6	2	1
Cell1175	1	2	2	1
Cell1176	1	8	1	2
Cell1177	1	1	2	1
Cell1178	1	7	1	2
Cell1179	1	4	2	1
Cell1180	1	5	1	2
Cell1181	1	10	1	2
Cell1182	1	3	1	2
Cell1183	1	7	1	2
Cell1184	1	2	2	1
Cell1185	1	2	2	1
Cell1186	1	6	2	1
Cell1187	1	9	1	2
Cell1188	1	4	2	1
Cell1189	1	4	2	1
Cell1190	1	10	1	2
Cell1191	1	5	1	2
Cell1192	1	7	1	2
Cell1193	1	7	1	2
Cell1194	1	1	2	1
Cell1196	1	9	1	2
Cell1197	1	4	2	1
Cell1198	1	1	2	1
Cell1199	1	6	2	1
Cell1200	1	9	1	2
Cell1201	1	6	2	1
Cell1202	1	7	1	2
Cell1203	1	2	2	1
Cell1204	1	9	1	2
Cell1205	1	6	2	1
Cell1206	1	1	2	1
Cell1207	1	4	2	1
Cell1208	1	5	1	2
Cell1209	1	5	1	2
Cell1210	1	10	1	2
Cell1211	1	9	1	2
Cell1212	1	8	1	2
Cell1214	1	3	1	2
Cell1215	1	8	1	2
Cell1217	1	5	1	2
Cell1218	1	7	1	2
Cell1219	1	1	2	1
Cell1220	1	11	2	1
Cell1221	1	2	2	1
Cell1222	1	2	2	1
Cell1223	1	2	2	1
Cell1225	1	6	2	1
Cell1226	1	1	2	1
Cell1227	1	4	2	1
Cell1228	1	11	2	1
Cell1229	1	8	1	2
Cell1230	1	2	2	1
Cell1231	1	1	2	1
Cell1232	1	3	1	2
Cell1233	1	4	2	1
Cell1234	1	5	1	2
Cell1235	1	1	2	1
Cell1236	1	4	2	1
Cell1237	1	7	1	2
Cell1238	1	5	1	2
Cell1239	1	6	2	1
Cell1240	1	6	2	1
Cell1241	1	1	2	1
Cell1242	1	1	2	1
Cell1243	1	6	2	1
Cell1244	1	10	1	2
Cell1245	1	11	2	1
Cell1246	1	5	1	2
Cell1247	1	2	2	1
Cell1248	1	8	1	2
Cell1249	1	2	2	1
Cell1250	1	3	1	2
Cell1251	1	2	2	1
Cell1252	1	3	1	2
Cell1253	1	7	1	2
Cell1254	1	2	2	1
Cell1255	1	2	2	1
Cell1256	1	1	2	1
Cell1257	1	4	2	1
Cell1258	1	3	1	2
Cell1259	1	5	1	2
Cell1260	1	2	2	1
Cell1261	1	6	2	1
Cell1262	1	5	1	2
Cell1263	1	2	2	1
Cell1264	1	9	1	2
Cell1265	1	5	1	2
Cell1266	1	3	1	2
Cell1267	1	2	2	1
Cell1268	1	1	2	1
Cell1269	1	4	2	1
Cell1270	1	1	2	1
Cell1271	1	5	1	2
Cell1272	1	7	1	2
Cell1273	1	5	1	2
Cell1275	1	3	1	2
Cell1277	1	3	1	2
Cell1278	1	1	2	1
Cell1279	1	8	1	2
Cell1280	1	7	1	2
Cell1281	1	3	1	2
Cell1282	1	10	1	2
Cell1283	1	3	1	2
Cell1284	1	1	2	1
Cell1285	1	1	2	1
Cell1286	1	9	1	2
Cell1287	1	4	2	1
Cell1289	1	9	1	2
Cell1290	1	6	2	1
Cell1292	1	8	1	2
Cell1293	1	1	2	1
Cell1294	1	2	2	1
Cell1295	1	6	2	1
Cell1296	1	1	2	1
Cell1297	1	4	2	1
Cell1298	1	7	1	2
Cell1299	1	3	1	2
Cell1300	1	4	2	1
Cell1301	1	3	1	2
Cell1302	1	11	2	1
Cell1303	1	10	1	2
Cell1304	1	5	1	2
Cell1305	1	7	1	2
Cell1306	1	9	1	2
Cell1307	1	1	2	1
Cell1308	1	5	1	2
Cell1309	1	6	2	1
Cell1310	1	6	2	1
Cell1311	1	2	2	1
Cell1312	1	11	2	1
Cell1313	1	9	1	2
Cell1314	1	6	2	1
Cell1315	1	3	1	2
Cell1316	1	6	2	1
Cell1317	1	5	1	2
Cell1318	1	1	2	1
Cell1319	1	6	2	1
Cell1320	1	1	2	1
Cell1321	1	3	1	2
Cell1322	1	5	1	2
Cell1323	1	2	2	1
Cell1324	1	11	2	1
Cell1325	1	3	1	2
Cell1326	1	2	2	1
Cell1327	1	6	2	1
Cell1328	1	3	1	2
Cell1329	1	5	1	2
Cell1330	1	8	1	2
Cell1331	1	6	2	1
Cell1332	1	1	2	1
Cell1333	1	5	1	2
Cell1334	1	6	2	1
Cell1335	1	3	1	2
Cell1336	1	3	1	2
Cell1337	1	2	2	1
Cell1338	1	1	2	1
Cell1339	1	8	1	2
Cell1340	1	8	1	2
Cell1341	1	3	1	2
Cell1343	1	9	1	2
Cell1344	1	3	1	2
Cell1345	1	2	2	1
Cell1346	1	4	2	1
Cell1347	1	4	2	1
Cell1348	1	8	1	2
Cell1350	1	4	2	1
Cell1351	1	8	1	2
Cell1352	1	3	1	2
Cell1353	1	6	2	1
Cell1355	1	2	2	1
Cell1356	1	8	1	2
Cell1357	1	8	1	2
Cell1358	1	4	2	1
Cell1359	1	11	2	1
Cell1360	1	11	2	1
Cell1361	1	10	1	2
Cell1362	1	3	1	2
Cell1364	1	8	1	2
Cell1365	1	3	1	2
Cell1366	1	2	2	1
Cell1367	1	6	2	1
Cell1368	1	5	1	2
Cell1369	1	9	1	2
Cell1370	1	10	1	2
Cell1371	1	11	2	1
Cell1372	1	9	1	2
Cell1373	1	7	1	2
Cell1374	1	6	2	1
Cell1375	1	9	1	2
Cell1376	1	5	1	2
Cell1377	1	3	1	2
Cell1378	1	9	1	2
Cell1379	1	6	2	1
Cell1380	1	4	2	1
Cell1381	1	10	1	2
Cell1383	1	9	1	2
Cell1384	1	2	2	1
Cell1385	1	1	2	1
Cell1387	1	8	1	2
Cell1388	1	2	2	1
Cell1389	1	8	1	2
Cell1390	1	9	1	2
Cell1391	1	2	2	1
Cell1392	1	1	2	1
Cell1393	1	2	2	1
Cell1394	1	1	2	1
Cell1395	1	4	2	1
Cell1396	1	4	2	1
Cell1397	1	8	1	2
Cell1398	1	8	1	2
Cell1399	1	4	2	1
Cell1400	1	6	2	1
Cell1401	1	2	2	1
Cell1402	1	3	1	2
Cell1403	1	8	1	2
Cell1404	1	7	1	2
Cell1406	1	8	1	2
Cell1407	1	4	2	1
Cell1408	1	2	2	1
Cell1411	1	1	2	1
Cell1412	1	2	2	1
Cell1413	1	7	1	2
Cell1414	1	5	1	2
Cell1415	1	7	1	2
Cell1416	1	1	2	1
Cell1417	1	2	2	1
Cell1418	1	7	1	2
Cell1419	1	6	2	1
Cell1420	1	4	2	1
Cell1421	1	7	1	2
Cell1422	1	10	1	2
Cell1423	1	4	2	1
Cell1424	1	3	1	2
Cell1425	1	7	1	2
Cell1426	1	10	1	2
Cell1427	1	5	1	2
Cell1428	1	5	1	2
Cell1429	1	11	2	1
Cell1430	1	3	1	2
Cell1431	1	11	2	1
Cell1432	1	7	1	2
Cell1433	1	1	2	1
Cell1434	1	10	1	2
Cell1435	1	2	2	1
Cell1436	1	4	2	1
Cell1437	1	3	1	2
Cell1438	1	7	1	2
Cell1439	1	2	2	1
Cell1440	1	4	2	1
Cell1441	1	3	1	2
Cell1442	1	2	2	1
Cell1443	1	3	1	2
Cell1444	1	6	2	1
Cell1445	1	3	1	2
Cell1446	1	11	2	1
Cell1447	1	9	1	2
Cell1448	1	1	2	1
Cell1449	1	4	2	1
Cell1450	1	2	2	1
Cell1451	1	4	2	1
Cell1452	1	5	1	2
Cell1453	1	4	2	1
Cell1454	1	1	2	1
Cell1455	1	4	2	1
Cell1456	1	6	2	1
Cell1457	1	1	2	1
Cell1458	1	2	2	1
Cell1459	1	5	1	2
Cell1460	1	7	1	2
Cell1461	1	1	2	1
Cell1462	1	11	2	1
Cell1463	1	4	2	1
Cell1466	1	4	2	1
Cell1467	1	7	1	2
Cell1468	1	2	2	1
Cell1469	1	6	2	1
Cell1470	1	1	2	1
Cell1471	1	4	2	1
Cell1473	1	2	2	1
Cell1474	1	9	1	2
Cell1475	1	7	1	2
Cell1476	1	2	2	1
Cell1477	1	1	2	1
Cell1478	1	2	2	1
Cell1479	1	6	2	1
Cell1480	1	9	1	2
Cell1481	1	7	1	2
Cell1482	1	4	2	1
Cell1483	1	9	1	2
Cell1484	1	5	1	2
Cell1485	1	1	2	1
Cell1486	1	1	2	1
Cell1487	1	2	2	1
Cell1488	1	2	2	1
Cell1489	1	3	1	2
Cell1490	1	2	2	1
Cell1491	1	5	1	2
Cell1492	1	1	2	1
Cell1493	1	8	1	2
Cell1494	1	9	1	2
Cell1495	1	1	2	1
Cell1496	1	4	2	1
Cell1497	1	1	2	1
Cell1498	1	3	1	2
Cell1499	1	4	2	1
Cell1500	1	8	1	2
Cell1501	1	1	2	1
Cell1502	1	10	1	2
Cell1503	1	5	1	2
Cell1504	1	7	1	2
Cell1505	1	3	1	2
Cell1506	1	1	2	1
Cell1507	1	7	1	2
Cell1508	1	4	2	1
Cell1509	1	5	1	2
Cell1510	1	3	1	2
Cell1511	1	5	1	2
Cell1512	1	9	1	2
Cell1513	1	11	2	1
Cell1514	1	5	1	2
Cell1515	1	2	2	1
Cell1516	1	4	2	1
Cell1518	1	4	2	1
Cell1519	1	3	1	2
Cell1520	1	4	2	1
Cell1521	1	10	1	2
Cell1522	1	8	1	2
Cell1523	1	2	2	1
Cell1524	1	6	2	1
Cell1525	1	6	2	1
Cell1526	1	3	1	2
Cell1527	1	7	1	2
Cell1528	1	4	2	1
Cell1529	1	3	1	2
Cell1530	1	4	2	1
Cell1531	1	4	2	1
Cell1532	1	4	2	1
Cell1533	1	2	2	1
Cell1534	1	2	2	1
Cell1535	1	6	2	1
Cell1536	1	2	2	1
Cell1537	1	7	1	2
Cell1538	1	6	2	1
Cell1539	1	8	1	2
Cell1540	1	2	2	1
Cell1541	1	4	2	1
Cell1542	1	4	2	1
Cell1543	1	5	1	2
Cell1544	1	8	1	2
Cell1545	1	11	2	1
Cell1547	1	4	2	1
Cell1548	1	7	1	2
Cell1549	1	10	1	2
Cell1551	1	10	1	2
Cell1552	1	3	1	2
Cell1553	1	8	1	2
Cell1554	1	6	2	1
Cell1555	1	9	1	2
Cell1556	1	3	1	2
Cell1557	1	2	2	1
Cell1558	1	5	1	2
Cell1559	1	3	1	2
Cell1560	1	5	1	2
Cell1561	1	3	1	2
Cell1564	1	3	1	2
Cell1565	1	6	2	1
Cell1566	1	4	2	1
Cell1567	1	8	1	2
Cell1568	1	1	2	1
Cell1569	1	5	1	2
Cell1570	1	2	2	1
Cell1571	1	2	2	1
Cell1572	1	4	2	1
Cell1573	1	1	2	1
Cell1574	1	4	2	1
Cell1575	1	2	2	1
Cell1576	1	1	2	1
Cell1577	1	1	2	1
Cell1578	1	3	1	2
Cell1579	1	6	2	1
Cell1580	1	9	1	2
Cell1581	1	1	2	1
Cell1582	1	3	1	2
Cell1583	1	7	1	2
Cell1584	1	6	2	1
Cell1585	1	10	1	2
Cell1586	1	7	1	2
Cell1587	1	1	2	1
Cell1589	1	3	1	2
Cell1590	1	6	2	1
Cell1591	1	11	2	1
Cell1592	1	11	2	1
Cell1593	1	6	2	1
Cell1594	1	2	2	1
Cell1595	1	7	1	2
Cell1597	1	3	1	2
Cell1598	1	5	1	2
Cell1599	1	3	1	2
Cell1600	1	11	2	1
Cell1601	1	4	2	1
Cell1602	1	8	1	2
Cell1603	1	6	2	1
Cell1604	1	7	1	2
Cell1605	1	4	2	1
Cell1606	1	1	2	1
Cell1607	1	7	1	2
Cell1608	1	6	2	1
Cell1609	1	11	2	1
Cell1610	1	4	2	1
Cell1611	1	6	2	1
Cell1612	1	6	2	1
Cell1613	1	6	2	1
Cell1614	1	2	2	1
Cell1615	1	1	2	1
Cell1616	1	3	1	2
Cell1617	1	7	1	2
Cell1618	1	1	2	1
Cell1619	1	8	1	2
Cell1620	1	7	1	2
Cell1622	1	10	1	2
Cell1623	1	8	1	2
Cell1624	1	1	2	1
Cell1626	1	10	1	2
Cell1627	1	6	2	1
Cell1628	1	10	1	2
Cell1629	1	6	2	1
Cell1630	1	2	2	1
Cell1631	1	4	2	1
Cell1632	1	6	2	1
Cell1633	1	3	1	2
Cell1634	1	2	2	1
Cell1635	1	7	1	2
Cell1636	1	4	2	1
Cell1639	1	11	2	1
Cell1640	1	1	2	1
Cell1641	1	5	1	2
Cell1642	1	6	2	1
Cell1643	1	1	2	1
Cell1644	1	6	2	1
Cell1645	1	3	1	2
Cell1646	1	5	1	2
Cell1647	1	1	2	1
Cell1648	1	5	1	2
Cell1649	1	7	1	2
Cell1650	1	6	2	1
Cell1651	1	5	1	2
Cell1652	1	6	2	1
Cell1653	1	5	1	2
Cell1654	1	7	1	2
Cell1655	1	4	2	1
Cell1656	1	2	2	1
Cell1657	1	1	2	1
Cell1658	1	4	2	1
Cell1659	1	4	2	1
Cell1660	1	11	2	1
Cell1661	1	1	2	1
Cell1662	1	9	1	2
Cell1663	1	8	1	2
Cell1664	1	5	1	2
Cell1665	1	1	2	1
Cell1666	1	10	1	2
Cell1667	1	2	2	1
Cell1668	1	5	1	2
Cell1669	1	4	2	1
Cell1670	1	5	1	2
Cell1671	1	8	1	2
Cell1673	1	3	1	2
Cell1674	1	4	2	1
Cell1675	1	6	2	1
Cell1676	1	2	2	1
Cell1677	1	1	2	1
Cell1678	1	10	1	2
Cell1679	1	4	2	1
Cell1680	1	1	2	1
Cell1681	1	4	2	1
Cell1682	1	7	1	2
Cell1684	1	7	1	2
Cell1685	1	5	1	2
Cell1686	1	1	2	1
Cell1687	1	7	1	2
Cell1688	1	8	1	2
Cell1689	1	1	2	1
Cell1690	1	6	2	1
Cell1691	1	1	2	1
Cell1692	1	4	2	1
Cell1694	1	9	1	2
Cell1695	1	9	1	2
Cell1696	1	3	1	2
Cell1697	1	5	1	2
Cell1698	1	5	1	2
Cell1699	1	8	1	2
Cell1700	1	1	2	1
Cell1701	1	9	1	2
Cell1702	1	1	2	1
Cell1703	1	9	1	2
Cell1704	1	10	1	2
Cell1705	1	8	1	2
Cell1706	1	1	2	1
Cell1707	1	2	2	1
Cell1708	1	5	1	2
Cell1709	1	8	1	2
Cell1710	1	11	2	1
Cell1711	1	4	2	1
Cell1712	1	5	1	2
Cell1713	1	2	2	1
Cell1714	1	1	2	1
Cell1715	1	10	1	2
Cell1716	1	11	2	1
Cell1717	1	2	2	1
Cell1718	1	8	1	2
Cell1719	1	7	1	2
Cell1720	1	3	1	2
Cell1721	1	5	1	2
Cell1722	1	9	1	2
Cell1723	1	3	1	2
Cell1724	1	6	2	1
Cell1725	1	2	2	1
Cell1726	1	1	2	1
Cell1727	1	4	2	1
Cell1728	1	3	1	2
Cell1729	1	1	2	1
Cell1730	1	6	2	1
Cell1731	1	9	1	2
Cell1732	1	4	2	1
Cell1733	1	5	1	2
Cell1734	1	6	2	1
Cell1735	1	11	2	1
Cell1738	1	3	1	2
Cell1739	1	10	1	2
Cell1740	1	7	1	2
Cell1741	1	2	2	1
Cell1742	1	3	1	2
Cell1743	1	4	2	1
Cell1744	1	5	1	2
Cell1745	1	2	2	1
Cell1746	1	1	2	1
Cell1747	1	4	2	1
Cell1748	1	8	1	2
Cell1749	1	4	2	1
Cell1750	1	2	2	1
Cell1751	1	3	1	2
Cell1752	1	6	2	1
Cell1754	1	1	2	1
Cell1756	1	10	1	2
Cell1757	1	7	1	2
Cell1758	1	11	2	1
Cell1759	1	8	1	2
Cell1760	1	1	2	1
Cell1761	1	8	1	2
Cell1762	1	3	1	2
Cell1763	1	3	1	2
Cell1764	1	2	2	1
Cell1765	1	1	2	1
Cell1766	1	10	1	2
Cell1767	1	1	2	1
Cell1768	1	8	1	2
Cell1769	1	1	2	1
Cell1770	1	10	1	2
Cell1771	1	3	1	2
Cell1772	1	11	2	1
Cell1773	1	1	2	1
Cell1774	1	9	1	2
Cell1775	1	9	1	2
Cell1776	1	7	1	2
Cell1777	1	4	2	1
Cell1778	1	2	2	1
Cell1779	1	9	1	2
Cell1780	1	2	2	1
Cell1781	1	2	2	1
Cell1782	1	4	2	1
Cell1783	1	3	1	2
Cell1784	1	2	2	1
Cell1785	1	6	2	1
Cell1786	1	5	1	2
Cell1787	1	10	1	2
Cell1788	1	2	2	1
Cell1789	1	2	2	1
Cell1790	1	6	2	1
Cell1791	1	2	2	1
Cell1792	1	5	1	2
Cell1793	1	6	2	1
Cell1794	1	2	2	1
Cell1795	1	6	2	1
Cell1796	1	7	1	2
Cell1797	1	5	1	2
Cell1798	1	10	1	2
Cell1799	1	10	1	2
Cell1800	1	2	2	1
Cell1801	1	3	1	2
Cell1802	1	6	2	1
Cell1803	1	10	1	2
Cell1804	1	11	2	1
Cell1805	1	6	2	1
Cell1806	1	8	1	2
Cell1807	1	1	2	1
Cell1808	1	1	2	1
Cell1809	1	5	1	2
Cell1810	1	8	1	2
Cell1811	1	2	2	1
Cell1812	1	8	1	2
Cell1814	1	8	1	2
Cell1815	1	6	2	1
Cell1816	1	3	1	2
Cell1817	1	7	1	2
Cell1818	1	6	2	1
Cell1819	1	3	1	2
Cell1820	1	10	1	2
Cell1821	1	11	2	1
Cell1822	1	7	1	2
Cell1823	1	5	1	2
Cell1824	1	3	1	2
Cell1826	1	5	1	2
Cell1827	1	4	2	1
Cell1829	1	3	1	2
Cell1830	1	8	1	2
Cell1831	1	5	1	2
Cell1832	1	3	1	2
Cell1833	1	6	2	1
Cell1834	1	1	2	1
Cell1835	1	5	1	2
Cell1836	1	2	2	1
Cell1837	1	1	2	1
Cell1838	1	2	2	1
Cell1839	1	1	2	1
Cell1840	1	6	2	1
Cell1841	1	9	1	2
Cell1842	1	5	1	2
Cell1843	1	3	1	2
Cell1844	1	6	2	1
Cell1845	1	10	1	2
Cell1846	1	5	1	2
Cell1848	1	10	1	2
Cell1850	1	2	2	1
Cell1851	1	3	1	2
Cell1852	1	1	2	1
Cell1853	1	5	1	2
Cell1854	1	3	1	2
Cell1855	1	2	2	1
Cell1856	1	9	1	2
Cell1857	1	5	1	2
Cell1858	1	7	1	2
Cell1859	1	7	1	2
Cell1860	1	8	1	2
Cell1861	1	3	1	2
Cell1862	1	2	2	1
Cell1863	1	6	2	1
Cell1864	1	5	1	2
Cell1865	1	2	2	1
Cell1866	1	6	2	1
Cell1867	1	2	2	1
Cell1868	1	2	2	1
Cell1869	1	4	2	1
Cell1870	1	3	1	2
Cell1871	1	7	1	2
Cell1872	1	2	2	1
Cell1873	1	5	1	2
Cell1874	1	5	1	2
Cell1875	1	11	2	1
Cell1876	1	2	2	1
Cell1877	1	1	2	1
Cell1879	1	9	1	2
Cell1880	1	4	2	1
Cell1881	1	1	2	1
Cell1882	1	5	1	2
Cell1883	1	1	2	1
Cell1884	1	7	1	2
Cell1885	1	1	2	1
Cell1886	1	4	2	1
Cell1887	1	5	1	2
Cell1888	1	7	1	2
Cell1889	1	4	2	1
Cell1890	1	4	2	1
Cell1891	1	10	1	2
Cell1892	1	5	1	2
Cell1893	1	8	1	2
Cell1894	1	1	2	1
Cell1895	1	4	2	1
Cell1896	1	2	2	1
Cell1897	1	6	2	1
Cell1898	1	5	1	2
Cell1899	1	2	2	1
Cell1900	1	5	1	2
Cell1901	1	1	2	1
Cell1902	1	9	1	2
Cell1903	1	5	1	2
Cell1904	1	4	2	1
Cell1905	1	2	2	1
Cell1906	1	8	1	2
Cell1907	1	3	1	2
Cell1908	1	7	1	2
Cell1909	1	4	2	1
Cell1910	1	4	2	1
Cell1911	1	3	1	2
Cell1912	1	3	1	2
Cell1913	1	9	1	2
Cell1914	1	2	2	1
Cell1915	1	2	2	1
Cell1916	1	2	2	1
Cell1917	1	11	2	1
Cell1918	1	3	1	2
Cell1919	1	4	2	1
Cell1920	1	5	1	2
Cell1921	1	2	2	1
Cell1922	1	7	1	2
Cell1923	1	8	1	2
Cell1924	1	1	2	1
Cell1925	1	6	2	1
Cell1926	1	5	1	2
Cell1927	1	1	2	1
Cell1928	1	1	2	1
Cell1929	1	5	1	2
Cell1930	1	9	1	2
Cell1931	1	3	1	2
Cell1932	1	7	1	2
Cell1933	1	8	1	2
Cell1934	1	4	2	1
Cell1935	1	7	1	2
Cell1936	1	10	1	2
Cell1937	1	1	2	1
Cell1938	1	4	2	1
Cell1939	1	8	1	2
Cell1940	1	3	1	2
Cell1942	1	6	2	1
Cell1943	1	10	1	2
Cell1944	1	7	1	2
Cell1945	1	4	2	1
Cell1947	1	7	1	2
Cell1948	1	2	2	1
Cell1949	1	2	2	1
Cell1950	1	3	1	2
Cell1952	1	4	2	1
Cell1953	1	7	1	2
Cell1954	1	5	1	2
Cell1955	1	1	2	1
Cell1956	1	2	2	1
Cell1957	1	1	2	1
Cell1958	1	9	1	2
Cell1959	1	7	1	2
Cell1960	1	7	1	2
Cell1961	1	8	1	2
Cell1962	1	4	2	1
Cell1963	1	5	1	2
Cell1964	1	3	1	2
Cell1965	1	1	2	1
Cell1966	1	6	2	1
Cell1968	1	2	2	1
Cell1969	1	2	2	1
Cell1970	1	2	2	1
Cell1972	1	3	1	2
Cell1973	1	7	1	2
Cell1974	1	3	1	2
Cell1975	1	10	1	2
Cell1976	1	3	1	2
Cell1977	1	8	1	2
Cell1978	1	6	2	1
Cell1979	1	1	2	1
Cell1980	1	3	1	2
Cell1981	1	1	2	1
Cell1982	1	5	1	2
Cell1983	1	2	2	1
Cell1984	1	6	2	1
Cell1985	1	1	2	1
Cell1986	1	6	2	1
Cell1987	1	2	2	1
Cell1988	1	3	1	2
Cell1989	1	1	2	1
Cell1990	1	3	1	2
Cell1991	1	3	1	2
Cell1992	1	7	1	2
Cell1993	1	3	1	2
Cell1994	1	7	1	2
Cell1995	1	1	2	1
Cell1996	1	11	2	1
Cell1997	1	5	1	2
Cell1998	1	4	2	1
Cell1999	1	6	2	1
Cell2000	1	3	1	2
Cell2001	1	5	1	2
Cell2002	1	3	1	2
Cell2003	1	11	2	1
Cell2004	1	3	1	2
Cell2005	1	6	2	1
Cell2006	1	7	1	2
Cell2007	1	6	2	1
Cell2008	1	4	2	1
Cell2009	1	9	1	2
Cell2010	1	5	1	2
Cell2012	1	3	1	2
Cell2013	1	3	1	2
Cell2014	1	6	2	1
Cell2015	1	1	2	1
Cell2016	1	7	1	2
Cell2017	1	3	1	2
Cell2018	1	6	2	1
Cell2020	1	5	1	2
Cell2021	1	7	1	2
Cell2022	1	1	2	1
Cell2023	1	6	2	1
Cell2024	1	9	1	2
Cell2025	1	4	2	1
Cell2026	1	4	2	1
Cell2027	1	6	2	1
Cell2028	1	4	2	1
Cell2029	1	5	1	2
Cell2030	1	10	1	2
Cell2031	1	1	2	1
Cell2032	1	6	2	1
Cell2033	1	3	1	2
Cell2034	1	7	1	2
Cell2035	1	5	1	2
Cell2037	1	11	2	1
Cell2038	1	1	2	1
Cell2039	1	8	1	2
Cell2040	1	7	1	2
Cell2041	1	3	1	2
Cell2043	1	4	2	1
Cell2044	1	2	2	1
Cell2045	1	8	1	2
Cell2046	1	2	2	1
Cell2047	1	3	1	2
Cell2048	1	2	2	1
Cell2049	1	4	2	1
Cell2050	1	8	1	2
Cell2051	1	2	2	1
Cell2052	1	3	1	2
Cell2053	1	1	2	1
Cell2054	1	3	1	2
Cell2055	1	5	1	2
Cell2056	1	2	2	1
Cell2057	1	10	1	2
Cell2058	1	6	2	1
Cell2059	1	9	1	2
Cell2060	1	8	1	2
Cell2061	1	11	2	1
Cell2062	1	1	2	1
Cell2063	1	2	2	1
Cell2064	1	1	2	1
Cell2065	1	10	1	2
Cell2066	1	9	1	2
Cell2067	1	1	2	1
Cell2068	1	8	1	2
Cell2069	1	1	2	1
Cell2070	1	6	2	1
Cell2071	1	5	1	2
Cell2072	1	5	1	2
Cell2073	1	10	1	2
Cell2074	1	6	2	1
Cell2075	1	4	2	1
Cell2076	1	5	1	2
Cell2077	1	8	1	2
Cell2078	1	7	1	2
Cell2080	1	7	1	2
Cell2082	1	5	1	2
Cell2083	1	1	2	1
Cell2084	1	11	2	1
Cell2085	1	9	1	2
Cell2086	1	4	2	1
Cell2087	1	4	2	1
Cell2088	1	7	1	2
Cell2089	1	2	2	1
Cell2090	1	3	1	2
Cell2091	1	5	1	2
Cell2092	1	4	2	1
Cell2093	1	2	2	1
Cell2095	1	2	2	1
Cell2096	1	9	1	2
Cell2097	1	10	1	2
Cell2098	1	1	2	1
Cell2099	1	8	1	2
Cell2100	1	6	2	1
Cell2101	1	4	2	1
Cell2102	1	8	1	2
Cell2103	1	7	1	2
Cell2104	1	6	2	1
Cell2106	1	6	2	1
Cell2107	1	3	1	2
Cell2108	1	9	1	2
Cell2109	1	6	2	1
Cell2110	1	3	1	2
Cell2111	1	6	2	1
Cell2112	1	5	1	2
Cell2113	1	1	2	1
Cell2114	1	1	2	1
Cell2115	1	10	1	2
Cell2118	1	6	2	1
Cell2119	1	10	1	2
Cell2120	1	2	2	1
Cell2121	1	9	1	2
Cell2122	1	8	1	2
Cell2123	1	6	2	1
Cell2124	1	2	2	1
Cell2126	1	10	1	2
Cell2127	1	3	1	2
Cell2128	1	2	2	1
Cell2129	1	1	2	1
Cell2130	1	5	1	2
Cell2131	1	2	2	1
Cell2133	1	5	1	2
Cell2135	1	5	1	2
Cell2136	1	2	2	1
Cell2137	1	2	2	1
Cell2138	1	1	2	1
Cell2139	1	11	2	1
Cell2140	1	1	2	1
Cell2141	1	7	1	2
Cell2142	1	1	2	1
Cell2143	1	10	1	2
Cell2144	1	5	1	2
Cell2145	1	10	1	2
Cell2146	1	1	2	1
Cell2147	1	4	2	1
Cell2148	1	8	1	2
Cell2149	1	5	1	2
Cell2150	1	4	2	1
Cell2151	1	5	1	2
Cell2152	1	9	1	2
Cell2153	1	4	2	1
Cell2154	1	3	1	2
Cell2155	1	2	2	1
Cell2156	1	1	2	1
Cell2157	1	1	2	1
Cell2158	1	4	2	1
Cell2159	1	8	1	2
Cell2161	1	7	1	2
Cell2162	1	8	1	2
Cell2164	1	3	1	2
Cell2165	1	6	2	1
Cell2166	1	6	2	1
Cell2167	1	5	1	2
Cell2168	1	3	1	2
Cell2169	1	4	2	1
Cell2170	1	3	1	2
Cell2171	1	9	1	2
Cell2172	1	6	2	1
Cell2173	1	9	1	2
Cell2175	1	9	1	2
Cell2176	1	1	2	1
Cell2177	1	2	2	1
Cell2178	1	10	1	2
Cell2179	1	2	2	1
Cell2180	1	6	2	1
Cell2181	1	2	2	1
Cell2182	1	6	2	1
Cell2183	1	1	2	1
Cell2184	1	1	2	1
Cell2185	1	6	2	1
Cell2186	1	1	2	1
Cell2187	1	8	1	2
Cell2188	1	9	1	2
Cell2189	1	2	2	1
Cell2190	1	1	2	1
Cell2191	1	5	1	2
Cell2192	1	6	2	1
Cell2193	1	4	2	1
Cell2194	1	7	1	2
Cell2195	1	3	1	2
Cell2196	1	6	2	1
Cell2197	1	9	1	2
Cell2198	1	1	2	1
Cell2199	1	6	2	1
Cell2200	1	1	2	1
Cell2201	1	9	1	2
Cell2202	1	5	1	2
Cell2203	1	10	1	2
Cell2204	1	7	1	2
Cell2205	1	1	2	1
Cell2206	1	7	1	2
Cell2207	1	3	1	2
Cell2208	1	1	2	1
Cell2209	1	10	1	2
Cell2210	1	5	1	2
Cell2211	1	4	2	1
Cell2212	1	3	1	2
Cell2213	1	7	1	2
Cell2214	1	5	1	2
Cell2215	1	5	1	2
Cell2216	1	6	2	1
Cell2217	1	1	2	1
Cell2218	1	2	2	1
Cell2219	1	5	1	2
Cell2220	1	2	2	1
Cell2221	1	7	1	2
Cell2222	1	6	2	1
Cell2223	1	3	1	2
Cell2224	1	2	2	1
Cell2225	1	7	1	2
Cell2226	1	2	2	1
Cell2227	1	4	2	1
Cell2228	1	3	1	2
Cell2229	1	8	1	2
Cell2230	1	8	1	2
Cell2231	1	3	1	2
Cell2232	1	2	2	1
Cell2235	1	6	2	1
Cell2236	1	2	2	1
Cell2237	1	2	2	1
Cell2238	1	4	2	1
Cell2239	1	9	1	2
Cell2240	1	4	2	1
Cell2241	1	2	2	1
Cell2242	1	10	1	2
Cell2243	1	7	1	2
Cell2244	1	4	2	1
Cell2245	1	4	2	1
Cell2246	1	2	2	1
Cell2247	1	1	2	1
Cell2248	1	9	1	2
Cell2249	1	6	2	1
Cell2250	1	8	1	2
Cell2251	1	9	1	2
Cell2252	1	2	2	1
Cell2253	1	7	1	2
Cell2254	1	3	1	2
Cell2255	1	4	2	1
Cell2256	1	2	2	1
Cell2257	1	6	2	1
Cell2258	1	4	2	1
Cell2259	1	1	2	1
Cell2260	1	8	1	2
Cell2261	1	8	1	2
Cell2262	1	9	1	2
Cell2263	1	1	2	1
Cell2264	1	11	2	1
Cell2265	1	5	1	2
Cell2266	1	8	1	2
Cell2267	1	4	2	1
Cell2268	1	1	2	1
Cell2269	1	3	1	2
Cell2270	1	6	2	1
Cell2271	1	6	2	1
Cell2272	1	10	1	2
Cell2273	1	4	2	1
Cell2274	1	7	1	2
Cell2275	1	5	1	2
Cell2276	1	7	1	2
Cell2277	1	3	1	2
Cell2278	1	2	2	1
Cell2279	1	3	1	2
Cell2280	1	9	1	2
Cell2281	1	11	2	1
Cell2282	1	5	1	2
Cell2283	1	6	2	1
Cell2284	1	4	2	1
Cell2285	1	1	2	1
Cell2287	1	7	1	2
Cell2288	1	2	2	1
Cell2289	1	3	1	2
Cell2290	1	3	1	2
Cell2291	1	1	2	1
Cell2292	1	8	1	2
Cell2293	1	6	2	1
Cell2294	1	1	2	1
Cell2295	1	5	1	2
Cell2297	1	1	2	1
Cell2298	1	5	1	2
Cell2299	1	4	2	1
Cell2300	1	6	2	1
Cell2301	1	2	2	1
Cell2302	1	8	1	2
Cell2303	1	5	1	2
Cell2304	1	5	1	2
Cell2305	1	10	1	2
Cell2306	1	5	1	2
Cell2307	1	6	2	1
Cell2308	1	5	1	2
Cell2310	1	1	2	1
Cell2311	1	2	2	1
Cell2312	1	5	1	2
Cell2313	1	3	1	2
Cell2314	1	1	2	1
Cell2315	1	2	2	1
Cell2316	1	1	2	1
Cell2317	1	4	2	1
Cell2318	1	5	1	2
Cell2319	1	2	2	1
Cell2320	1	1	2	1
Cell2321	1	1	2	1
Cell2322	1	6	2	1
Cell2323	1	5	1	2
Cell2324	1	1	2	1
Cell2325	1	1	2	1
Cell2326	1	10	1	2
Cell2327	1	6	2	1
Cell2328	1	4	2	1
Cell2329	1	3	1	2
Cell2330	1	6	2	1
Cell2331	1	11	2	1
Cell2332	1	4	2	1
Cell2333	1	1	2	1
Cell2335	1	5	1	2
Cell2338	1	4	2	1
Cell2339	1	1	2	1
Cell2340	1	3	1	2
Cell2341	1	6	2	1
Cell2342	1	8	1	2
Cell2343	1	2	2	1
Cell2344	1	6	2	1
Cell2345	1	1	2	1
Cell2346	1	11	2	1
Cell2347	1	1	2	1
Cell2348	1	2	2	1
Cell2349	1	5	1	2
Cell2350	1	9	1	2
Cell2351	1	5	1	2
Cell2352	1	2	2	1
Cell2353	1	9	1	2
Cell2354	1	8	1	2
Cell2355	1	4	2	1
Cell2356	1	1	2	1
Cell2357	1	3	1	2
Cell2358	1	5	1	2
Cell2359	1	2	2	1
Cell2360	1	11	2	1
Cell2361	1	4	2	1
Cell2362	1	8	1	2
Cell2363	1	9	1	2
Cell2364	1	5	1	2
Cell2365	1	4	2	1
Cell2366	1	3	1	2
Cell2367	1	5	1	2
Cell2368	1	9	1	2
Cell2369	1	3	1	2
Cell2370	1	1	2	1
Cell2371	1	5	1	2
Cell2372	1	3	1	2
Cell2373	1	7	1	2
Cell2374	1	3	1	2
Cell2375	1	3	1	2
Cell2376	1	7	1	2
Cell2377	1	5	1	2
Cell2378	1	3	1	2
Cell2379	1	2	2	1
Cell2380	1	2	2	1
Cell2381	1	2	2	1
Cell2383	1	3	1	2
Cell2384	1	3	1	2
Cell2385	1	8	1	2
Cell2386	1	11	2	1
Cell2387	1	11	2	1
Cell2388	1	2	2	1
Cell2389	1	3	1	2
Cell2390	1	5	1	2
Cell2391	1	4	2	1
Cell2392	1	4	2	1
Cell2393	1	6	2	1
Cell2394	1	5	1	2
Cell2395	1	1	2	1
Cell2396	1	8	1	2
Cell2397	1	11	2	1
Cell2398	1	5	1	2
Cell2399	1	9	1	2
Cell2400	1	2	2	1
Cell2401	1	3	1	2
Cell2402	1	6	2	1
Cell2403	1	8	1	2
Cell2404	1	11	2	1
Cell2405	1	7	1	2
Cell2406	1	6	2	1
Cell2407	1	1	2	1
Cell2408	1	11	2	1
Cell2409	1	1	2	1
Cell2412	1	4	2	1
Cell2413	1	10	1	2
Cell2414	1	10	1	2
Cell2415	1	1	2	1
Cell2416	1	9	1	2
Cell2417	1	2	2	1
Cell2418	1	4	2	1
Cell2419	1	4	2	1
Cell2421	1	4	2	1
Cell2422	1	8	1	2
Cell2423	1	3	1	2
Cell2424	1	7	1	2
Cell2425	1	2	2	1
Cell2426	1	8	1	2
Cell2427	1	6	2	1
Cell2428	1	9	1	2
Cell2429	1	1	2	1
Cell2430	1	9	1	2
Cell2431	1	3	1	2
Cell2432	1	3	1	2
Cell2433	1	9	1	2
Cell2434	1	3	1	2
Cell2436	1	1	2	1
Cell2437	1	3	1	2
Cell2438	1	6	2	1
Cell2439	1	2	2	1
Cell2440	1	5	1	2
Cell2441	1	5	1	2
Cell2442	1	8	1	2
Cell2443	1	1	2	1
Cell2444	1	10	1	2
Cell2445	1	2	2	1
Cell2446	1	4	2	1
Cell2447	1	2	2	1
Cell2448	1	6	2	1
Cell2449	1	3	1	2
Cell2450	1	8	1	2
Cell2451	1	3	1	2
Cell2452	1	4	2	1
Cell2453	1	5	1	2
Cell2455	1	5	1	2
Cell2456	1	3	1	2
Cell2458	1	6	2	1
Cell2459	1	11	2	1
Cell2460	1	2	2	1
Cell2461	1	6	2	1
Cell2462	1	7	1	2
Cell2464	1	7	1	2
Cell2465	1	9	1	2
Cell2466	1	9	1	2
Cell2468	1	1	2	1
Cell2469	1	3	1	2
Cell2470	1	6	2	1
Cell2471	1	2	2	1
Cell2472	1	4	2	1
Cell2473	1	7	1	2
Cell2474	1	2	2	1
Cell2475	1	7	1	2
Cell2476	1	5	1	2
Cell2477	1	7	1	2
Cell2478	1	7	1	2
Cell2479	1	6	2	1
Cell2480	1	4	2	1
Cell2481	1	8	1	2
Cell2482	1	6	2	1
Cell2483	1	3	1	2
Cell2484	1	11	2	1
Cell2485	1	6	2	1
Cell2486	1	2	2	1
Cell2487	1	7	1	2
Cell2488	1	1	2	1
Cell2489	1	6	2	1
Cell2490	1	4	2	1
Cell2491	1	3	1	2
Cell2492	1	2	2	1
Cell2493	1	1	2	1
Cell2494	1	6	2	1
Cell2495	1	11	2	1
Cell2496	1	7	1	2
Cell2497	1	11	2	1
Cell2498	1	3	1	2
Cell2499	1	6	2	1
Cell2500	1	3	1	2
Cell2501	1	3	1	2
Cell2502	1	9	1	2
Cell2503	1	2	2	1
Cell2504	1	5	1	2
Cell2505	1	10	1	2
Cell2506	1	5	1	2
Cell2507	1	6	2	1
Cell2508	1	5	1	2
Cell2509	1	3	1	2
Cell2510	1	5	1	2
Cell2511	1	5	1	2
Cell2512	1	5	1	2
Cell2513	1	6	2	1
Cell2514	1	5	1	2
Cell2515	1	8	1	2
Cell2516	1	4	2	1
Cell2517	1	4	2	1
Cell2518	1	1	2	1
Cell2519	1	2	2	1
Cell2520	1	9	1	2
Cell2521	1	10	1	2
Cell2522	1	3	1	2
Cell2523	1	2	2	1
Cell2524	1	11	2	1
Cell2525	1	7	1	2
Cell2526	1	2	2	1
Cell2527	1	1	2	1
Cell2528	1	5	1	2
Cell2529	1	3	1	2
Cell2530	1	2	2	1
Cell2531	1	6	2	1
Cell2532	1	8	1	2
Cell2533	1	1	2	1
Cell2534	1	2	2	1
Cell2535	1	3	1	2
Cell2536	1	4	2	1
Cell2537	1	5	1	2
Cell2538	1	7	1	2
Cell2539	1	11	2	1
Cell2540	1	6	2	1
Cell2541	1	4	2	1
Cell2542	1	2	2	1
Cell2543	1	3	1	2
Cell2544	1	6	2	1
Cell2545	1	11	2	1
Cell2546	1	5	1	2
Cell2547	1	5	1	2
Cell2548	1	3	1	2
Cell2549	1	5	1	2
Cell2550	1	11	2	1
Cell2551	1	1	2	1
Cell2553	1	6	2	1
Cell2554	1	10	1	2
Cell2555	1	3	1	2
Cell2556	1	3	1	2
Cell2557	1	8	1	2
Cell2558	1	7	1	2
Cell2559	1	7	1	2
Cell2560	1	10	1	2
Cell2561	1	1	2	1
Cell2562	1	2	2	1
Cell2563	1	1	2	1
Cell2564	1	3	1	2
Cell2565	1	7	1	2
Cell2566	1	5	1	2
Cell2567	1	4	2	1
Cell2568	1	3	1	2
Cell2569	1	7	1	2
Cell2570	1	2	2	1
Cell2571	1	4	2	1
Cell2572	1	2	2	1
Cell2573	1	1	2	1
Cell2574	1	6	2	1
Cell2575	1	4	2	1
Cell2576	1	2	2	1
Cell2577	1	2	2	1
Cell2579	1	6	2	1
Cell2580	1	4	2	1
Cell2581	1	10	1	2
Cell2582	1	6	2	1
Cell2583	1	2	2	1
Cell2584	1	1	2	1
Cell2585	1	3	1	2
Cell2586	1	7	1	2
Cell2587	1	6	2	1
Cell2588	1	1	2	1
Cell2589	1	6	2	1
Cell2590	1	4	2	1
Cell2591	1	7	1	2
Cell2592	1	1	2	1
Cell2593	1	8	1	2
Cell2594	1	3	1	2
Cell2595	1	2	2	1
Cell2597	1	2	2	1
Cell2598	1	2	2	1
Cell2599	1	3	1	2
Cell2600	1	1	2	1
Cell2601	1	6	2	1
Cell2602	1	2	2	1
Cell2603	1	1	2	1
Cell2604	1	5	1	2
Cell2605	1	5	1	2
Cell2606	1	9	1	2
Cell2607	1	1	2	1
Cell2608	1	11	2	1
Cell2609	1	2	2	1
Cell2610	1	9	1	2
Cell2611	1	6	2	1
Cell2612	1	7	1	2
Cell2613	1	4	2	1
Cell2614	1	1	2	1
Cell2615	1	1	2	1
Cell2616	1	4	2	1
Cell2619	1	2	2	1
Cell2620	1	2	2	1
Cell2621	1	5	1	2
Cell2622	1	4	2	1
Cell2623	1	1	2	1
Cell2625	1	6	2	1
Cell2626	1	2	2	1
Cell2627	1	8	1	2
Cell2628	1	9	1	2
Cell2629	1	3	1	2
Cell2630	1	4	2	1
Cell2631	1	4	2	1
Cell2632	1	5	1	2
Cell2633	1	2	2	1
Cell2634	1	7	1	2
Cell2635	1	1	2	1
Cell2636	1	9	1	2
Cell2637	1	6	2	1
Cell2638	1	5	1	2
Cell2639	1	4	2	1
Cell2640	1	5	1	2
Cell2641	1	7	1	2
Cell2642	1	4	2	1
Cell2643	1	5	1	2
Cell2644	1	8	1	2
Cell2645	1	9	1	2
Cell2646	1	1	2	1
Cell2647	1	6	2	1
Cell2648	1	7	1	2
Cell2650	1	10	1	2
Cell2651	1	5	1	2
Cell2652	1	7	1	2
Cell2653	1	1	2	1
Cell2654	1	1	2	1
Cell2656	1	10	1	2
Cell2657	1	2	2	1
Cell2658	1	4	2	1
Cell2660	1	6	2	1
Cell2661	1	2	2	1
Cell2662	1	2	2	1
Cell2663	1	9	1	2
Cell2664	1	2	2	1
Cell2665	1	5	1	2
Cell2666	1	1	2	1
Cell2667	1	5	1	2
Cell2668	1	3	1	2
Cell2669	1	10	1	2
Cell2670	1	5	1	2
Cell2672	1	3	1	2
Cell2673	1	5	1	2
Cell2674	1	11	2	1
Cell2675	1	3	1	2
Cell2676	1	6	2	1
Cell2677	1	6	2	1
Cell2678	1	7	1	2
Cell2679	1	6	2	1
Cell2680	1	5	1	2
Cell2681	1	4	2	1
Cell2683	1	3	1	2
Cell2684	1	6	2	1
Cell2685	1	6	2	1
Cell2686	1	9	1	2
Cell2687	1	8	1	2
Cell2688	1	11	2	1
Cell2689	1	4	2	1
Cell2690	1	5	1	2
Cell2691	1	1	2	1
Cell2692	1	10	1	2
Cell2693	1	5	1	2
Cell2694	1	1	2	1
Cell2695	1	3	1	2
Cell2696	1	7	1	2
Cell2697	1	9	1	2
Cell2698	1	8	1	2
Cell2699	1	1	2	1
Cell2700	1	5	1	2
Cell2701	1	6	2	1
Cell2702	1	2	2	1
Cell2703	1	6	2	1
Cell2704	1	2	2	1
Cell2705	1	1	2	1
Cell2706	1	2	2	1
Cell2707	1	11	2	1
Cell2708	1	3	1	2
Cell2709	1	1	2	1
Cell2710	1	1	2	1
Cell2711	1	8	1	2
Cell2712	1	7	1	2
Cell2713	1	2	2	1
Cell2715	1	3	1	2
Cell2716	1	5	1	2
Cell2717	1	2	2	1
Cell2718	1	1	2	1
Cell2719	1	6	2	1
Cell2720	1	6	2	1
Cell2721	1	4	2	1
Cell2722	1	9	1	2
Cell2723	1	1	2	1
Cell2724	1	7	1	2
Cell2725	1	1	2	1
Cell2726	1	2	2	1
Cell2727	1	1	2	1
Cell2728	1	7	1	2
Cell2729	1	4	2	1
Cell2730	1	8	1	2
Cell2731	1	7	1	2
Cell2732	1	7	1	2
Cell2733	1	2	2	1
Cell2734	1	7	1	2
Cell2735	1	10	1	2
Cell2736	1	3	1	2
Cell2737	1	1	2	1
Cell2738	1	2	2	1
Cell2739	1	8	1	2
Cell2740	1	4	2	1
Cell2741	1	3	1	2
Cell2742	1	2	2	1
Cell2743	1	3	1	2
Cell2744	1	5	1	2
Cell2745	1	2	2	1
Cell2747	1	2	2	1
Cell2748	1	1	2	1
Cell2749	1	10	1	2
Cell2750	1	9	1	2
Cell2751	1	2	2	1
Cell2752	1	6	2	1
Cell2753	1	3	1	2
Cell2754	1	2	2	1
Cell2755	1	1	2	1
Cell2756	1	11	2	1
Cell2757	1	1	2	1
Cell2758	1	4	2	1
Cell2759	1	4	2	1
Cell2760	1	5	1	2
Cell2761	1	3	1	2
Cell2762	1	8	1	2
Cell2763	1	1	2	1
Cell2764	1	4	2	1
Cell2765	1	1	2	1
Cell2766	1	6	2	1
Cell2767	1	4	2	1
Cell2768	1	11	2	1
Cell2769	1	8	1	2
Cell2770	1	3	1	2
Cell2771	1	4	2	1
Cell2772	1	5	1	2
Cell2773	1	7	1	2
Cell2774	1	1	2	1
Cell2775	1	1	2	1
Cell2776	1	6	2	1
Cell2777	1	3	1	2
Cell2778	1	4	2	1
Cell2779	1	8	1	2
Cell2780	1	5	1	2
Cell2781	1	10	1	2
Cell2782	1	3	1	2
Cell2783	1	11	2	1
Cell2784	1	5	1	2
Cell2785	1	4	2	1
Cell2786	1	5	1	2
Cell2787	1	6	2	1
Cell2788	1	1	2	1
Cell2789	1	1	2	1
Cell2790	1	9	1	2
Cell2791	1	4	2	1
Cell2792	1	2	2	1
Cell2793	1	3	1	2
Cell2794	1	5	1	2
Cell2795	1	7	1	2
Cell2796	1	3	1	2
Cell2797	1	6	2	1
Cell2798	1	8	1	2
Cell2799	1	7	1	2
Cell2800	1	5	1	2
Cell2801	1	4	2	1
Cell2802	1	6	2	1
Cell2803	1	3	1	2
Cell2804	1	11	2	1
Cell2805	1	7	1	2
Cell2806	1	5	1	2
Cell2807	1	4	2	1
Cell2808	1	11	2	1
Cell2809	1	3	1	2
Cell2810	1	3	1	2
Cell2811	1	1	2	1
Cell2812	1	1	2	1
Cell2813	1	9	1	2
Cell2814	1	8	1	2
Cell2815	1	6	2	1
Cell2816	1	2	2	1
Cell2817	1	10	1	2
Cell2818	1	2	2	1
Cell2819	1	7	1	2
Cell2820	1	3	1	2
Cell2821	1	2	2	1
Cell2822	1	7	1	2
Cell2823	1	10	1	2
Cell2824	1	11	2	1
Cell2825	1	5	1	2
Cell2826	1	8	1	2
Cell2827	1	11	2	1
Cell2828	1	1	2	1
Cell2829	1	1	2	1
Cell2830	1	2	2	1
Cell2831	1	4	2	1
Cell2832	1	8	1	2
Cell2833	1	6	2	1
Cell2834	1	2	2	1
Cell2835	1	1	2	1
Cell2836	1	2	2	1
Cell2837	1	7	1	2
Cell2838	1	6	2	1
Cell2839	1	1	2	1
Cell2840	1	2	2	1
Cell2841	1	6	2	1
Cell2842	1	11	2	1
Cell2843	1	2	2	1
Cell2845	1	5	1	2
Cell2846	1	2	2	1
Cell2847	1	2	2	1
Cell2848	1	7	1	2
Cell2849	1	7	1	2
Cell2850	1	1	2	1
Cell2851	1	6	2	1
Cell2853	1	4	2	1
Cell2854	1	9	1	2
Cell2855	1	4	2	1
Cell2856	1	1	2	1
Cell2858	1	4	2	1
Cell2859	1	1	2	1
Cell2860	1	10	1	2
Cell2861	1	6	2	1
Cell2862	1	7	1	2
Cell2863	1	4	2	1
Cell2864	1	4	2	1
Cell2865	1	5	1	2
Cell2866	1	7	1	2
Cell2867	1	2	2	1
Cell2868	1	9	1	2
Cell2869	1	2	2	1
Cell2870	1	1	2	1
Cell2871	1	5	1	2
Cell2872	1	5	1	2
Cell2873	1	1	2	1
Cell2874	1	9	1	2
Cell2875	1	4	2	1
Cell2877	1	7	1	2
Cell2878	1	7	1	2
Cell2879	1	2	2	1
Cell2880	1	3	1	2
Cell2881	1	8	1	2
Cell2882	1	6	2	1
Cell2883	1	4	2	1
Cell2884	1	2	2	1
Cell2885	1	6	2	1
Cell2886	1	10	1	2
Cell2887	1	2	2	1
Cell2888	1	3	1	2
Cell2889	1	7	1	2
Cell2890	1	11	2	1
Cell2891	1	4	2	1
Cell2892	1	6	2	1
Cell2893	1	8	1	2
Cell2894	1	2	2	1
Cell2895	1	5	1	2
Cell2896	1	1	2	1
Cell2897	1	6	2	1
Cell2898	1	1	2	1
Cell2899	1	5	1	2
Cell2900	1	9	1	2
Cell2901	1	4	2	1
Cell2902	1	5	1	2
Cell2903	1	2	2	1
Cell2904	1	4	2	1
Cell2906	1	6	2	1
Cell2907	1	1	2	1
Cell2908	1	10	1	2
Cell2909	1	4	2	1
Cell2910	1	1	2	1
Cell2911	1	6	2	1
Cell2912	1	7	1	2
Cell2913	1	11	2	1
Cell2914	1	10	1	2
Cell2915	1	2	2	1
Cell2916	1	3	1	2
Cell2917	1	5	1	2
Cell2918	1	4	2	1
Cell2919	1	1	2	1
Cell2920	1	3	1	2
Cell2921	1	7	1	2
Cell2922	1	3	1	2
Cell2923	1	4	2	1
Cell2924	1	9	1	2
Cell2925	1	3	1	2
Cell2926	1	3	1	2
Cell2927	1	6	2	1
Cell2928	1	1	2	1
Cell2929	1	1	2	1
Cell2930	1	9	1	2
Cell2931	1	10	1	2
Cell2932	1	6	2	1
Cell2933	1	3	1	2
Cell2934	1	4	2	1
Cell2935	1	7	1	2
Cell2936	1	11	2	1
Cell2937	1	2	2	1
Cell2938	1	7	1	2
Cell2939	1	11	2	1
Cell2940	1	8	1	2
Cell2941	1	4	2	1
Cell2942	1	1	2	1
Cell2943	1	2	2	1
Cell2944	1	4	2	1
Cell2945	1	8	1	2
Cell2946	1	7	1	2
Cell2947	1	6	2	1
Cell2948	1	5	1	2
Cell2949	1	1	2	1
Cell2950	1	1	2	1
Cell2951	1	3	1	2
Cell2952	1	9	1	2
Cell2953	1	1	2	1
Cell2954	1	5	1	2
Cell2955	1	2	2	1
Cell2956	1	4	2	1
Cell2957	1	3	1	2
Cell2958	1	8	1	2
Cell2959	1	3	1	2
Cell2960	1	5	1	2
Cell2961	1	1	2	1
Cell2962	1	6	2	1
Cell2963	1	1	2	1
Cell2965	1	3	1	2
Cell2966	1	2	2	1
Cell2967	1	2	2	1
Cell2968	1	2	2	1
Cell2969	1	4	2	1
Cell2970	1	3	1	2
Cell2971	1	1	2	1
Cell2972	1	8	1	2
Cell2973	1	5	1	2
Cell2974	1	2	2	1
Cell2975	1	6	2	1
Cell2976	1	1	2	1
Cell2977	1	8	1	2
Cell2978	1	3	1	2
Cell2979	1	5	1	2
Cell2980	1	2	2	1
Cell2981	1	11	2	1
Cell2982	1	1	2	1
Cell2983	1	11	2	1
Cell2984	1	3	1	2
Cell2985	1	7	1	2
Cell2986	1	5	1	2
Cell2987	1	10	1	2
Cell2988	1	6	2	1
Cell2989	1	2	2	1
Cell2990	1	1	2	1
Cell2991	1	2	2	1
Cell2992	1	4	2	1
Cell2993	1	8	1	2
Cell2994	1	9	1	2
Cell2995	1	10	1	2
Cell2996	1	8	1	2
Cell2997	1	3	1	2
Cell2998	1	1	2	1
Cell2999	1	10	1	2
Cell3000	1	1	2	1
