ID	did	seurat_cluster	kmeans_cluster	labels
Cell1	1	2	2	1
Cell2	1	2	4	1
Cell3	1	7	6	4
Cell4	1	8	7	5
Cell5	1	3	3	8
Cell6	1	7	6	4
Cell7	1	4	6	3
Cell8	1	1	5	7
Cell9	1	3	3	8
Cell10	1	1	5	7
Cell11	1	4	6	3
Cell12	1	8	7	5
Cell13	1	7	6	4
Cell15	1	5	1	2
Cell16	1	3	3	8
Cell17	1	2	2	1
Cell18	1	8	7	5
Cell19	1	8	7	5
Cell20	1	7	6	4
Cell21	1	8	7	5
Cell22	1	4	6	3
Cell23	1	6	8	6
Cell24	1	5	1	2
Cell25	1	4	6	3
Cell26	1	8	7	5
Cell27	1	6	8	6
Cell28	1	1	5	7
Cell29	1	7	6	4
Cell30	1	3	3	8
Cell31	1	8	7	5
Cell32	1	4	6	3
Cell33	1	5	1	2
Cell34	1	5	1	2
Cell35	1	8	7	5
Cell36	1	5	1	2
Cell37	1	3	3	8
Cell38	1	5	1	2
Cell39	1	7	6	4
Cell40	1	8	7	5
Cell41	1	3	3	8
Cell42	1	8	7	5
Cell43	1	1	5	7
Cell44	1	2	4	1
Cell45	1	3	3	8
Cell46	1	8	7	5
Cell47	1	6	8	6
Cell48	1	2	2	1
Cell49	1	3	3	8
Cell50	1	6	8	6
Cell51	1	1	5	7
Cell52	1	6	8	6
Cell53	1	2	4	1
Cell54	1	3	3	8
Cell55	1	2	4	1
Cell56	1	4	6	3
Cell57	1	1	5	7
Cell58	1	6	8	6
Cell59	1	5	1	2
Cell60	1	6	8	6
Cell61	1	1	5	7
Cell62	1	8	7	5
Cell63	1	3	3	8
Cell64	1	7	6	4
Cell65	1	5	1	2
Cell66	1	4	6	3
Cell67	1	3	3	8
Cell68	1	8	7	5
Cell69	1	5	1	2
Cell70	1	1	5	7
Cell71	1	8	7	5
Cell72	1	4	6	3
Cell73	1	3	3	8
Cell75	1	7	6	4
Cell76	1	6	8	6
Cell77	1	2	4	1
Cell78	1	6	8	6
Cell79	1	4	6	3
Cell80	1	4	6	3
Cell81	1	6	8	6
Cell82	1	3	3	8
Cell83	1	1	5	7
Cell84	1	7	6	4
Cell85	1	4	6	3
Cell86	1	2	4	1
Cell87	1	1	5	7
Cell88	1	3	3	8
Cell89	1	6	8	6
Cell90	1	8	7	5
Cell91	1	3	3	8
Cell92	1	2	2	1
Cell93	1	6	8	6
Cell94	1	2	2	1
Cell95	1	1	5	7
Cell96	1	8	7	5
Cell97	1	2	2	1
Cell98	1	6	8	6
Cell99	1	4	6	3
Cell100	1	2	2	1
Cell101	1	2	4	1
Cell102	1	1	5	7
Cell103	1	5	1	2
Cell104	1	4	6	3
Cell105	1	3	3	8
Cell106	1	7	6	4
Cell107	1	4	6	3
Cell108	1	7	6	4
Cell109	1	7	6	4
Cell110	1	5	1	2
Cell111	1	7	6	4
Cell112	1	7	6	4
Cell113	1	8	7	5
Cell114	1	5	1	2
Cell115	1	2	2	1
Cell116	1	1	5	7
Cell118	1	7	6	4
Cell119	1	3	3	8
Cell120	1	3	3	8
Cell121	1	4	6	3
Cell122	1	3	3	8
Cell123	1	7	6	4
Cell124	1	6	8	6
Cell125	1	1	5	7
Cell126	1	2	4	1
Cell127	1	1	5	7
Cell128	1	4	6	3
Cell130	1	2	4	1
Cell131	1	2	2	1
Cell132	1	2	2	1
Cell133	1	7	6	4
Cell135	1	6	8	6
Cell136	1	2	2	1
Cell137	1	2	2	1
Cell138	1	5	1	2
Cell139	1	4	6	3
Cell140	1	7	6	4
Cell141	1	8	7	5
Cell142	1	4	6	3
Cell144	1	5	1	2
Cell145	1	7	6	4
Cell146	1	4	6	3
Cell147	1	7	6	4
Cell148	1	2	2	1
Cell149	1	2	2	1
Cell150	1	4	6	3
Cell151	1	1	5	7
Cell152	1	2	2	1
Cell153	1	6	8	6
Cell154	1	8	7	5
Cell155	1	5	1	2
Cell156	1	7	6	4
Cell157	1	7	6	4
Cell158	1	8	7	5
Cell159	1	5	1	2
Cell160	1	1	5	7
Cell162	1	4	6	3
Cell163	1	7	6	4
Cell164	1	3	3	8
Cell165	1	8	7	5
Cell166	1	6	8	6
Cell167	1	4	6	3
Cell168	1	5	1	2
Cell169	1	6	8	6
Cell170	1	8	7	5
Cell171	1	1	5	7
Cell172	1	6	8	6
Cell173	1	4	6	3
Cell174	1	5	1	2
Cell175	1	8	7	5
Cell176	1	3	3	8
Cell177	1	7	6	4
Cell178	1	6	8	6
Cell179	1	7	6	4
Cell180	1	7	6	4
Cell181	1	3	3	8
Cell182	1	2	2	1
Cell183	1	3	3	8
Cell184	1	5	1	2
Cell186	1	1	5	7
Cell187	1	5	1	2
Cell188	1	5	1	2
Cell189	1	2	2	1
Cell190	1	4	6	3
Cell191	1	8	7	5
Cell192	1	3	3	8
Cell193	1	4	6	3
Cell194	1	3	3	8
Cell195	1	2	4	1
Cell196	1	2	4	1
Cell197	1	6	8	6
Cell198	1	1	5	7
Cell199	1	6	8	6
Cell200	1	4	6	3
Cell201	1	3	3	8
Cell202	1	7	6	4
Cell203	1	4	6	3
Cell204	1	4	6	3
Cell205	1	3	3	8
Cell206	1	8	7	5
Cell207	1	5	1	2
Cell208	1	4	6	3
Cell210	1	1	5	7
Cell211	1	3	3	8
Cell212	1	8	7	5
Cell213	1	7	6	4
Cell215	1	7	6	4
Cell216	1	6	8	6
Cell217	1	1	5	7
Cell218	1	3	3	8
Cell219	1	4	6	3
Cell220	1	2	4	1
Cell221	1	8	7	5
Cell222	1	7	6	4
Cell225	1	5	1	2
Cell226	1	6	8	6
Cell227	1	4	6	3
Cell228	1	1	5	7
Cell229	1	4	6	3
Cell230	1	5	1	2
Cell231	1	5	1	2
Cell232	1	1	5	7
Cell233	1	8	7	5
Cell234	1	5	1	2
Cell235	1	3	3	8
Cell236	1	5	1	2
Cell237	1	8	7	5
Cell238	1	3	3	8
Cell239	1	5	1	2
Cell240	1	3	3	8
Cell241	1	7	6	4
Cell242	1	7	6	4
Cell243	1	6	8	6
Cell244	1	7	6	4
Cell245	1	6	8	6
Cell246	1	5	1	2
Cell247	1	1	5	7
Cell248	1	5	1	2
Cell249	1	7	6	4
Cell250	1	3	3	8
Cell251	1	4	6	3
Cell252	1	3	3	8
Cell253	1	3	3	8
Cell254	1	6	8	6
Cell256	1	8	7	5
Cell257	1	7	6	4
Cell258	1	7	6	4
Cell259	1	1	5	7
Cell260	1	4	6	3
Cell261	1	8	7	5
Cell262	1	1	5	7
Cell263	1	1	5	7
Cell264	1	2	4	1
Cell265	1	1	5	7
Cell266	1	3	3	8
Cell267	1	8	7	5
Cell268	1	2	2	1
Cell269	1	8	7	5
Cell270	1	8	7	5
Cell271	1	8	7	5
Cell272	1	1	5	7
Cell273	1	4	6	3
Cell274	1	3	3	8
Cell275	1	8	7	5
Cell276	1	8	7	5
Cell277	1	2	2	1
Cell278	1	1	5	7
Cell279	1	1	5	7
Cell280	1	3	3	8
Cell281	1	6	8	6
Cell282	1	7	6	4
Cell283	1	6	8	6
Cell284	1	5	1	2
Cell285	1	1	5	7
Cell286	1	2	4	1
Cell287	1	3	3	8
Cell288	1	7	6	4
Cell289	1	1	5	7
Cell290	1	2	2	1
Cell291	1	1	5	7
Cell294	1	3	3	8
Cell295	1	1	5	7
Cell296	1	7	6	4
Cell297	1	4	6	3
Cell298	1	4	6	3
Cell299	1	4	6	3
Cell300	1	8	7	5
Cell301	1	2	2	1
Cell302	1	4	6	3
Cell303	1	7	6	4
Cell304	1	5	1	2
Cell305	1	4	6	3
Cell306	1	1	5	7
Cell307	1	3	3	8
Cell308	1	2	2	1
Cell309	1	1	5	7
Cell310	1	6	8	6
Cell311	1	5	1	2
Cell312	1	2	2	1
Cell313	1	1	5	7
Cell314	1	7	6	4
Cell315	1	1	5	7
Cell318	1	1	5	7
Cell319	1	8	7	5
Cell320	1	3	3	8
Cell321	1	4	6	3
Cell322	1	2	2	1
Cell323	1	2	4	1
Cell324	1	1	5	7
Cell325	1	3	3	8
Cell326	1	2	2	1
Cell327	1	2	4	1
Cell329	1	4	6	3
Cell330	1	6	8	6
Cell332	1	1	5	7
Cell333	1	2	2	1
Cell334	1	1	5	7
Cell335	1	6	8	6
Cell336	1	3	3	8
Cell337	1	2	2	1
Cell338	1	3	3	8
Cell339	1	8	7	5
Cell340	1	2	4	1
Cell342	1	8	7	5
Cell343	1	1	5	7
Cell344	1	8	7	5
Cell345	1	3	3	8
Cell346	1	1	5	7
Cell347	1	6	8	6
Cell348	1	3	3	8
Cell349	1	3	3	8
Cell350	1	3	3	8
Cell351	1	3	3	8
Cell352	1	5	1	2
Cell353	1	3	3	8
Cell354	1	7	6	4
Cell355	1	2	2	1
Cell356	1	3	3	8
Cell357	1	6	8	6
Cell358	1	7	6	4
Cell359	1	4	6	3
Cell360	1	1	5	7
Cell361	1	4	6	3
Cell362	1	7	6	4
Cell363	1	3	3	8
Cell364	1	1	5	7
Cell366	1	2	2	1
Cell367	1	4	6	3
Cell368	1	7	6	4
Cell369	1	1	5	7
Cell370	1	7	6	4
Cell371	1	4	6	3
Cell372	1	5	1	2
Cell373	1	7	6	4
Cell374	1	4	6	3
Cell375	1	7	6	4
Cell376	1	1	5	7
Cell377	1	1	5	7
Cell378	1	7	6	4
Cell380	1	8	7	5
Cell381	1	2	4	1
Cell382	1	7	6	4
Cell383	1	6	8	6
Cell385	1	5	1	2
Cell386	1	4	6	3
Cell387	1	3	3	8
Cell388	1	7	6	4
Cell389	1	6	8	6
Cell390	1	6	8	6
Cell391	1	8	7	5
Cell392	1	4	6	3
Cell393	1	4	6	3
Cell394	1	5	1	2
Cell395	1	8	7	5
Cell396	1	2	4	1
Cell397	1	7	6	4
Cell398	1	3	3	8
Cell399	1	1	5	7
Cell400	1	7	6	4
Cell401	1	2	2	1
Cell402	1	7	6	4
Cell403	1	8	7	5
Cell404	1	7	6	4
Cell405	1	5	1	2
Cell406	1	7	6	4
Cell407	1	6	8	6
Cell408	1	2	2	1
Cell409	1	5	1	2
Cell410	1	4	6	3
Cell411	1	1	5	7
Cell412	1	2	4	1
Cell413	1	4	6	3
Cell414	1	8	7	5
Cell415	1	4	6	3
Cell416	1	7	6	4
Cell417	1	1	5	7
Cell418	1	3	3	8
Cell419	1	2	2	1
Cell420	1	2	2	1
Cell421	1	1	5	7
Cell422	1	8	7	5
Cell423	1	4	6	3
Cell424	1	4	6	3
Cell425	1	2	2	1
Cell426	1	4	6	3
Cell427	1	3	3	8
Cell428	1	8	7	5
Cell429	1	5	1	2
Cell430	1	3	3	8
Cell432	1	5	1	2
Cell433	1	7	6	4
Cell434	1	1	5	7
Cell435	1	6	8	6
Cell436	1	1	5	7
Cell437	1	7	6	4
Cell438	1	2	2	1
Cell439	1	6	8	6
Cell440	1	1	5	7
Cell441	1	2	2	1
Cell442	1	4	6	3
Cell443	1	4	6	3
Cell444	1	4	6	3
Cell445	1	4	6	3
Cell446	1	2	4	1
Cell447	1	3	3	8
Cell448	1	3	3	8
Cell449	1	8	7	5
Cell450	1	3	3	8
Cell451	1	4	6	3
Cell452	1	3	3	8
Cell453	1	2	2	1
Cell454	1	2	4	1
Cell455	1	3	3	8
Cell457	1	7	6	4
Cell458	1	6	8	6
Cell459	1	5	1	2
Cell460	1	4	6	3
Cell461	1	1	5	7
Cell462	1	8	7	5
Cell463	1	2	2	1
Cell464	1	4	6	3
Cell465	1	4	6	3
Cell466	1	2	2	1
Cell467	1	4	6	3
Cell468	1	2	4	1
Cell469	1	6	8	6
Cell470	1	2	2	1
Cell471	1	6	8	6
Cell472	1	5	1	2
Cell474	1	4	6	3
Cell475	1	5	1	2
Cell476	1	7	6	4
Cell478	1	8	7	5
Cell479	1	1	5	7
Cell480	1	1	5	7
Cell481	1	4	6	3
Cell482	1	8	7	5
Cell483	1	6	8	6
Cell484	1	1	5	7
Cell486	1	2	4	1
Cell487	1	3	3	8
Cell488	1	3	3	8
Cell489	1	8	7	5
Cell490	1	3	3	8
Cell491	1	2	4	1
Cell492	1	6	8	6
Cell493	1	7	6	4
Cell495	1	6	8	6
Cell497	1	3	3	8
Cell498	1	4	6	3
Cell499	1	2	4	1
Cell500	1	7	6	4
Cell501	1	7	6	4
Cell503	1	7	6	4
Cell504	1	8	7	5
Cell505	1	1	5	7
Cell506	1	2	4	1
Cell507	1	2	2	1
Cell508	1	1	5	7
Cell510	1	3	3	8
Cell511	1	2	4	1
Cell512	1	2	4	1
Cell513	1	4	6	3
Cell515	1	3	3	8
Cell516	1	2	2	1
Cell517	1	8	7	5
Cell518	1	2	2	1
Cell519	1	8	7	5
Cell520	1	6	8	6
Cell521	1	4	6	3
Cell522	1	5	1	2
Cell523	1	6	8	6
Cell524	1	5	1	2
Cell525	1	5	1	2
Cell526	1	6	8	6
Cell527	1	7	6	4
Cell528	1	8	7	5
Cell529	1	5	1	2
Cell530	1	3	3	8
Cell531	1	6	8	6
Cell532	1	1	5	7
Cell533	1	2	2	1
Cell534	1	3	3	8
Cell535	1	4	6	3
Cell536	1	4	6	3
Cell537	1	4	6	3
Cell538	1	6	8	6
Cell539	1	6	8	6
Cell540	1	3	3	8
Cell541	1	8	7	5
Cell542	1	5	1	2
Cell543	1	5	1	2
Cell544	1	4	6	3
Cell545	1	4	6	3
Cell546	1	8	7	5
Cell547	1	1	5	7
Cell548	1	5	1	2
Cell550	1	1	5	7
Cell552	1	7	6	4
Cell553	1	1	5	7
Cell554	1	5	1	2
Cell555	1	5	1	2
Cell556	1	3	3	8
Cell557	1	5	1	2
Cell559	1	2	4	1
Cell560	1	2	4	1
Cell561	1	6	8	6
Cell562	1	4	6	3
Cell563	1	3	3	8
Cell564	1	6	8	6
Cell565	1	8	7	5
Cell566	1	1	5	7
Cell567	1	5	1	2
Cell568	1	1	5	7
Cell570	1	3	3	8
Cell571	1	4	6	3
Cell572	1	7	6	4
Cell573	1	4	6	3
Cell574	1	8	7	5
Cell575	1	4	6	3
Cell576	1	7	6	4
Cell577	1	4	6	3
Cell579	1	1	5	7
Cell580	1	5	1	2
Cell581	1	1	5	7
Cell582	1	2	4	1
Cell583	1	7	6	4
Cell584	1	7	6	4
Cell585	1	8	7	5
Cell586	1	4	6	3
Cell587	1	1	5	7
Cell588	1	8	7	5
Cell589	1	3	3	8
Cell590	1	5	1	2
Cell591	1	1	5	7
Cell592	1	7	6	4
Cell593	1	7	6	4
Cell594	1	8	7	5
Cell595	1	1	5	7
Cell596	1	3	3	8
Cell597	1	6	8	6
Cell599	1	3	3	8
Cell600	1	2	4	1
Cell601	1	6	8	6
Cell602	1	4	6	3
Cell603	1	2	4	1
Cell604	1	2	4	1
Cell605	1	5	1	2
Cell606	1	5	1	2
Cell607	1	2	4	1
Cell608	1	6	8	6
Cell609	1	1	5	7
Cell610	1	2	2	1
Cell611	1	4	6	3
Cell612	1	6	8	6
Cell613	1	4	6	3
Cell614	1	4	6	3
Cell615	1	6	8	6
Cell617	1	4	6	3
Cell618	1	7	6	4
Cell619	1	2	2	1
Cell620	1	2	4	1
Cell621	1	5	1	2
Cell622	1	6	8	6
Cell623	1	6	8	6
Cell624	1	1	5	7
Cell625	1	6	8	6
Cell626	1	8	7	5
Cell627	1	6	8	6
Cell628	1	5	1	2
Cell629	1	2	2	1
Cell630	1	1	5	7
Cell631	1	3	3	8
Cell632	1	7	6	4
Cell633	1	7	6	4
Cell634	1	8	7	5
Cell635	1	1	5	7
Cell636	1	8	7	5
Cell637	1	6	8	6
Cell638	1	2	2	1
Cell639	1	6	8	6
Cell640	1	4	6	3
Cell641	1	4	6	3
Cell642	1	1	5	7
Cell644	1	6	8	6
Cell645	1	7	6	4
Cell646	1	4	6	3
Cell647	1	6	8	6
Cell648	1	5	1	2
Cell649	1	8	7	5
Cell650	1	3	3	8
Cell651	1	5	1	2
Cell652	1	6	8	6
Cell653	1	8	7	5
Cell654	1	5	1	2
Cell655	1	4	6	3
Cell656	1	3	3	8
Cell657	1	1	5	7
Cell658	1	5	1	2
Cell659	1	7	6	4
Cell660	1	7	6	4
Cell661	1	4	6	3
Cell662	1	8	7	5
Cell663	1	1	5	7
Cell664	1	5	1	2
Cell665	1	2	4	1
Cell666	1	2	2	1
Cell667	1	6	8	6
Cell668	1	5	1	2
Cell669	1	6	8	6
Cell670	1	8	7	5
Cell671	1	6	8	6
Cell672	1	3	3	8
Cell673	1	6	8	6
Cell674	1	7	6	4
Cell675	1	1	5	7
Cell676	1	8	7	5
Cell677	1	5	1	2
Cell678	1	5	1	2
Cell679	1	8	7	5
Cell680	1	7	6	4
Cell681	1	1	5	7
Cell682	1	6	8	6
Cell683	1	6	8	6
Cell684	1	8	7	5
Cell685	1	7	6	4
Cell686	1	4	6	3
Cell687	1	6	8	6
Cell688	1	3	3	8
Cell689	1	4	6	3
Cell690	1	3	3	8
Cell691	1	6	8	6
Cell693	1	4	6	3
Cell694	1	1	5	7
Cell695	1	1	5	7
Cell696	1	2	2	1
Cell697	1	1	5	7
Cell698	1	8	7	5
Cell699	1	5	1	2
Cell700	1	4	6	3
Cell701	1	5	1	2
Cell702	1	1	5	7
Cell703	1	6	8	6
Cell704	1	6	8	6
Cell705	1	7	6	4
Cell706	1	3	3	8
Cell707	1	3	3	8
Cell708	1	4	6	3
Cell709	1	5	1	2
Cell710	1	4	6	3
Cell711	1	5	1	2
Cell712	1	4	6	3
Cell713	1	3	3	8
Cell714	1	1	5	7
Cell715	1	6	8	6
Cell716	1	5	1	2
Cell717	1	8	7	5
Cell718	1	1	5	7
Cell719	1	4	6	3
Cell720	1	7	6	4
Cell721	1	5	1	2
Cell722	1	6	8	6
Cell723	1	5	1	2
Cell724	1	6	8	6
Cell725	1	3	3	8
Cell726	1	6	8	6
Cell727	1	3	3	8
Cell728	1	1	5	7
Cell729	1	8	7	5
Cell731	1	8	7	5
Cell732	1	8	7	5
Cell733	1	8	7	5
Cell734	1	3	3	8
Cell735	1	4	6	3
Cell736	1	2	4	1
Cell737	1	2	4	1
Cell738	1	3	3	8
Cell739	1	5	1	2
Cell740	1	5	1	2
Cell741	1	6	8	6
Cell742	1	7	6	4
Cell743	1	6	8	6
Cell744	1	1	5	7
Cell745	1	1	5	7
Cell746	1	8	7	5
Cell747	1	3	3	8
Cell748	1	7	6	4
Cell749	1	7	6	4
Cell750	1	1	5	7
Cell751	1	4	6	3
Cell752	1	6	8	6
Cell753	1	8	7	5
Cell754	1	3	3	8
Cell755	1	1	5	7
Cell756	1	4	6	3
Cell757	1	4	6	3
Cell758	1	2	4	1
Cell759	1	1	5	7
Cell760	1	7	6	4
Cell761	1	7	6	4
Cell762	1	6	8	6
Cell763	1	3	3	8
Cell764	1	6	8	6
Cell765	1	6	8	6
Cell766	1	7	6	4
Cell767	1	1	5	7
Cell768	1	2	4	1
Cell769	1	2	2	1
Cell770	1	2	4	1
Cell771	1	2	2	1
Cell772	1	6	8	6
Cell773	1	5	1	2
Cell774	1	8	7	5
Cell775	1	3	3	8
Cell776	1	7	6	4
Cell777	1	8	7	5
Cell778	1	6	8	6
Cell779	1	3	3	8
Cell780	1	6	8	6
Cell781	1	1	5	7
Cell782	1	7	6	4
Cell783	1	3	3	8
Cell784	1	6	8	6
Cell785	1	4	6	3
Cell786	1	3	3	8
Cell787	1	2	4	1
Cell788	1	7	6	4
Cell789	1	2	2	1
Cell790	1	6	8	6
Cell791	1	6	8	6
Cell792	1	8	7	5
Cell793	1	4	6	3
Cell795	1	4	6	3
Cell796	1	5	1	2
Cell797	1	2	4	1
Cell798	1	3	3	8
Cell799	1	6	8	6
Cell800	1	1	5	7
Cell801	1	7	6	4
Cell802	1	4	6	3
Cell803	1	5	1	2
Cell804	1	3	3	8
Cell805	1	6	8	6
Cell806	1	6	8	6
Cell807	1	8	7	5
Cell808	1	4	6	3
Cell809	1	8	7	5
Cell810	1	3	3	8
Cell811	1	7	6	4
Cell812	1	8	7	5
Cell813	1	6	8	6
Cell814	1	6	8	6
Cell815	1	8	7	5
Cell816	1	1	5	7
Cell817	1	1	5	7
Cell819	1	1	5	7
Cell820	1	2	2	1
Cell821	1	4	6	3
Cell822	1	4	6	3
Cell823	1	4	6	3
Cell824	1	6	8	6
Cell825	1	8	7	5
Cell826	1	5	1	2
Cell827	1	4	6	3
Cell828	1	8	7	5
Cell829	1	1	5	7
Cell830	1	2	2	1
Cell831	1	6	8	6
Cell832	1	1	5	7
Cell833	1	1	5	7
Cell834	1	5	1	2
Cell837	1	4	6	3
Cell838	1	4	6	3
Cell839	1	3	3	8
Cell840	1	5	1	2
Cell841	1	5	1	2
Cell842	1	1	5	7
Cell843	1	5	1	2
Cell844	1	3	3	8
Cell845	1	3	3	8
Cell846	1	2	4	1
Cell847	1	3	3	8
Cell848	1	5	1	2
Cell849	1	1	5	7
Cell850	1	8	7	5
Cell851	1	7	6	4
Cell852	1	2	4	1
Cell853	1	2	4	1
Cell854	1	6	8	6
Cell855	1	2	4	1
Cell856	1	2	4	1
Cell857	1	4	6	3
Cell858	1	7	6	4
Cell859	1	8	7	5
Cell860	1	4	6	3
Cell861	1	7	6	4
Cell862	1	7	6	4
Cell863	1	3	3	8
Cell864	1	2	2	1
Cell865	1	1	5	7
Cell866	1	1	5	7
Cell867	1	2	4	1
Cell868	1	1	5	7
Cell869	1	7	6	4
Cell870	1	2	4	1
Cell872	1	2	4	1
Cell873	1	8	7	5
Cell875	1	8	7	5
Cell876	1	1	5	7
Cell877	1	4	6	3
Cell878	1	5	1	2
Cell879	1	2	2	1
Cell880	1	7	6	4
Cell881	1	6	8	6
Cell882	1	1	5	7
Cell883	1	3	3	8
Cell884	1	5	1	2
Cell885	1	1	5	7
Cell886	1	7	6	4
Cell887	1	2	2	1
Cell888	1	5	1	2
Cell889	1	5	1	2
Cell890	1	5	1	2
Cell891	1	6	8	6
Cell892	1	7	6	4
Cell893	1	4	6	3
Cell894	1	2	4	1
Cell895	1	3	3	8
Cell896	1	7	6	4
Cell897	1	3	3	8
Cell898	1	2	4	1
Cell899	1	5	1	2
Cell900	1	1	5	7
Cell903	1	3	3	8
Cell904	1	4	6	3
Cell905	1	6	8	6
Cell906	1	6	8	6
Cell907	1	5	1	2
Cell909	1	5	1	2
Cell910	1	6	8	6
Cell911	1	7	6	4
Cell912	1	4	6	3
Cell913	1	3	3	8
Cell914	1	3	3	8
Cell915	1	8	7	5
Cell916	1	1	5	7
Cell917	1	2	2	1
Cell918	1	2	4	1
Cell919	1	5	1	2
Cell920	1	1	5	7
Cell921	1	4	6	3
Cell922	1	5	1	2
Cell923	1	2	2	1
Cell924	1	3	3	8
Cell925	1	5	1	2
Cell926	1	6	8	6
Cell927	1	2	2	1
Cell928	1	3	3	8
Cell929	1	6	8	6
Cell930	1	8	7	5
Cell931	1	3	3	8
Cell932	1	7	6	4
Cell933	1	3	3	8
Cell934	1	5	1	2
Cell935	1	4	6	3
Cell936	1	7	6	4
Cell937	1	7	6	4
Cell938	1	3	3	8
Cell939	1	6	8	6
Cell941	1	1	5	7
Cell942	1	7	6	4
Cell943	1	5	1	2
Cell944	1	5	1	2
Cell945	1	7	6	4
Cell946	1	5	1	2
Cell947	1	8	7	5
Cell948	1	5	1	2
Cell949	1	4	6	3
Cell950	1	4	6	3
Cell952	1	4	6	3
Cell953	1	2	4	1
Cell954	1	3	3	8
Cell955	1	8	7	5
Cell956	1	7	6	4
Cell957	1	5	1	2
Cell958	1	8	7	5
Cell959	1	7	6	4
Cell960	1	7	6	4
Cell961	1	6	8	6
Cell962	1	5	1	2
Cell963	1	3	3	8
Cell964	1	8	7	5
Cell965	1	2	2	1
Cell966	1	2	2	1
Cell968	1	2	4	1
Cell969	1	7	6	4
Cell970	1	5	1	2
Cell971	1	7	6	4
Cell972	1	7	6	4
Cell973	1	4	6	3
Cell974	1	1	5	7
Cell975	1	3	3	8
Cell976	1	1	5	7
Cell977	1	4	6	3
Cell978	1	7	6	4
Cell979	1	1	5	7
Cell980	1	4	6	3
Cell981	1	7	6	4
Cell982	1	5	1	2
Cell983	1	2	2	1
Cell984	1	8	7	5
Cell985	1	6	8	6
Cell986	1	3	3	8
Cell987	1	3	3	8
Cell988	1	1	5	7
Cell989	1	1	5	7
Cell990	1	2	2	1
Cell991	1	6	8	6
Cell992	1	8	7	5
Cell993	1	8	7	5
Cell996	1	3	3	8
Cell997	1	4	6	3
Cell998	1	6	8	6
Cell999	1	8	7	5
Cell1000	1	4	6	3
Cell1001	1	5	1	2
Cell1002	1	2	4	1
Cell1003	1	3	3	8
Cell1004	1	7	6	4
Cell1006	1	2	2	1
Cell1007	1	8	7	5
Cell1008	1	5	1	2
Cell1009	1	4	6	3
Cell1010	1	3	3	8
Cell1011	1	2	4	1
Cell1012	1	4	6	3
Cell1013	1	1	5	7
Cell1014	1	4	6	3
Cell1015	1	8	7	5
Cell1016	1	7	6	4
Cell1017	1	8	7	5
Cell1018	1	6	8	6
Cell1019	1	6	8	6
Cell1020	1	2	2	1
Cell1021	1	2	2	1
Cell1022	1	1	5	7
Cell1023	1	5	1	2
Cell1024	1	6	8	6
Cell1025	1	3	3	8
Cell1026	1	3	3	8
Cell1027	1	3	3	8
Cell1028	1	8	7	5
Cell1029	1	8	7	5
Cell1030	1	5	1	2
Cell1031	1	2	4	1
Cell1032	1	3	3	8
Cell1033	1	6	8	6
Cell1034	1	3	3	8
Cell1035	1	8	7	5
Cell1036	1	1	5	7
Cell1037	1	2	4	1
Cell1038	1	2	2	1
Cell1039	1	1	5	7
Cell1040	1	8	7	5
Cell1041	1	8	7	5
Cell1042	1	5	1	2
Cell1043	1	4	6	3
Cell1044	1	7	6	4
Cell1045	1	5	1	2
Cell1046	1	7	6	4
Cell1047	1	5	1	2
Cell1048	1	8	7	5
Cell1049	1	1	5	7
Cell1050	1	2	4	1
Cell1051	1	8	7	5
Cell1052	1	1	5	7
Cell1053	1	3	3	8
Cell1054	1	4	6	3
Cell1055	1	8	7	5
Cell1056	1	3	3	8
Cell1057	1	3	3	8
Cell1058	1	2	4	1
Cell1059	1	3	3	8
Cell1060	1	3	3	8
Cell1061	1	4	6	3
Cell1062	1	1	5	7
Cell1063	1	4	6	3
Cell1064	1	2	2	1
Cell1065	1	6	8	6
Cell1066	1	8	7	5
Cell1067	1	8	7	5
Cell1068	1	6	8	6
Cell1069	1	4	6	3
Cell1070	1	4	6	3
Cell1071	1	1	5	7
Cell1072	1	3	3	8
Cell1073	1	8	7	5
Cell1074	1	8	7	5
Cell1075	1	3	3	8
Cell1076	1	3	3	8
Cell1077	1	3	3	8
Cell1078	1	3	3	8
Cell1079	1	8	7	5
Cell1080	1	4	6	3
Cell1081	1	3	3	8
Cell1082	1	3	3	8
Cell1083	1	5	1	2
Cell1084	1	7	6	4
Cell1085	1	7	6	4
Cell1086	1	4	6	3
Cell1088	1	4	6	3
Cell1089	1	7	6	4
Cell1090	1	8	7	5
Cell1092	1	4	6	3
Cell1093	1	2	2	1
Cell1094	1	3	3	8
Cell1095	1	4	6	3
Cell1096	1	8	7	5
Cell1097	1	2	2	1
Cell1098	1	4	6	3
Cell1099	1	8	7	5
Cell1100	1	5	1	2
Cell1101	1	1	5	7
Cell1102	1	5	1	2
Cell1103	1	8	7	5
Cell1104	1	1	5	7
Cell1105	1	4	6	3
Cell1106	1	1	5	7
Cell1108	1	7	6	4
Cell1109	1	6	8	6
Cell1110	1	8	7	5
Cell1111	1	2	2	1
Cell1112	1	7	6	4
Cell1113	1	5	1	2
Cell1114	1	4	6	3
Cell1115	1	7	6	4
Cell1116	1	1	5	7
Cell1117	1	6	8	6
Cell1118	1	1	5	7
Cell1119	1	8	7	5
Cell1120	1	1	5	7
Cell1121	1	7	6	4
Cell1122	1	5	1	2
Cell1123	1	5	1	2
Cell1124	1	4	6	3
Cell1125	1	7	6	4
Cell1126	1	5	1	2
Cell1127	1	5	1	2
Cell1128	1	4	6	3
Cell1131	1	4	6	3
Cell1132	1	4	6	3
Cell1133	1	4	6	3
Cell1134	1	4	6	3
Cell1135	1	8	7	5
Cell1137	1	5	1	2
Cell1138	1	8	7	5
Cell1139	1	5	1	2
Cell1140	1	5	1	2
Cell1141	1	6	8	6
Cell1142	1	6	8	6
Cell1143	1	6	8	6
Cell1144	1	4	6	3
Cell1145	1	6	8	6
Cell1146	1	3	3	8
Cell1147	1	8	7	5
Cell1148	1	2	2	1
Cell1149	1	2	4	1
Cell1150	1	1	5	7
Cell1151	1	7	6	4
Cell1152	1	6	8	6
Cell1153	1	3	3	8
Cell1154	1	3	3	8
Cell1155	1	2	4	1
Cell1156	1	6	8	6
Cell1157	1	4	6	3
Cell1158	1	3	3	8
Cell1159	1	2	4	1
Cell1160	1	2	4	1
Cell1161	1	6	8	6
Cell1162	1	3	3	8
Cell1163	1	1	5	7
Cell1164	1	6	8	6
Cell1165	1	1	5	7
Cell1166	1	1	5	7
Cell1167	1	3	3	8
Cell1168	1	4	6	3
Cell1169	1	8	7	5
Cell1170	1	1	5	7
Cell1172	1	5	1	2
Cell1173	1	2	4	1
Cell1174	1	2	4	1
Cell1175	1	3	3	8
Cell1176	1	5	1	2
Cell1177	1	6	8	6
Cell1178	1	5	1	2
Cell1179	1	6	8	6
Cell1180	1	7	6	4
Cell1181	1	7	6	4
Cell1182	1	4	6	3
Cell1183	1	4	6	3
Cell1184	1	1	5	7
Cell1185	1	1	5	7
Cell1186	1	6	8	6
Cell1187	1	7	6	4
Cell1188	1	6	8	6
Cell1189	1	2	2	1
Cell1190	1	8	7	5
Cell1191	1	8	7	5
Cell1192	1	5	1	2
Cell1193	1	4	6	3
Cell1194	1	2	2	1
Cell1196	1	4	6	3
Cell1197	1	6	8	6
Cell1198	1	6	8	6
Cell1199	1	1	5	7
Cell1200	1	5	1	2
Cell1201	1	3	3	8
Cell1202	1	8	7	5
Cell1203	1	1	5	7
Cell1204	1	5	1	2
Cell1205	1	3	3	8
Cell1206	1	2	4	1
Cell1207	1	2	4	1
Cell1208	1	4	6	3
Cell1209	1	4	6	3
Cell1210	1	7	6	4
Cell1211	1	5	1	2
Cell1212	1	7	6	4
Cell1214	1	5	1	2
Cell1215	1	7	6	4
Cell1216	1	7	6	4
Cell1217	1	5	1	2
Cell1218	1	7	6	4
Cell1219	1	6	8	6
Cell1220	1	6	8	6
Cell1221	1	6	8	6
Cell1222	1	2	2	1
Cell1223	1	6	8	6
Cell1225	1	1	5	7
Cell1226	1	6	8	6
Cell1227	1	6	8	6
Cell1228	1	1	5	7
Cell1229	1	8	7	5
Cell1230	1	1	5	7
Cell1231	1	3	3	8
Cell1232	1	8	7	5
Cell1233	1	6	8	6
Cell1234	1	7	6	4
Cell1235	1	2	2	1
Cell1236	1	1	5	7
Cell1237	1	5	1	2
Cell1238	1	4	6	3
Cell1239	1	3	3	8
Cell1240	1	6	8	6
Cell1241	1	3	3	8
Cell1242	1	2	4	1
Cell1243	1	6	8	6
Cell1244	1	8	7	5
Cell1245	1	3	3	8
Cell1246	1	4	6	3
Cell1247	1	3	3	8
Cell1248	1	8	7	5
Cell1249	1	2	2	1
Cell1250	1	4	6	3
Cell1251	1	6	8	6
Cell1252	1	5	1	2
Cell1253	1	8	7	5
Cell1254	1	6	8	6
Cell1255	1	1	5	7
Cell1256	1	1	5	7
Cell1257	1	3	3	8
Cell1258	1	5	1	2
Cell1259	1	8	7	5
Cell1260	1	6	8	6
Cell1261	1	2	4	1
Cell1262	1	5	1	2
Cell1263	1	2	2	1
Cell1264	1	5	1	2
Cell1265	1	5	1	2
Cell1266	1	4	6	3
Cell1267	1	3	3	8
Cell1268	1	3	3	8
Cell1269	1	6	8	6
Cell1270	1	3	3	8
Cell1271	1	5	1	2
Cell1272	1	8	7	5
Cell1273	1	7	6	4
Cell1275	1	5	1	2
Cell1277	1	5	1	2
Cell1278	1	2	4	1
Cell1279	1	5	1	2
Cell1280	1	5	1	2
Cell1281	1	4	6	3
Cell1282	1	5	1	2
Cell1283	1	8	7	5
Cell1284	1	2	4	1
Cell1285	1	2	2	1
Cell1286	1	5	1	2
Cell1287	1	2	4	1
Cell1289	1	5	1	2
Cell1290	1	3	3	8
Cell1292	1	5	1	2
Cell1293	1	2	2	1
Cell1294	1	6	8	6
Cell1295	1	3	3	8
Cell1296	1	6	8	6
Cell1297	1	2	4	1
Cell1298	1	7	6	4
Cell1299	1	7	6	4
Cell1300	1	1	5	7
Cell1301	1	4	6	3
Cell1302	1	6	8	6
Cell1303	1	7	6	4
Cell1304	1	8	7	5
Cell1305	1	7	6	4
Cell1306	1	7	6	4
Cell1307	1	6	8	6
Cell1308	1	8	7	5
Cell1309	1	3	3	8
Cell1310	1	2	4	1
Cell1311	1	2	2	1
Cell1312	1	1	5	7
Cell1313	1	4	6	3
Cell1314	1	1	5	7
Cell1315	1	8	7	5
Cell1316	1	2	2	1
Cell1317	1	4	6	3
Cell1318	1	6	8	6
Cell1319	1	3	3	8
Cell1320	1	1	5	7
Cell1321	1	4	6	3
Cell1322	1	5	1	2
Cell1323	1	1	5	7
Cell1324	1	1	5	7
Cell1325	1	4	6	3
Cell1326	1	6	8	6
Cell1327	1	1	5	7
Cell1328	1	7	6	4
Cell1329	1	5	1	2
Cell1330	1	4	6	3
Cell1331	1	1	5	7
Cell1332	1	3	3	8
Cell1333	1	4	6	3
Cell1334	1	2	4	1
Cell1335	1	8	7	5
Cell1336	1	4	6	3
Cell1337	1	2	4	1
Cell1338	1	3	3	8
Cell1339	1	7	6	4
Cell1340	1	7	6	4
Cell1341	1	4	6	3
Cell1343	1	8	7	5
Cell1344	1	8	7	5
Cell1345	1	1	5	7
Cell1346	1	2	2	1
Cell1347	1	2	2	1
Cell1348	1	8	7	5
Cell1350	1	2	4	1
Cell1351	1	7	6	4
Cell1352	1	4	6	3
Cell1353	1	1	5	7
Cell1355	1	2	4	1
Cell1356	1	8	7	5
Cell1357	1	7	6	4
Cell1358	1	6	8	6
Cell1359	1	3	3	8
Cell1360	1	2	4	1
Cell1361	1	4	6	3
Cell1362	1	8	7	5
Cell1364	1	7	6	4
Cell1365	1	4	6	3
Cell1366	1	1	5	7
Cell1367	1	6	8	6
Cell1368	1	5	1	2
Cell1369	1	8	7	5
Cell1370	1	4	6	3
Cell1371	1	3	3	8
Cell1372	1	4	6	3
Cell1373	1	8	7	5
Cell1374	1	6	8	6
Cell1375	1	8	7	5
Cell1376	1	5	1	2
Cell1377	1	8	7	5
Cell1378	1	8	7	5
Cell1379	1	2	4	1
Cell1380	1	2	4	1
Cell1381	1	8	7	5
Cell1383	1	5	1	2
Cell1384	1	2	2	1
Cell1385	1	3	3	8
Cell1387	1	4	6	3
Cell1388	1	2	4	1
Cell1389	1	5	1	2
Cell1390	1	8	7	5
Cell1391	1	6	8	6
Cell1392	1	3	3	8
Cell1393	1	1	5	7
Cell1394	1	6	8	6
Cell1395	1	2	4	1
Cell1396	1	2	2	1
Cell1397	1	5	1	2
Cell1398	1	5	1	2
Cell1399	1	1	5	7
Cell1400	1	3	3	8
Cell1401	1	2	4	1
Cell1402	1	8	7	5
Cell1403	1	5	1	2
Cell1404	1	8	7	5
Cell1406	1	8	7	5
Cell1407	1	1	5	7
Cell1408	1	3	3	8
Cell1409	1	7	6	4
Cell1411	1	2	4	1
Cell1412	1	6	8	6
Cell1413	1	5	1	2
Cell1414	1	8	7	5
Cell1415	1	8	7	5
Cell1416	1	3	3	8
Cell1417	1	3	3	8
Cell1418	1	7	6	4
Cell1419	1	3	3	8
Cell1420	1	1	5	7
Cell1421	1	7	6	4
Cell1422	1	7	6	4
Cell1423	1	3	3	8
Cell1424	1	5	1	2
Cell1425	1	4	6	3
Cell1426	1	8	7	5
Cell1427	1	5	1	2
Cell1428	1	8	7	5
Cell1429	1	2	4	1
Cell1430	1	5	1	2
Cell1431	1	1	5	7
Cell1432	1	5	1	2
Cell1433	1	2	4	1
Cell1434	1	7	6	4
Cell1435	1	1	5	7
Cell1436	1	3	3	8
Cell1437	1	5	1	2
Cell1438	1	7	6	4
Cell1439	1	1	5	7
Cell1440	1	3	3	8
Cell1441	1	8	7	5
Cell1442	1	2	4	1
Cell1443	1	5	1	2
Cell1444	1	3	3	8
Cell1445	1	8	7	5
Cell1446	1	2	4	1
Cell1447	1	4	6	3
Cell1448	1	2	4	1
Cell1449	1	2	4	1
Cell1450	1	6	8	6
Cell1451	1	1	5	7
Cell1452	1	7	6	4
Cell1453	1	1	5	7
Cell1454	1	6	8	6
Cell1455	1	2	2	1
Cell1456	1	6	8	6
Cell1457	1	1	5	7
Cell1458	1	1	5	7
Cell1459	1	5	1	2
Cell1460	1	8	7	5
Cell1461	1	6	8	6
Cell1462	1	6	8	6
Cell1463	1	6	8	6
Cell1466	1	1	5	7
Cell1467	1	7	6	4
Cell1468	1	1	5	7
Cell1469	1	6	8	6
Cell1470	1	1	5	7
Cell1471	1	6	8	6
Cell1473	1	2	2	1
Cell1474	1	4	6	3
Cell1475	1	5	1	2
Cell1476	1	1	5	7
Cell1477	1	6	8	6
Cell1478	1	2	2	1
Cell1479	1	6	8	6
Cell1480	1	7	6	4
Cell1481	1	5	1	2
Cell1482	1	2	2	1
Cell1483	1	5	1	2
Cell1484	1	5	1	2
Cell1485	1	1	5	7
Cell1486	1	6	8	6
Cell1487	1	3	3	8
Cell1488	1	1	5	7
Cell1489	1	7	6	4
Cell1490	1	3	3	8
Cell1491	1	5	1	2
Cell1492	1	3	3	8
Cell1493	1	5	1	2
Cell1494	1	7	6	4
Cell1495	1	2	4	1
Cell1496	1	6	8	6
Cell1497	1	2	2	1
Cell1498	1	7	6	4
Cell1499	1	6	8	6
Cell1500	1	8	7	5
Cell1501	1	3	3	8
Cell1502	1	8	7	5
Cell1503	1	4	6	3
Cell1504	1	8	7	5
Cell1505	1	5	1	2
Cell1506	1	1	5	7
Cell1507	1	8	7	5
Cell1508	1	2	4	1
Cell1509	1	4	6	3
Cell1510	1	4	6	3
Cell1511	1	4	6	3
Cell1512	1	8	7	5
Cell1513	1	2	4	1
Cell1514	1	5	1	2
Cell1515	1	2	2	1
Cell1516	1	2	2	1
Cell1518	1	1	5	7
Cell1519	1	7	6	4
Cell1520	1	3	3	8
Cell1521	1	4	6	3
Cell1522	1	7	6	4
Cell1523	1	2	2	1
Cell1524	1	6	8	6
Cell1525	1	6	8	6
Cell1526	1	7	6	4
Cell1527	1	4	6	3
Cell1528	1	1	5	7
Cell1529	1	7	6	4
Cell1530	1	6	8	6
Cell1531	1	6	8	6
Cell1532	1	3	3	8
Cell1533	1	1	5	7
Cell1534	1	6	8	6
Cell1535	1	3	3	8
Cell1536	1	1	5	7
Cell1537	1	7	6	4
Cell1538	1	1	5	7
Cell1539	1	4	6	3
Cell1540	1	2	2	1
Cell1541	1	3	3	8
Cell1542	1	1	5	7
Cell1543	1	5	1	2
Cell1544	1	4	6	3
Cell1545	1	1	5	7
Cell1546	1	5	1	2
Cell1547	1	6	8	6
Cell1548	1	4	6	3
Cell1549	1	7	6	4
Cell1551	1	7	6	4
Cell1552	1	7	6	4
Cell1553	1	8	7	5
Cell1554	1	6	8	6
Cell1555	1	4	6	3
Cell1556	1	5	1	2
Cell1557	1	6	8	6
Cell1558	1	4	6	3
Cell1559	1	5	1	2
Cell1560	1	8	7	5
Cell1561	1	7	6	4
Cell1564	1	7	6	4
Cell1565	1	2	2	1
Cell1566	1	6	8	6
Cell1567	1	4	6	3
Cell1568	1	2	2	1
Cell1569	1	4	6	3
Cell1570	1	2	2	1
Cell1571	1	6	8	6
Cell1572	1	1	5	7
Cell1573	1	2	2	1
Cell1574	1	6	8	6
Cell1575	1	6	8	6
Cell1576	1	3	3	8
Cell1577	1	1	5	7
Cell1578	1	8	7	5
Cell1579	1	2	4	1
Cell1580	1	5	1	2
Cell1581	1	6	8	6
Cell1582	1	8	7	5
Cell1583	1	5	1	2
Cell1584	1	1	5	7
Cell1585	1	4	6	3
Cell1586	1	7	6	4
Cell1587	1	2	2	1
Cell1589	1	7	6	4
Cell1590	1	6	8	6
Cell1591	1	2	4	1
Cell1592	1	6	8	6
Cell1593	1	6	8	6
Cell1594	1	2	2	1
Cell1595	1	8	7	5
Cell1597	1	5	1	2
Cell1598	1	8	7	5
Cell1599	1	4	6	3
Cell1600	1	3	3	8
Cell1601	1	1	5	7
Cell1602	1	8	7	5
Cell1603	1	1	5	7
Cell1604	1	7	6	4
Cell1605	1	1	5	7
Cell1606	1	2	2	1
Cell1607	1	4	6	3
Cell1608	1	3	3	8
Cell1609	1	2	2	1
Cell1610	1	2	2	1
Cell1611	1	6	8	6
Cell1612	1	1	5	7
Cell1613	1	6	8	6
Cell1614	1	2	2	1
Cell1615	1	2	4	1
Cell1616	1	4	6	3
Cell1617	1	4	6	3
Cell1618	1	6	8	6
Cell1619	1	7	6	4
Cell1620	1	4	6	3
Cell1622	1	8	7	5
Cell1623	1	5	1	2
Cell1624	1	3	3	8
Cell1626	1	8	7	5
Cell1627	1	3	3	8
Cell1628	1	5	1	2
Cell1629	1	3	3	8
Cell1630	1	6	8	6
Cell1631	1	6	8	6
Cell1632	1	2	2	1
Cell1633	1	5	1	2
Cell1634	1	3	3	8
Cell1635	1	8	7	5
Cell1636	1	2	2	1
Cell1639	1	3	3	8
Cell1640	1	1	5	7
Cell1641	1	7	6	4
Cell1642	1	3	3	8
Cell1643	1	1	5	7
Cell1644	1	6	8	6
Cell1645	1	7	6	4
Cell1646	1	4	6	3
Cell1647	1	1	5	7
Cell1648	1	8	7	5
Cell1649	1	4	6	3
Cell1650	1	3	3	8
Cell1651	1	7	6	4
Cell1652	1	2	4	1
Cell1653	1	4	6	3
Cell1654	1	5	1	2
Cell1655	1	2	2	1
Cell1656	1	1	5	7
Cell1657	1	3	3	8
Cell1658	1	1	5	7
Cell1659	1	1	5	7
Cell1660	1	2	4	1
Cell1661	1	1	5	7
Cell1662	1	8	7	5
Cell1663	1	5	1	2
Cell1664	1	7	6	4
Cell1665	1	1	5	7
Cell1666	1	8	7	5
Cell1667	1	2	2	1
Cell1668	1	7	6	4
Cell1669	1	3	3	8
Cell1670	1	4	6	3
Cell1671	1	7	6	4
Cell1673	1	8	7	5
Cell1674	1	1	5	7
Cell1675	1	3	3	8
Cell1676	1	1	5	7
Cell1677	1	1	5	7
Cell1678	1	5	1	2
Cell1679	1	6	8	6
Cell1680	1	2	2	1
Cell1681	1	2	2	1
Cell1682	1	4	6	3
Cell1684	1	5	1	2
Cell1685	1	4	6	3
Cell1686	1	2	2	1
Cell1687	1	8	7	5
Cell1688	1	5	1	2
Cell1689	1	1	5	7
Cell1690	1	1	5	7
Cell1691	1	6	8	6
Cell1692	1	2	2	1
Cell1694	1	4	6	3
Cell1695	1	7	6	4
Cell1696	1	7	6	4
Cell1697	1	5	1	2
Cell1698	1	5	1	2
Cell1699	1	8	7	5
Cell1700	1	6	8	6
Cell1701	1	5	1	2
Cell1702	1	1	5	7
Cell1703	1	7	6	4
Cell1704	1	5	1	2
Cell1705	1	4	6	3
Cell1706	1	1	5	7
Cell1707	1	1	5	7
Cell1708	1	7	6	4
Cell1709	1	4	6	3
Cell1710	1	3	3	8
Cell1711	1	3	3	8
Cell1712	1	5	1	2
Cell1713	1	6	8	6
Cell1714	1	3	3	8
Cell1715	1	8	7	5
Cell1716	1	1	5	7
Cell1717	1	3	3	8
Cell1718	1	4	6	3
Cell1719	1	7	6	4
Cell1720	1	5	1	2
Cell1721	1	4	6	3
Cell1722	1	8	7	5
Cell1723	1	5	1	2
Cell1724	1	3	3	8
Cell1725	1	6	8	6
Cell1726	1	1	5	7
Cell1727	1	3	3	8
Cell1728	1	7	6	4
Cell1729	1	2	4	1
Cell1730	1	2	2	1
Cell1731	1	8	7	5
Cell1732	1	6	8	6
Cell1733	1	5	1	2
Cell1734	1	3	3	8
Cell1735	1	1	5	7
Cell1738	1	7	6	4
Cell1739	1	4	6	3
Cell1740	1	8	7	5
Cell1741	1	6	8	6
Cell1742	1	7	6	4
Cell1743	1	2	2	1
Cell1744	1	7	6	4
Cell1745	1	1	5	7
Cell1746	1	3	3	8
Cell1747	1	1	5	7
Cell1748	1	4	6	3
Cell1749	1	2	2	1
Cell1750	1	3	3	8
Cell1751	1	7	6	4
Cell1752	1	6	8	6
Cell1754	1	3	3	8
Cell1756	1	7	6	4
Cell1757	1	4	6	3
Cell1758	1	3	3	8
Cell1759	1	4	6	3
Cell1760	1	3	3	8
Cell1761	1	4	6	3
Cell1762	1	5	1	2
Cell1763	1	5	1	2
Cell1764	1	6	8	6
Cell1765	1	6	8	6
Cell1766	1	7	6	4
Cell1767	1	3	3	8
Cell1768	1	7	6	4
Cell1769	1	2	4	1
Cell1770	1	8	7	5
Cell1771	1	7	6	4
Cell1772	1	1	5	7
Cell1773	1	2	4	1
Cell1774	1	8	7	5
Cell1775	1	8	7	5
Cell1776	1	7	6	4
Cell1777	1	6	8	6
Cell1778	1	6	8	6
Cell1779	1	4	6	3
Cell1780	1	3	3	8
Cell1781	1	1	5	7
Cell1782	1	2	4	1
Cell1783	1	7	6	4
Cell1784	1	3	3	8
Cell1785	1	6	8	6
Cell1786	1	4	6	3
Cell1787	1	5	1	2
Cell1788	1	1	5	7
Cell1789	1	1	5	7
Cell1790	1	3	3	8
Cell1792	1	5	1	2
Cell1793	1	3	3	8
Cell1794	1	2	2	1
Cell1795	1	6	8	6
Cell1796	1	7	6	4
Cell1797	1	5	1	2
Cell1798	1	5	1	2
Cell1799	1	7	6	4
Cell1800	1	2	4	1
Cell1801	1	5	1	2
Cell1802	1	6	8	6
Cell1803	1	7	6	4
Cell1804	1	3	3	8
Cell1805	1	1	5	7
Cell1806	1	7	6	4
Cell1807	1	3	3	8
Cell1808	1	2	2	1
Cell1809	1	7	6	4
Cell1810	1	8	7	5
Cell1811	1	6	8	6
Cell1812	1	7	6	4
Cell1814	1	5	1	2
Cell1815	1	3	3	8
Cell1816	1	7	6	4
Cell1817	1	7	6	4
Cell1818	1	3	3	8
Cell1819	1	7	6	4
Cell1820	1	7	6	4
Cell1821	1	2	4	1
Cell1822	1	8	7	5
Cell1823	1	8	7	5
Cell1824	1	5	1	2
Cell1826	1	4	6	3
Cell1827	1	2	2	1
Cell1829	1	5	1	2
Cell1830	1	7	6	4
Cell1831	1	4	6	3
Cell1832	1	5	1	2
Cell1833	1	1	5	7
Cell1834	1	1	5	7
Cell1835	1	4	6	3
Cell1836	1	3	3	8
Cell1837	1	3	3	8
Cell1838	1	1	5	7
Cell1839	1	1	5	7
Cell1840	1	3	3	8
Cell1841	1	8	7	5
Cell1842	1	5	1	2
Cell1843	1	7	6	4
Cell1844	1	6	8	6
Cell1845	1	4	6	3
Cell1846	1	7	6	4
Cell1848	1	7	6	4
Cell1850	1	3	3	8
Cell1851	1	4	6	3
Cell1852	1	6	8	6
Cell1853	1	8	7	5
Cell1854	1	5	1	2
Cell1855	1	1	5	7
Cell1856	1	4	6	3
Cell1857	1	4	6	3
Cell1858	1	4	6	3
Cell1859	1	8	7	5
Cell1860	1	4	6	3
Cell1861	1	4	6	3
Cell1862	1	6	8	6
Cell1863	1	6	8	6
Cell1864	1	5	1	2
Cell1865	1	2	2	1
Cell1866	1	3	3	8
Cell1867	1	3	3	8
Cell1868	1	2	2	1
Cell1869	1	6	8	6
Cell1870	1	7	6	4
Cell1871	1	8	7	5
Cell1872	1	1	5	7
Cell1873	1	4	6	3
Cell1874	1	7	6	4
Cell1875	1	1	5	7
Cell1876	1	2	2	1
Cell1877	1	1	5	7
Cell1879	1	4	6	3
Cell1880	1	3	3	8
Cell1881	1	2	4	1
Cell1882	1	4	6	3
Cell1883	1	3	3	8
Cell1884	1	4	6	3
Cell1885	1	3	3	8
Cell1886	1	3	3	8
Cell1888	1	5	1	2
Cell1889	1	3	3	8
Cell1890	1	6	8	6
Cell1891	1	4	6	3
Cell1892	1	7	6	4
Cell1893	1	4	6	3
Cell1894	1	1	5	7
Cell1895	1	1	5	7
Cell1896	1	2	2	1
Cell1897	1	1	5	7
Cell1898	1	8	7	5
Cell1899	1	3	3	8
Cell1900	1	5	1	2
Cell1901	1	3	3	8
Cell1902	1	4	6	3
Cell1903	1	4	6	3
Cell1904	1	1	5	7
Cell1905	1	1	5	7
Cell1906	1	8	7	5
Cell1907	1	4	6	3
Cell1908	1	7	6	4
Cell1909	1	1	5	7
Cell1910	1	3	3	8
Cell1911	1	8	7	5
Cell1912	1	4	6	3
Cell1913	1	5	1	2
Cell1914	1	3	3	8
Cell1915	1	3	3	8
Cell1916	1	1	5	7
Cell1917	1	6	8	6
Cell1918	1	4	6	3
Cell1919	1	2	2	1
Cell1920	1	4	6	3
Cell1921	1	2	2	1
Cell1922	1	5	1	2
Cell1923	1	5	1	2
Cell1924	1	3	3	8
Cell1925	1	1	5	7
Cell1926	1	4	6	3
Cell1927	1	3	3	8
Cell1928	1	2	2	1
Cell1929	1	4	6	3
Cell1930	1	5	1	2
Cell1931	1	4	6	3
Cell1932	1	4	6	3
Cell1933	1	7	6	4
Cell1934	1	3	3	8
Cell1935	1	5	1	2
Cell1936	1	5	1	2
Cell1937	1	3	3	8
Cell1938	1	2	4	1
Cell1939	1	4	6	3
Cell1940	1	7	6	4
Cell1942	1	2	4	1
Cell1943	1	4	6	3
Cell1944	1	5	1	2
Cell1945	1	1	5	7
Cell1947	1	5	1	2
Cell1948	1	3	3	8
Cell1949	1	1	5	7
Cell1950	1	8	7	5
Cell1952	1	1	5	7
Cell1953	1	8	7	5
Cell1954	1	7	6	4
Cell1955	1	1	5	7
Cell1956	1	3	3	8
Cell1957	1	2	2	1
Cell1958	1	8	7	5
Cell1959	1	7	6	4
Cell1960	1	8	7	5
Cell1961	1	5	1	2
Cell1962	1	2	4	1
Cell1963	1	5	1	2
Cell1964	1	4	6	3
Cell1965	1	2	2	1
Cell1966	1	6	8	6
Cell1968	1	1	5	7
Cell1969	1	2	2	1
Cell1970	1	2	4	1
Cell1972	1	4	6	3
Cell1973	1	5	1	2
Cell1974	1	4	6	3
Cell1975	1	8	7	5
Cell1976	1	4	6	3
Cell1977	1	4	6	3
Cell1978	1	1	5	7
Cell1979	1	6	8	6
Cell1980	1	7	6	4
Cell1981	1	2	4	1
Cell1982	1	7	6	4
Cell1983	1	6	8	6
Cell1984	1	2	2	1
Cell1985	1	1	5	7
Cell1986	1	1	5	7
Cell1987	1	3	3	8
Cell1988	1	5	1	2
Cell1989	1	3	3	8
Cell1990	1	7	6	4
Cell1991	1	5	1	2
Cell1992	1	7	6	4
Cell1993	1	5	1	2
Cell1994	1	4	6	3
Cell1995	1	6	8	6
Cell1996	1	3	3	8
Cell1997	1	7	6	4
Cell1998	1	3	3	8
Cell1999	1	6	8	6
Cell2000	1	7	6	4
Cell2001	1	5	1	2
Cell2002	1	8	7	5
Cell2003	1	1	5	7
Cell2004	1	4	6	3
Cell2005	1	2	2	1
Cell2006	1	5	1	2
Cell2007	1	2	2	1
Cell2008	1	3	3	8
Cell2009	1	4	6	3
Cell2010	1	8	7	5
Cell2012	1	7	6	4
Cell2013	1	4	6	3
Cell2014	1	2	4	1
Cell2015	1	2	2	1
Cell2016	1	8	7	5
Cell2017	1	4	6	3
Cell2018	1	1	5	7
Cell2020	1	7	6	4
Cell2021	1	5	1	2
Cell2022	1	6	8	6
Cell2023	1	1	5	7
Cell2024	1	4	6	3
Cell2025	1	3	3	8
Cell2026	1	1	5	7
Cell2027	1	3	3	8
Cell2028	1	2	4	1
Cell2029	1	5	1	2
Cell2030	1	5	1	2
Cell2031	1	1	5	7
Cell2032	1	1	5	7
Cell2033	1	4	6	3
Cell2034	1	7	6	4
Cell2035	1	7	6	4
Cell2037	1	6	8	6
Cell2038	1	2	4	1
Cell2039	1	5	1	2
Cell2040	1	8	7	5
Cell2041	1	8	7	5
Cell2043	1	3	3	8
Cell2044	1	3	3	8
Cell2045	1	8	7	5
Cell2046	1	3	3	8
Cell2047	1	8	7	5
Cell2048	1	2	2	1
Cell2049	1	2	2	1
Cell2050	1	7	6	4
Cell2051	1	3	3	8
Cell2052	1	7	6	4
Cell2053	1	1	5	7
Cell2054	1	4	6	3
Cell2055	1	5	1	2
Cell2056	1	2	4	1
Cell2057	1	4	6	3
Cell2058	1	1	5	7
Cell2059	1	4	6	3
Cell2060	1	7	6	4
Cell2061	1	2	4	1
Cell2062	1	3	3	8
Cell2063	1	3	3	8
Cell2064	1	1	5	7
Cell2065	1	8	7	5
Cell2066	1	7	6	4
Cell2067	1	3	3	8
Cell2068	1	5	1	2
Cell2069	1	6	8	6
Cell2070	1	1	5	7
Cell2071	1	7	6	4
Cell2072	1	7	6	4
Cell2073	1	4	6	3
Cell2074	1	6	8	6
Cell2075	1	6	8	6
Cell2076	1	5	1	2
Cell2077	1	8	7	5
Cell2078	1	4	6	3
Cell2080	1	4	6	3
Cell2082	1	7	6	4
Cell2083	1	2	2	1
Cell2084	1	2	2	1
Cell2085	1	8	7	5
Cell2086	1	3	3	8
Cell2087	1	2	2	1
Cell2088	1	7	6	4
Cell2089	1	2	2	1
Cell2090	1	5	1	2
Cell2091	1	5	1	2
Cell2092	1	6	8	6
Cell2093	1	6	8	6
Cell2095	1	6	8	6
Cell2096	1	8	7	5
Cell2097	1	5	1	2
Cell2098	1	1	5	7
Cell2099	1	7	6	4
Cell2100	1	2	4	1
Cell2101	1	2	4	1
Cell2102	1	7	6	4
Cell2103	1	5	1	2
Cell2104	1	1	5	7
Cell2105	1	1	5	7
Cell2106	1	6	8	6
Cell2107	1	4	6	3
Cell2108	1	5	1	2
Cell2109	1	2	2	1
Cell2110	1	8	7	5
Cell2111	1	3	3	8
Cell2112	1	4	6	3
Cell2113	1	1	5	7
Cell2114	1	3	3	8
Cell2115	1	4	6	3
Cell2116	1	8	7	5
Cell2118	1	3	3	8
Cell2119	1	5	1	2
Cell2120	1	3	3	8
Cell2121	1	8	7	5
Cell2122	1	4	6	3
Cell2123	1	6	8	6
Cell2124	1	3	3	8
Cell2126	1	4	6	3
Cell2127	1	5	1	2
Cell2128	1	3	3	8
Cell2129	1	2	2	1
Cell2130	1	8	7	5
Cell2131	1	2	2	1
Cell2132	1	1	5	7
Cell2133	1	7	6	4
Cell2135	1	7	6	4
Cell2136	1	3	3	8
Cell2137	1	3	3	8
Cell2138	1	1	5	7
Cell2139	1	6	8	6
Cell2140	1	6	8	6
Cell2141	1	4	6	3
Cell2142	1	3	3	8
Cell2143	1	5	1	2
Cell2144	1	7	6	4
Cell2145	1	7	6	4
Cell2146	1	1	5	7
Cell2147	1	2	2	1
Cell2148	1	4	6	3
Cell2149	1	7	6	4
Cell2150	1	3	3	8
Cell2151	1	4	6	3
Cell2152	1	4	6	3
Cell2153	1	1	5	7
Cell2154	1	7	6	4
Cell2155	1	2	2	1
Cell2156	1	6	8	6
Cell2157	1	6	8	6
Cell2158	1	6	8	6
Cell2159	1	7	6	4
Cell2161	1	8	7	5
Cell2162	1	5	1	2
Cell2164	1	7	6	4
Cell2165	1	3	3	8
Cell2166	1	6	8	6
Cell2167	1	5	1	2
Cell2168	1	7	6	4
Cell2169	1	1	5	7
Cell2170	1	4	6	3
Cell2171	1	5	1	2
Cell2172	1	6	8	6
Cell2173	1	7	6	4
Cell2175	1	8	7	5
Cell2176	1	6	8	6
Cell2177	1	6	8	6
Cell2178	1	5	1	2
Cell2179	1	6	8	6
Cell2180	1	2	2	1
Cell2181	1	3	3	8
Cell2182	1	1	5	7
Cell2183	1	6	8	6
Cell2184	1	6	8	6
Cell2185	1	1	5	7
Cell2186	1	3	3	8
Cell2187	1	5	1	2
Cell2188	1	5	1	2
Cell2189	1	6	8	6
Cell2190	1	2	2	1
Cell2191	1	7	6	4
Cell2192	1	2	4	1
Cell2193	1	2	2	1
Cell2194	1	5	1	2
Cell2195	1	5	1	2
Cell2196	1	6	8	6
Cell2197	1	8	7	5
Cell2198	1	3	3	8
Cell2199	1	1	5	7
Cell2200	1	1	5	7
Cell2201	1	8	7	5
Cell2202	1	4	6	3
Cell2203	1	5	1	2
Cell2204	1	4	6	3
Cell2205	1	3	3	8
Cell2206	1	7	6	4
Cell2207	1	5	1	2
Cell2208	1	3	3	8
Cell2209	1	7	6	4
Cell2210	1	8	7	5
Cell2211	1	2	4	1
Cell2212	1	5	1	2
Cell2213	1	7	6	4
Cell2214	1	7	6	4
Cell2215	1	7	6	4
Cell2216	1	6	8	6
Cell2217	1	3	3	8
Cell2218	1	2	2	1
Cell2219	1	7	6	4
Cell2220	1	2	4	1
Cell2221	1	4	6	3
Cell2222	1	6	8	6
Cell2223	1	7	6	4
Cell2224	1	2	4	1
Cell2225	1	5	1	2
Cell2226	1	3	3	8
Cell2227	1	1	5	7
Cell2228	1	7	6	4
Cell2229	1	8	7	5
Cell2230	1	5	1	2
Cell2231	1	5	1	2
Cell2232	1	2	4	1
Cell2235	1	1	5	7
Cell2236	1	6	8	6
Cell2237	1	6	8	6
Cell2238	1	1	5	7
Cell2239	1	4	6	3
Cell2240	1	2	4	1
Cell2241	1	2	4	1
Cell2242	1	8	7	5
Cell2243	1	8	7	5
Cell2244	1	2	2	1
Cell2245	1	6	8	6
Cell2246	1	2	2	1
Cell2247	1	6	8	6
Cell2248	1	5	1	2
Cell2249	1	1	5	7
Cell2250	1	8	7	5
Cell2251	1	7	6	4
Cell2252	1	1	5	7
Cell2253	1	5	1	2
Cell2254	1	7	6	4
Cell2255	1	6	8	6
Cell2256	1	1	5	7
Cell2257	1	1	5	7
Cell2258	1	1	5	7
Cell2259	1	3	3	8
Cell2260	1	5	1	2
Cell2261	1	4	6	3
Cell2262	1	7	6	4
Cell2263	1	3	3	8
Cell2264	1	3	3	8
Cell2265	1	4	6	3
Cell2266	1	7	6	4
Cell2267	1	2	2	1
Cell2268	1	1	5	7
Cell2269	1	7	6	4
Cell2270	1	3	3	8
Cell2271	1	2	2	1
Cell2272	1	8	7	5
Cell2273	1	3	3	8
Cell2274	1	7	6	4
Cell2275	1	4	6	3
Cell2276	1	4	6	3
Cell2277	1	8	7	5
Cell2278	1	1	5	7
Cell2279	1	4	6	3
Cell2280	1	7	6	4
Cell2281	1	1	5	7
Cell2282	1	8	7	5
Cell2283	1	6	8	6
Cell2284	1	1	5	7
Cell2285	1	1	5	7
Cell2287	1	8	7	5
Cell2288	1	1	5	7
Cell2289	1	5	1	2
Cell2290	1	4	6	3
Cell2291	1	6	8	6
Cell2292	1	4	6	3
Cell2293	1	2	2	1
Cell2294	1	1	5	7
Cell2295	1	8	7	5
Cell2297	1	1	5	7
Cell2298	1	4	6	3
Cell2299	1	1	5	7
Cell2300	1	2	4	1
Cell2301	1	3	3	8
Cell2302	1	5	1	2
Cell2303	1	7	6	4
Cell2304	1	4	6	3
Cell2305	1	5	1	2
Cell2306	1	8	7	5
Cell2307	1	6	8	6
Cell2308	1	7	6	4
Cell2310	1	2	4	1
Cell2311	1	2	4	1
Cell2312	1	7	6	4
Cell2313	1	7	6	4
Cell2314	1	1	5	7
Cell2315	1	6	8	6
Cell2316	1	1	5	7
Cell2317	1	1	5	7
Cell2318	1	5	1	2
Cell2319	1	1	5	7
Cell2320	1	1	5	7
Cell2321	1	3	3	8
Cell2322	1	3	3	8
Cell2323	1	5	1	2
Cell2324	1	3	3	8
Cell2325	1	1	5	7
Cell2326	1	8	7	5
Cell2327	1	6	8	6
Cell2328	1	3	3	8
Cell2329	1	8	7	5
Cell2330	1	2	4	1
Cell2331	1	3	3	8
Cell2332	1	6	8	6
Cell2333	1	2	2	1
Cell2335	1	4	6	3
Cell2336	1	1	5	7
Cell2338	1	3	3	8
Cell2339	1	2	2	1
Cell2340	1	8	7	5
Cell2341	1	3	3	8
Cell2342	1	7	6	4
Cell2343	1	6	8	6
Cell2344	1	1	5	7
Cell2345	1	1	5	7
Cell2346	1	1	5	7
Cell2347	1	3	3	8
Cell2348	1	6	8	6
Cell2349	1	5	1	2
Cell2350	1	7	6	4
Cell2351	1	7	6	4
Cell2352	1	2	4	1
Cell2353	1	8	7	5
Cell2354	1	5	1	2
Cell2355	1	6	8	6
Cell2356	1	1	5	7
Cell2357	1	4	6	3
Cell2358	1	7	6	4
Cell2359	1	1	5	7
Cell2360	1	1	5	7
Cell2361	1	1	5	7
Cell2362	1	5	1	2
Cell2363	1	8	7	5
Cell2364	1	4	6	3
Cell2365	1	1	5	7
Cell2366	1	5	1	2
Cell2367	1	5	1	2
Cell2368	1	4	6	3
Cell2369	1	5	1	2
Cell2370	1	3	3	8
Cell2371	1	4	6	3
Cell2372	1	4	6	3
Cell2373	1	5	1	2
Cell2374	1	5	1	2
Cell2375	1	7	6	4
Cell2376	1	4	6	3
Cell2377	1	4	6	3
Cell2378	1	7	6	4
Cell2379	1	1	5	7
Cell2380	1	2	2	1
Cell2381	1	1	5	7
Cell2383	1	4	6	3
Cell2384	1	5	1	2
Cell2385	1	7	6	4
Cell2386	1	6	8	6
Cell2387	1	6	8	6
Cell2388	1	2	2	1
Cell2389	1	5	1	2
Cell2390	1	8	7	5
Cell2391	1	1	5	7
Cell2392	1	6	8	6
Cell2393	1	2	2	1
Cell2394	1	8	7	5
Cell2395	1	1	5	7
Cell2396	1	7	6	4
Cell2397	1	6	8	6
Cell2398	1	7	6	4
Cell2399	1	8	7	5
Cell2400	1	2	4	1
Cell2401	1	5	1	2
Cell2402	1	6	8	6
Cell2403	1	4	6	3
Cell2404	1	3	3	8
Cell2405	1	5	1	2
Cell2406	1	1	5	7
Cell2407	1	3	3	8
Cell2408	1	3	3	8
Cell2409	1	3	3	8
Cell2410	1	5	1	2
Cell2412	1	6	8	6
Cell2413	1	7	6	4
Cell2414	1	8	7	5
Cell2415	1	6	8	6
Cell2416	1	4	6	3
Cell2417	1	3	3	8
Cell2418	1	6	8	6
Cell2419	1	2	4	1
Cell2421	1	1	5	7
Cell2422	1	7	6	4
Cell2423	1	5	1	2
Cell2424	1	4	6	3
Cell2425	1	2	4	1
Cell2426	1	8	7	5
Cell2427	1	1	5	7
Cell2428	1	4	6	3
Cell2429	1	2	4	1
Cell2430	1	8	7	5
Cell2431	1	8	7	5
Cell2432	1	7	6	4
Cell2433	1	4	6	3
Cell2434	1	7	6	4
Cell2436	1	6	8	6
Cell2437	1	7	6	4
Cell2438	1	3	3	8
Cell2439	1	1	5	7
Cell2440	1	4	6	3
Cell2441	1	7	6	4
Cell2442	1	5	1	2
Cell2443	1	2	2	1
Cell2444	1	4	6	3
Cell2445	1	1	5	7
Cell2446	1	2	2	1
Cell2447	1	3	3	8
Cell2448	1	3	3	8
Cell2449	1	4	6	3
Cell2450	1	5	1	2
Cell2451	1	4	6	3
Cell2452	1	6	8	6
Cell2453	1	7	6	4
Cell2455	1	8	7	5
Cell2456	1	5	1	2
Cell2458	1	1	5	7
Cell2459	1	1	5	7
Cell2460	1	2	4	1
Cell2461	1	1	5	7
Cell2462	1	5	1	2
Cell2464	1	4	6	3
Cell2465	1	5	1	2
Cell2466	1	4	6	3
Cell2468	1	1	5	7
Cell2469	1	8	7	5
Cell2470	1	2	2	1
Cell2471	1	2	2	1
Cell2472	1	2	2	1
Cell2473	1	4	6	3
Cell2474	1	3	3	8
Cell2475	1	8	7	5
Cell2476	1	7	6	4
Cell2477	1	4	6	3
Cell2478	1	5	1	2
Cell2479	1	6	8	6
Cell2480	1	2	4	1
Cell2481	1	8	7	5
Cell2482	1	1	5	7
Cell2483	1	5	1	2
Cell2484	1	6	8	6
Cell2485	1	2	2	1
Cell2486	1	2	4	1
Cell2487	1	4	6	3
Cell2488	1	6	8	6
Cell2489	1	2	4	1
Cell2490	1	1	5	7
Cell2491	1	4	6	3
Cell2492	1	2	4	1
Cell2493	1	3	3	8
Cell2494	1	6	8	6
Cell2495	1	2	2	1
Cell2496	1	5	1	2
Cell2497	1	2	4	1
Cell2498	1	7	6	4
Cell2499	1	1	5	7
Cell2500	1	7	6	4
Cell2501	1	7	6	4
Cell2502	1	8	7	5
Cell2503	1	6	8	6
Cell2504	1	4	6	3
Cell2505	1	7	6	4
Cell2506	1	8	7	5
Cell2507	1	2	4	1
Cell2508	1	7	6	4
Cell2509	1	5	1	2
Cell2510	1	7	6	4
Cell2511	1	8	7	5
Cell2512	1	5	1	2
Cell2513	1	2	4	1
Cell2514	1	8	7	5
Cell2515	1	8	7	5
Cell2516	1	2	2	1
Cell2517	1	2	4	1
Cell2518	1	6	8	6
Cell2519	1	2	4	1
Cell2520	1	8	7	5
Cell2521	1	5	1	2
Cell2522	1	7	6	4
Cell2523	1	6	8	6
Cell2524	1	1	5	7
Cell2525	1	7	6	4
Cell2526	1	2	4	1
Cell2527	1	6	8	6
Cell2528	1	4	6	3
Cell2529	1	4	6	3
Cell2530	1	2	4	1
Cell2531	1	2	2	1
Cell2532	1	7	6	4
Cell2533	1	2	2	1
Cell2534	1	2	4	1
Cell2535	1	8	7	5
Cell2536	1	2	2	1
Cell2537	1	7	6	4
Cell2538	1	5	1	2
Cell2539	1	6	8	6
Cell2540	1	1	5	7
Cell2541	1	6	8	6
Cell2542	1	6	8	6
Cell2543	1	8	7	5
Cell2544	1	3	3	8
Cell2545	1	3	3	8
Cell2546	1	5	1	2
Cell2547	1	8	7	5
Cell2548	1	5	1	2
Cell2549	1	7	6	4
Cell2550	1	1	5	7
Cell2551	1	6	8	6
Cell2553	1	3	3	8
Cell2554	1	8	7	5
Cell2555	1	5	1	2
Cell2556	1	7	6	4
Cell2557	1	4	6	3
Cell2558	1	7	6	4
Cell2559	1	4	6	3
Cell2560	1	5	1	2
Cell2561	1	6	8	6
Cell2562	1	1	5	7
Cell2563	1	2	2	1
Cell2564	1	5	1	2
Cell2565	1	7	6	4
Cell2566	1	8	7	5
Cell2567	1	3	3	8
Cell2568	1	5	1	2
Cell2569	1	4	6	3
Cell2570	1	3	3	8
Cell2571	1	1	5	7
Cell2572	1	6	8	6
Cell2573	1	3	3	8
Cell2574	1	2	2	1
Cell2575	1	2	4	1
Cell2576	1	6	8	6
Cell2577	1	2	2	1
Cell2578	1	6	8	6
Cell2579	1	3	3	8
Cell2580	1	3	3	8
Cell2581	1	5	1	2
Cell2582	1	2	2	1
Cell2583	1	6	8	6
Cell2584	1	6	8	6
Cell2585	1	7	6	4
Cell2586	1	5	1	2
Cell2587	1	6	8	6
Cell2588	1	3	3	8
Cell2589	1	3	3	8
Cell2590	1	1	5	7
Cell2591	1	5	1	2
Cell2592	1	6	8	6
Cell2593	1	4	6	3
Cell2594	1	5	1	2
Cell2595	1	3	3	8
Cell2597	1	2	4	1
Cell2598	1	1	5	7
Cell2599	1	5	1	2
Cell2600	1	2	4	1
Cell2601	1	1	5	7
Cell2602	1	1	5	7
Cell2603	1	3	3	8
Cell2604	1	7	6	4
Cell2605	1	8	7	5
Cell2606	1	5	1	2
Cell2607	1	3	3	8
Cell2608	1	2	2	1
Cell2609	1	6	8	6
Cell2610	1	8	7	5
Cell2611	1	1	5	7
Cell2612	1	5	1	2
Cell2613	1	3	3	8
Cell2614	1	2	4	1
Cell2615	1	6	8	6
Cell2616	1	2	2	1
Cell2619	1	6	8	6
Cell2620	1	2	4	1
Cell2621	1	5	1	2
Cell2622	1	1	5	7
Cell2623	1	2	2	1
Cell2624	1	6	8	6
Cell2625	1	1	5	7
Cell2626	1	1	5	7
Cell2627	1	5	1	2
Cell2628	1	8	7	5
Cell2629	1	7	6	4
Cell2630	1	3	3	8
Cell2631	1	2	2	1
Cell2632	1	4	6	3
Cell2633	1	1	5	7
Cell2634	1	5	1	2
Cell2635	1	2	4	1
Cell2636	1	7	6	4
Cell2637	1	2	2	1
Cell2638	1	7	6	4
Cell2639	1	3	3	8
Cell2640	1	8	7	5
Cell2641	1	4	6	3
Cell2642	1	1	5	7
Cell2643	1	8	7	5
Cell2644	1	8	7	5
Cell2645	1	7	6	4
Cell2646	1	3	3	8
Cell2647	1	2	4	1
Cell2648	1	4	6	3
Cell2650	1	4	6	3
Cell2651	1	8	7	5
Cell2652	1	5	1	2
Cell2653	1	3	3	8
Cell2654	1	3	3	8
Cell2656	1	7	6	4
Cell2657	1	1	5	7
Cell2658	1	1	5	7
Cell2660	1	6	8	6
Cell2661	1	1	5	7
Cell2662	1	1	5	7
Cell2663	1	7	6	4
Cell2664	1	3	3	8
Cell2665	1	5	1	2
Cell2666	1	2	4	1
Cell2667	1	5	1	2
Cell2668	1	7	6	4
Cell2669	1	4	6	3
Cell2670	1	8	7	5
Cell2671	1	4	6	3
Cell2672	1	7	6	4
Cell2673	1	5	1	2
Cell2674	1	2	2	1
Cell2675	1	5	1	2
Cell2676	1	6	8	6
Cell2677	1	6	8	6
Cell2678	1	5	1	2
Cell2679	1	1	5	7
Cell2680	1	7	6	4
Cell2681	1	3	3	8
Cell2683	1	4	6	3
Cell2684	1	6	8	6
Cell2685	1	1	5	7
Cell2686	1	7	6	4
Cell2687	1	4	6	3
Cell2688	1	1	5	7
Cell2689	1	3	3	8
Cell2690	1	5	1	2
Cell2691	1	1	5	7
Cell2692	1	7	6	4
Cell2693	1	7	6	4
Cell2694	1	6	8	6
Cell2695	1	4	6	3
Cell2696	1	8	7	5
Cell2697	1	8	7	5
Cell2698	1	7	6	4
Cell2699	1	6	8	6
Cell2700	1	5	1	2
Cell2701	1	1	5	7
Cell2702	1	1	5	7
Cell2703	1	6	8	6
Cell2704	1	6	8	6
Cell2705	1	6	8	6
Cell2706	1	6	8	6
Cell2707	1	1	5	7
Cell2708	1	8	7	5
Cell2709	1	6	8	6
Cell2710	1	6	8	6
Cell2711	1	4	6	3
Cell2712	1	5	1	2
Cell2713	1	3	3	8
Cell2715	1	5	1	2
Cell2716	1	5	1	2
Cell2717	1	3	3	8
Cell2718	1	6	8	6
Cell2719	1	3	3	8
Cell2720	1	6	8	6
Cell2721	1	3	3	8
Cell2722	1	8	7	5
Cell2723	1	1	5	7
Cell2724	1	5	1	2
Cell2725	1	2	2	1
Cell2726	1	2	4	1
Cell2727	1	1	5	7
Cell2728	1	8	7	5
Cell2729	1	2	4	1
Cell2730	1	5	1	2
Cell2731	1	7	6	4
Cell2732	1	4	6	3
Cell2733	1	3	3	8
Cell2734	1	5	1	2
Cell2735	1	7	6	4
Cell2736	1	5	1	2
Cell2737	1	1	5	7
Cell2739	1	5	1	2
Cell2740	1	3	3	8
Cell2741	1	5	1	2
Cell2742	1	1	5	7
Cell2743	1	5	1	2
Cell2744	1	5	1	2
Cell2745	1	3	3	8
Cell2747	1	2	4	1
Cell2748	1	2	4	1
Cell2749	1	8	7	5
Cell2750	1	4	6	3
Cell2751	1	6	8	6
Cell2752	1	3	3	8
Cell2753	1	7	6	4
Cell2754	1	1	5	7
Cell2755	1	6	8	6
Cell2756	1	2	2	1
Cell2757	1	2	4	1
Cell2758	1	6	8	6
Cell2759	1	2	4	1
Cell2760	1	5	1	2
Cell2761	1	5	1	2
Cell2762	1	4	6	3
Cell2763	1	2	2	1
Cell2764	1	1	5	7
Cell2765	1	3	3	8
Cell2766	1	1	5	7
Cell2767	1	6	8	6
Cell2768	1	3	3	8
Cell2769	1	7	6	4
Cell2770	1	8	7	5
Cell2771	1	2	4	1
Cell2772	1	8	7	5
Cell2773	1	8	7	5
Cell2774	1	3	3	8
Cell2775	1	1	5	7
Cell2776	1	2	4	1
Cell2777	1	4	6	3
Cell2778	1	3	3	8
Cell2779	1	5	1	2
Cell2780	1	5	1	2
Cell2781	1	8	7	5
Cell2782	1	5	1	2
Cell2783	1	2	2	1
Cell2784	1	5	1	2
Cell2785	1	3	3	8
Cell2786	1	5	1	2
Cell2787	1	2	2	1
Cell2788	1	6	8	6
Cell2789	1	6	8	6
Cell2790	1	7	6	4
Cell2791	1	1	5	7
Cell2792	1	6	8	6
Cell2793	1	5	1	2
Cell2794	1	4	6	3
Cell2795	1	7	6	4
Cell2796	1	8	7	5
Cell2797	1	6	8	6
Cell2798	1	5	1	2
Cell2799	1	8	7	5
Cell2800	1	7	6	4
Cell2801	1	6	8	6
Cell2802	1	6	8	6
Cell2803	1	7	6	4
Cell2804	1	6	8	6
Cell2805	1	7	6	4
Cell2806	1	8	7	5
Cell2807	1	1	5	7
Cell2808	1	2	2	1
Cell2809	1	7	6	4
Cell2810	1	5	1	2
Cell2811	1	1	5	7
Cell2812	1	3	3	8
Cell2813	1	8	7	5
Cell2814	1	5	1	2
Cell2815	1	6	8	6
Cell2816	1	3	3	8
Cell2817	1	4	6	3
Cell2818	1	1	5	7
Cell2819	1	7	6	4
Cell2820	1	4	6	3
Cell2821	1	6	8	6
Cell2822	1	8	7	5
Cell2823	1	4	6	3
Cell2824	1	1	5	7
Cell2825	1	7	6	4
Cell2826	1	5	1	2
Cell2827	1	2	4	1
Cell2828	1	2	2	1
Cell2829	1	6	8	6
Cell2830	1	6	8	6
Cell2831	1	2	4	1
Cell2832	1	8	7	5
Cell2833	1	1	5	7
Cell2834	1	2	2	1
Cell2835	1	1	5	7
Cell2836	1	2	2	1
Cell2837	1	4	6	3
Cell2838	1	3	3	8
Cell2839	1	2	2	1
Cell2840	1	6	8	6
Cell2841	1	2	4	1
Cell2842	1	3	3	8
Cell2843	1	3	3	8
Cell2845	1	8	7	5
Cell2846	1	2	4	1
Cell2847	1	1	5	7
Cell2848	1	7	6	4
Cell2849	1	8	7	5
Cell2850	1	6	8	6
Cell2851	1	2	4	1
Cell2853	1	1	5	7
Cell2854	1	8	7	5
Cell2855	1	1	5	7
Cell2856	1	3	3	8
Cell2857	1	6	8	6
Cell2858	1	2	2	1
Cell2859	1	2	2	1
Cell2860	1	4	6	3
Cell2861	1	1	5	7
Cell2862	1	4	6	3
Cell2863	1	6	8	6
Cell2864	1	1	5	7
Cell2865	1	8	7	5
Cell2866	1	7	6	4
Cell2867	1	6	8	6
Cell2868	1	8	7	5
Cell2869	1	3	3	8
Cell2870	1	1	5	7
Cell2871	1	4	6	3
Cell2872	1	5	1	2
Cell2873	1	6	8	6
Cell2874	1	8	7	5
Cell2875	1	1	5	7
Cell2877	1	7	6	4
Cell2878	1	8	7	5
Cell2879	1	1	5	7
Cell2880	1	4	6	3
Cell2881	1	5	1	2
Cell2882	1	1	5	7
Cell2883	1	1	5	7
Cell2884	1	2	2	1
Cell2885	1	6	8	6
Cell2886	1	8	7	5
Cell2887	1	3	3	8
Cell2888	1	8	7	5
Cell2889	1	8	7	5
Cell2890	1	3	3	8
Cell2891	1	1	5	7
Cell2892	1	3	3	8
Cell2893	1	4	6	3
Cell2894	1	6	8	6
Cell2895	1	8	7	5
Cell2896	1	1	5	7
Cell2897	1	2	4	1
Cell2898	1	6	8	6
Cell2899	1	5	1	2
Cell2900	1	4	6	3
Cell2901	1	3	3	8
Cell2902	1	8	7	5
Cell2903	1	2	4	1
Cell2904	1	1	5	7
Cell2906	1	6	8	6
Cell2907	1	3	3	8
Cell2908	1	8	7	5
Cell2909	1	2	2	1
Cell2910	1	1	5	7
Cell2911	1	6	8	6
Cell2912	1	5	1	2
Cell2913	1	3	3	8
Cell2914	1	8	7	5
Cell2915	1	3	3	8
Cell2916	1	5	1	2
Cell2917	1	7	6	4
Cell2918	1	3	3	8
Cell2919	1	2	4	1
Cell2920	1	4	6	3
Cell2921	1	5	1	2
Cell2922	1	7	6	4
Cell2923	1	2	4	1
Cell2924	1	4	6	3
Cell2925	1	4	6	3
Cell2926	1	8	7	5
Cell2927	1	6	8	6
Cell2928	1	1	5	7
Cell2929	1	1	5	7
Cell2930	1	4	6	3
Cell2931	1	7	6	4
Cell2932	1	3	3	8
Cell2933	1	8	7	5
Cell2934	1	2	4	1
Cell2935	1	4	6	3
Cell2936	1	3	3	8
Cell2937	1	3	3	8
Cell2938	1	4	6	3
Cell2939	1	6	8	6
Cell2940	1	4	6	3
Cell2941	1	1	5	7
Cell2942	1	6	8	6
Cell2943	1	1	5	7
Cell2944	1	3	3	8
Cell2945	1	8	7	5
Cell2946	1	7	6	4
Cell2947	1	2	4	1
Cell2948	1	7	6	4
Cell2949	1	3	3	8
Cell2950	1	6	8	6
Cell2951	1	5	1	2
Cell2952	1	5	1	2
Cell2953	1	6	8	6
Cell2954	1	7	6	4
Cell2955	1	6	8	6
Cell2956	1	1	5	7
Cell2957	1	7	6	4
Cell2958	1	4	6	3
Cell2959	1	8	7	5
Cell2960	1	5	1	2
Cell2961	1	6	8	6
Cell2962	1	1	5	7
Cell2963	1	6	8	6
Cell2965	1	7	6	4
Cell2966	1	1	5	7
Cell2967	1	3	3	8
Cell2968	1	6	8	6
Cell2969	1	1	5	7
Cell2970	1	7	6	4
Cell2971	1	2	4	1
Cell2972	1	4	6	3
Cell2973	1	5	1	2
Cell2974	1	3	3	8
Cell2975	1	6	8	6
Cell2976	1	2	4	1
Cell2977	1	7	6	4
Cell2978	1	5	1	2
Cell2979	1	8	7	5
Cell2980	1	1	5	7
Cell2981	1	2	4	1
Cell2982	1	2	4	1
Cell2983	1	1	5	7
Cell2984	1	4	6	3
Cell2985	1	4	6	3
Cell2986	1	8	7	5
Cell2987	1	8	7	5
Cell2988	1	3	3	8
Cell2989	1	1	5	7
Cell2990	1	3	3	8
Cell2991	1	3	3	8
Cell2992	1	1	5	7
Cell2993	1	4	6	3
Cell2994	1	5	1	2
Cell2995	1	5	1	2
Cell2996	1	4	6	3
Cell2997	1	7	6	4
Cell2998	1	6	8	6
Cell2999	1	7	6	4
Cell3000	1	6	8	6
