ID	did	seurat_cluster	kmeans_cluster	labels
Cell1	1	4	62	63
Cell2	1	6	5	61
Cell3	1	3	18	25
Cell4	1	3	10	30
Cell5	1	2	57	50
Cell6	1	3	10	25
Cell7	1	17	64	14
Cell8	1	1	33	48
Cell9	1	9	32	57
Cell10	1	1	22	49
Cell11	1	4	17	15
Cell12	1	12	26	29
Cell13	1	5	38	25
Cell15	1	15	55	8
Cell16	1	3	10	57
Cell17	1	4	44	63
Cell18	1	6	8	28
Cell19	1	4	17	33
Cell20	1	6	59	20
Cell21	1	6	8	28
Cell22	1	2	63	17
Cell23	1	9	43	34
Cell24	1	15	55	8
Cell25	1	16	6	16
Cell26	1	1	39	32
Cell27	1	1	39	35
Cell28	1	8	61	44
Cell29	1	12	26	21
Cell30	1	1	33	56
Cell31	1	6	8	28
Cell32	1	1	25	15
Cell33	1	4	58	9
Cell34	1	3	31	6
Cell35	1	8	15	27
Cell36	1	12	26	3
Cell37	1	13	7	54
Cell38	1	7	3	7
Cell39	1	5	12	20
Cell40	1	3	31	26
Cell41	1	2	2	53
Cell42	1	8	53	31
Cell43	1	3	9	47
Cell44	1	9	43	60
Cell45	1	12	26	51
Cell46	1	2	63	31
Cell47	1	2	46	40
Cell48	1	6	30	1
Cell49	1	1	4	52
Cell50	1	3	50	35
Cell51	1	4	37	45
Cell52	1	18	45	39
Cell53	1	9	43	60
Cell54	1	14	34	55
Cell55	1	3	50	58
Cell56	1	8	15	17
Cell57	1	8	61	44
Cell58	1	7	29	38
Cell59	1	17	22	7
Cell60	1	18	45	39
Cell61	1	14	34	49
Cell62	1	8	51	27
Cell63	1	12	26	51
Cell64	1	1	25	18
Cell65	1	4	62	6
Cell66	1	6	30	11
Cell67	1	13	7	54
Cell68	1	7	29	28
Cell69	1	5	27	4
Cell70	1	1	27	47
Cell71	1	4	17	31
Cell72	1	17	64	14
Cell73	1	14	34	55
Cell75	1	2	47	25
Cell76	1	7	3	40
Cell77	1	5	11	58
Cell78	1	4	44	36
Cell79	1	17	64	14
Cell80	1	16	6	16
Cell81	1	7	52	38
Cell82	1	2	2	53
Cell83	1	6	21	42
Cell85	1	4	62	17
Cell86	1	1	22	59
Cell87	1	6	59	47
Cell88	1	2	2	53
Cell89	1	4	62	36
Cell90	1	4	19	26
Cell91	1	12	26	51
Cell92	1	5	21	1
Cell93	1	7	29	38
Cell94	1	3	9	61
Cell95	1	5	27	47
Cell96	1	8	53	27
Cell97	1	9	43	60
Cell98	1	5	12	40
Cell99	1	11	44	10
Cell100	1	9	43	60
Cell101	1	9	43	60
Cell102	1	5	38	42
Cell103	1	15	55	8
Cell104	1	10	49	13
Cell105	1	14	34	55
Cell106	1	2	46	21
Cell107	1	5	40	11
Cell108	1	5	27	24
Cell109	1	6	8	21
Cell110	1	17	64	7
Cell111	1	11	42	23
Cell112	1	1	25	18
Cell113	1	2	46	31
Cell114	1	5	11	4
Cell115	1	10	21	61
Cell116	1	10	49	42
Cell118	1	11	42	23
Cell119	1	13	7	54
Cell120	1	13	7	54
Cell121	1	5	35	15
Cell122	1	13	7	54
Cell123	1	3	3	19
Cell124	1	1	23	35
Cell125	1	9	43	43
Cell126	1	3	18	64
Cell127	1	2	63	45
Cell128	1	10	49	13
Cell130	1	1	28	64
Cell131	1	3	50	63
Cell132	1	1	22	59
Cell133	1	5	36	22
Cell135	1	3	56	34
Cell136	1	1	22	59
Cell137	1	3	3	58
Cell138	1	2	46	2
Cell139	1	17	64	14
Cell140	1	8	51	25
Cell141	1	3	18	33
Cell142	1	10	49	13
Cell144	1	5	9	3
Cell145	1	1	25	18
Cell146	1	7	29	15
Cell147	1	14	34	21
Cell148	1	1	22	59
Cell149	1	5	38	62
Cell150	1	4	37	10
Cell151	1	5	36	49
Cell152	1	3	9	58
Cell153	1	6	5	41
Cell154	1	8	41	27
Cell155	1	2	47	2
Cell156	1	1	25	18
Cell157	1	1	39	25
Cell158	1	5	11	33
Cell159	1	3	18	6
Cell160	1	5	36	42
Cell161	1	7	29	43
Cell162	1	16	6	16
Cell163	1	11	42	23
Cell164	1	13	7	54
Cell165	1	1	4	29
Cell166	1	3	56	34
Cell167	1	17	64	14
Cell168	1	11	42	9
Cell169	1	4	44	36
Cell170	1	8	53	31
Cell171	1	2	47	45
Cell172	1	3	18	35
Cell173	1	16	6	16
Cell174	1	2	47	2
Cell175	1	8	53	27
Cell176	1	13	7	54
Cell177	1	5	36	18
Cell178	1	7	52	38
Cell179	1	2	16	19
Cell180	1	1	25	24
Cell181	1	14	34	55
Cell182	1	1	20	61
Cell183	1	14	34	55
Cell184	1	8	41	9
Cell186	1	1	33	48
Cell187	1	15	12	8
Cell188	1	16	6	5
Cell189	1	1	39	59
Cell190	1	14	34	12
Cell191	1	11	42	30
Cell192	1	3	13	52
Cell193	1	17	64	14
Cell194	1	14	34	55
Cell195	1	1	28	59
Cell196	1	2	57	63
Cell197	1	3	18	34
Cell198	1	7	29	43
Cell199	1	7	14	41
Cell200	1	4	37	10
Cell201	1	2	57	50
Cell202	1	11	42	23
Cell203	1	2	2	10
Cell204	1	17	64	14
Cell205	1	2	2	53
Cell206	1	4	54	26
Cell207	1	3	31	6
Cell208	1	16	6	16
Cell210	1	3	19	47
Cell211	1	12	26	52
Cell212	1	8	53	27
Cell213	1	8	41	25
Cell215	1	2	2	21
Cell216	1	7	52	38
Cell217	1	8	61	44
Cell218	1	5	11	56
Cell219	1	17	64	14
Cell220	1	2	46	63
Cell221	1	8	15	26
Cell222	1	12	26	21
Cell225	1	2	47	2
Cell226	1	5	21	34
Cell227	1	10	49	15
Cell228	1	8	61	44
Cell229	1	4	44	10
Cell230	1	4	44	9
Cell231	1	3	56	5
Cell232	1	1	20	48
Cell233	1	6	8	28
Cell234	1	15	55	8
Cell235	1	14	34	55
Cell236	1	2	2	9
Cell237	1	6	30	28
Cell238	1	10	32	57
Cell239	1	10	32	3
Cell240	1	3	50	56
Cell241	1	3	18	19
Cell242	1	11	42	23
Cell243	1	18	45	39
Cell244	1	4	58	25
Cell245	1	4	19	36
Cell246	1	5	38	4
Cell247	1	8	61	44
Cell248	1	15	55	8
Cell249	1	3	3	19
Cell250	1	14	34	55
Cell251	1	16	6	16
Cell252	1	13	7	54
Cell253	1	12	26	51
Cell254	1	5	40	41
Cell256	1	6	8	28
Cell257	1	1	4	22
Cell258	1	8	51	24
Cell259	1	4	37	49
Cell260	1	16	6	16
Cell261	1	8	51	27
Cell262	1	1	33	48
Cell263	1	7	52	46
Cell264	1	1	22	59
Cell265	1	1	27	47
Cell266	1	13	7	52
Cell267	1	6	8	29
Cell268	1	3	56	58
Cell269	1	8	61	27
Cell270	1	5	12	32
Cell271	1	2	57	31
Cell272	1	7	54	45
Cell273	1	17	64	14
Cell274	1	12	26	51
Cell275	1	5	35	32
Cell276	1	2	2	26
Cell277	1	1	22	59
Cell278	1	7	59	46
Cell279	1	1	33	48
Cell280	1	13	7	54
Cell281	1	6	59	41
Cell282	1	11	42	23
Cell283	1	7	54	35
Cell284	1	6	59	7
Cell285	1	12	26	45
Cell286	1	10	32	1
Cell287	1	12	26	51
Cell288	1	3	9	19
Cell289	1	6	30	42
Cell290	1	2	46	1
Cell291	1	6	30	43
Cell294	1	12	26	51
Cell295	1	1	25	42
Cell296	1	11	42	23
Cell297	1	10	49	13
Cell298	1	7	29	12
Cell299	1	6	30	11
Cell300	1	2	63	26
Cell301	1	7	54	63
Cell302	1	17	64	14
Cell303	1	1	23	18
Cell304	1	2	63	9
Cell305	1	7	52	17
Cell306	1	7	52	46
Cell307	1	2	2	53
Cell308	1	5	38	62
Cell309	1	8	61	44
Cell310	1	7	29	38
Cell311	1	19	60	5
Cell312	1	5	11	58
Cell313	1	10	49	47
Cell314	1	11	42	23
Cell315	1	1	20	48
Cell318	1	8	61	44
Cell319	1	4	24	30
Cell320	1	2	2	50
Cell321	1	16	6	16
Cell322	1	2	2	1
Cell323	1	4	17	63
Cell324	1	3	10	49
Cell325	1	13	7	54
Cell326	1	2	47	1
Cell327	1	9	43	60
Cell329	1	16	6	16
Cell330	1	7	52	34
Cell332	1	3	31	47
Cell333	1	9	36	60
Cell334	1	2	57	46
Cell335	1	5	59	41
Cell336	1	2	57	50
Cell337	1	5	35	58
Cell338	1	1	4	56
Cell339	1	10	49	26
Cell340	1	1	28	64
Cell342	1	6	21	28
Cell343	1	5	35	46
Cell344	1	4	24	26
Cell345	1	2	57	50
Cell346	1	8	61	44
Cell347	1	7	29	38
Cell348	1	12	26	51
Cell349	1	2	2	50
Cell350	1	3	56	56
Cell351	1	4	24	52
Cell352	1	2	46	3
Cell353	1	9	32	57
Cell354	1	18	1	22
Cell355	1	1	22	59
Cell356	1	2	46	52
Cell357	1	3	50	34
Cell358	1	4	31	22
Cell359	1	7	54	12
Cell360	1	6	21	45
Cell361	1	4	37	12
Cell362	1	4	44	22
Cell363	1	9	32	57
Cell364	1	5	36	49
Cell366	1	1	28	61
Cell367	1	16	6	16
Cell368	1	5	23	19
Cell369	1	8	61	44
Cell370	1	1	25	25
Cell371	1	16	6	16
Cell372	1	4	44	9
Cell373	1	11	42	23
Cell374	1	1	22	15
Cell375	1	6	30	21
Cell376	1	14	34	49
Cell377	1	5	40	42
Cell378	1	3	50	21
Cell380	1	2	47	28
Cell381	1	3	56	58
Cell382	1	3	50	20
Cell383	1	8	15	40
Cell385	1	15	55	8
Cell386	1	5	36	15
Cell387	1	2	46	53
Cell388	1	10	32	24
Cell389	1	2	47	34
Cell390	1	2	46	40
Cell391	1	6	5	31
Cell392	1	7	14	10
Cell393	1	3	10	12
Cell394	1	3	19	5
Cell395	1	6	8	31
Cell396	1	9	43	60
Cell397	1	1	28	20
Cell398	1	1	27	56
Cell399	1	3	10	43
Cell400	1	4	58	24
Cell401	1	3	50	58
Cell402	1	5	23	20
Cell403	1	1	23	26
Cell404	1	3	3	19
Cell405	1	15	55	8
Cell406	1	4	24	18
Cell407	1	15	12	41
Cell408	1	14	34	59
Cell409	1	3	19	6
Cell410	1	7	52	12
Cell411	1	1	39	42
Cell412	1	9	43	60
Cell413	1	1	27	15
Cell414	1	6	5	32
Cell415	1	10	49	13
Cell416	1	9	48	22
Cell417	1	10	49	47
Cell418	1	12	26	51
Cell419	1	9	43	60
Cell420	1	3	50	58
Cell421	1	16	58	49
Cell422	1	8	15	31
Cell423	1	3	18	12
Cell424	1	7	54	12
Cell425	1	1	22	61
Cell426	1	10	49	13
Cell427	1	7	29	52
Cell428	1	2	47	31
Cell429	1	7	52	7
Cell430	1	13	7	54
Cell432	1	9	32	6
Cell433	1	11	42	23
Cell434	1	5	48	47
Cell435	1	5	40	35
Cell436	1	9	36	42
Cell437	1	5	21	20
Cell438	1	1	28	59
Cell439	1	6	8	35
Cell440	1	5	40	48
Cell441	1	4	62	63
Cell442	1	6	30	11
Cell443	1	16	58	16
Cell444	1	17	64	14
Cell445	1	16	6	16
Cell446	1	2	2	1
Cell447	1	12	26	51
Cell448	1	2	2	52
Cell449	1	10	49	26
Cell450	1	13	7	54
Cell451	1	10	49	13
Cell452	1	12	26	51
Cell453	1	6	8	1
Cell454	1	4	44	63
Cell455	1	2	57	50
Cell457	1	3	18	25
Cell458	1	18	45	39
Cell459	1	3	31	6
Cell460	1	10	49	13
Cell461	1	7	3	49
Cell462	1	13	7	28
Cell463	1	8	51	1
Cell464	1	13	7	15
Cell465	1	16	6	16
Cell466	1	5	9	58
Cell467	1	16	6	16
Cell468	1	9	43	60
Cell469	1	2	2	40
Cell470	1	3	9	58
Cell471	1	7	29	38
Cell472	1	5	35	7
Cell474	1	16	6	16
Cell475	1	4	19	3
Cell476	1	11	42	23
Cell478	1	7	54	33
Cell479	1	1	33	48
Cell480	1	3	18	43
Cell481	1	7	14	10
Cell482	1	3	13	31
Cell483	1	1	23	34
Cell484	1	10	49	42
Cell486	1	9	43	60
Cell487	1	12	26	51
Cell488	1	14	34	55
Cell489	1	5	35	31
Cell490	1	2	24	52
Cell491	1	8	41	61
Cell492	1	18	45	39
Cell493	1	1	33	24
Cell495	1	7	29	38
Cell497	1	13	7	54
Cell498	1	6	30	11
Cell499	1	8	15	64
Cell500	1	3	10	19
Cell501	1	3	50	19
Cell503	1	4	24	24
Cell504	1	7	54	30
Cell505	1	5	40	47
Cell506	1	1	39	59
Cell507	1	4	24	61
Cell508	1	6	8	45
Cell510	1	13	7	54
Cell511	1	9	43	60
Cell512	1	4	37	63
Cell513	1	16	6	16
Cell515	1	13	7	54
Cell516	1	3	3	58
Cell517	1	4	17	26
Cell518	1	3	9	58
Cell519	1	10	49	32
Cell520	1	4	17	36
Cell521	1	7	14	10
Cell522	1	7	14	2
Cell523	1	3	50	34
Cell524	1	15	55	8
Cell525	1	5	40	4
Cell526	1	3	56	34
Cell527	1	2	63	22
Cell528	1	2	47	28
Cell529	1	3	56	3
Cell530	1	13	7	54
Cell531	1	18	45	39
Cell532	1	5	40	46
Cell533	1	1	28	61
Cell534	1	2	2	53
Cell535	1	16	6	16
Cell536	1	4	37	10
Cell537	1	3	19	15
Cell538	1	18	45	39
Cell539	1	15	55	41
Cell540	1	14	34	55
Cell542	1	7	54	5
Cell543	1	15	55	8
Cell544	1	4	37	10
Cell545	1	3	50	12
Cell546	1	1	28	26
Cell547	1	1	33	48
Cell548	1	2	63	2
Cell550	1	5	35	46
Cell552	1	1	25	24
Cell553	1	9	43	47
Cell554	1	3	19	6
Cell555	1	7	52	7
Cell556	1	2	57	50
Cell557	1	7	52	7
Cell559	1	3	18	64
Cell560	1	9	43	60
Cell561	1	18	45	39
Cell562	1	3	13	12
Cell563	1	7	14	53
Cell564	1	7	35	35
Cell566	1	2	2	45
Cell567	1	10	49	7
Cell568	1	1	28	49
Cell570	1	5	21	57
Cell571	1	17	64	14
Cell572	1	11	42	23
Cell573	1	1	28	15
Cell574	1	1	28	26
Cell575	1	5	40	11
Cell576	1	11	42	23
Cell577	1	3	13	12
Cell579	1	5	40	46
Cell580	1	5	40	7
Cell581	1	6	59	43
Cell582	1	5	11	62
Cell583	1	3	3	22
Cell584	1	5	27	18
Cell585	1	7	52	28
Cell586	1	3	19	17
Cell587	1	1	4	48
Cell588	1	6	8	28
Cell589	1	9	48	57
Cell590	1	2	63	3
Cell591	1	5	21	42
Cell592	1	1	39	18
Cell593	1	3	50	19
Cell594	1	2	2	26
Cell595	1	7	29	47
Cell596	1	9	32	57
Cell597	1	4	19	36
Cell599	1	2	2	53
Cell600	1	5	11	62
Cell601	1	14	34	36
Cell602	1	10	49	13
Cell603	1	1	39	59
Cell604	1	9	43	60
Cell605	1	2	47	3
Cell606	1	5	35	4
Cell607	1	2	2	1
Cell608	1	6	59	41
Cell609	1	7	52	46
Cell610	1	9	43	60
Cell611	1	6	30	11
Cell612	1	7	29	38
Cell613	1	4	13	12
Cell614	1	17	64	14
Cell615	1	18	45	39
Cell617	1	7	14	10
Cell618	1	4	37	22
Cell619	1	1	22	59
Cell620	1	7	54	58
Cell621	1	6	5	2
Cell622	1	8	51	40
Cell623	1	5	11	35
Cell624	1	1	23	42
Cell625	1	7	29	38
Cell626	1	2	16	30
Cell627	1	8	41	34
Cell628	1	6	5	7
Cell629	1	7	46	63
Cell630	1	5	40	42
Cell631	1	13	7	54
Cell632	1	3	56	20
Cell633	1	18	1	22
Cell634	1	4	54	32
Cell635	1	3	31	43
Cell636	1	4	24	31
Cell637	1	18	45	39
Cell638	1	2	57	1
Cell639	1	13	7	35
Cell640	1	10	49	13
Cell641	1	9	32	15
Cell642	1	5	36	49
Cell643	1	5	48	20
Cell644	1	3	56	34
Cell645	1	6	59	20
Cell646	1	4	37	10
Cell647	1	7	29	40
Cell648	1	11	44	3
Cell649	1	9	48	26
Cell650	1	2	16	50
Cell651	1	2	16	3
Cell652	1	18	45	39
Cell653	1	7	59	29
Cell654	1	2	63	9
Cell655	1	2	47	17
Cell656	1	2	57	50
Cell657	1	4	54	43
Cell658	1	2	47	2
Cell659	1	4	58	24
Cell660	1	6	8	21
Cell661	1	6	21	11
Cell662	1	7	3	31
Cell663	1	2	24	43
Cell664	1	15	55	8
Cell665	1	5	40	64
Cell666	1	7	14	63
Cell667	1	7	29	38
Cell668	1	2	46	9
Cell669	1	4	54	36
Cell670	1	8	41	27
Cell671	1	3	19	36
Cell672	1	8	51	56
Cell673	1	19	60	37
Cell674	1	11	42	24
Cell675	1	1	25	47
Cell676	1	8	53	31
Cell677	1	2	46	2
Cell678	1	3	19	6
Cell679	1	6	8	28
Cell680	1	4	44	22
Cell681	1	12	26	49
Cell682	1	2	47	41
Cell683	1	4	17	35
Cell684	1	5	36	26
Cell685	1	1	23	25
Cell686	1	17	64	14
Cell687	1	3	56	34
Cell688	1	4	14	52
Cell689	1	4	37	10
Cell690	1	11	44	53
Cell691	1	1	4	40
Cell693	1	17	64	14
Cell694	1	1	25	47
Cell695	1	7	52	43
Cell696	1	5	11	62
Cell697	1	14	34	43
Cell698	1	6	8	33
Cell699	1	2	47	2
Cell700	1	16	6	16
Cell701	1	5	38	7
Cell702	1	8	61	44
Cell703	1	6	59	41
Cell704	1	7	52	38
Cell705	1	7	29	20
Cell706	1	4	62	52
Cell707	1	2	2	53
Cell708	1	17	64	14
Cell709	1	1	28	4
Cell710	1	1	4	17
Cell711	1	4	62	5
Cell712	1	17	64	14
Cell713	1	2	57	50
Cell714	1	1	33	48
Cell715	1	18	45	39
Cell716	1	4	17	5
Cell717	1	5	35	32
Cell718	1	18	1	48
Cell719	1	3	50	12
Cell720	1	1	23	18
Cell721	1	3	9	4
Cell722	1	6	59	35
Cell723	1	15	55	8
Cell724	1	19	60	37
Cell725	1	12	26	51
Cell726	1	19	60	37
Cell727	1	9	32	57
Cell728	1	1	27	47
Cell729	1	3	56	33
Cell731	1	2	63	26
Cell732	1	6	5	30
Cell733	1	8	53	31
Cell734	1	14	34	55
Cell735	1	17	64	14
Cell736	1	1	39	59
Cell737	1	8	41	64
Cell738	1	8	15	56
Cell739	1	7	52	9
Cell740	1	3	19	9
Cell741	1	7	35	34
Cell742	1	11	42	23
Cell743	1	6	59	41
Cell744	1	1	4	45
Cell745	1	17	64	46
Cell746	1	5	38	33
Cell747	1	18	1	56
Cell748	1	5	38	25
Cell749	1	11	16	23
Cell750	1	3	18	47
Cell751	1	2	2	12
Cell752	1	3	50	34
Cell753	1	8	53	29
Cell754	1	14	34	55
Cell755	1	1	33	48
Cell756	1	16	6	16
Cell757	1	10	49	13
Cell758	1	1	28	59
Cell759	1	7	35	43
Cell760	1	1	28	24
Cell761	1	4	13	22
Cell762	1	4	62	40
Cell763	1	2	63	53
Cell764	1	7	52	41
Cell765	1	3	13	34
Cell766	1	8	51	24
Cell767	1	8	61	44
Cell768	1	12	63	61
Cell769	1	1	25	59
Cell770	1	3	13	58
Cell771	1	4	24	63
Cell772	1	19	60	37
Cell773	1	5	35	7
Cell774	1	2	47	28
Cell775	1	9	48	57
Cell776	1	2	46	24
Cell777	1	12	26	31
Cell778	1	7	29	38
Cell779	1	14	34	55
Cell780	1	5	38	40
Cell781	1	7	52	46
Cell782	1	1	39	18
Cell783	1	2	57	50
Cell784	1	19	60	37
Cell785	1	6	30	11
Cell786	1	2	46	53
Cell787	1	3	50	58
Cell788	1	4	24	25
Cell789	1	7	3	61
Cell790	1	7	59	41
Cell791	1	7	29	38
Cell792	1	2	24	33
Cell793	1	4	37	10
Cell794	1	6	5	2
Cell795	1	2	2	12
Cell796	1	7	52	7
Cell797	1	5	11	62
Cell798	1	5	36	50
Cell799	1	6	59	41
Cell800	1	5	11	46
Cell801	1	18	1	22
Cell802	1	16	6	16
Cell803	1	3	56	6
Cell804	1	9	32	57
Cell805	1	2	24	40
Cell806	1	5	40	41
Cell807	1	3	10	33
Cell808	1	6	5	17
Cell809	1	2	2	26
Cell810	1	1	28	56
Cell811	1	6	30	21
Cell812	1	7	52	30
Cell813	1	4	17	36
Cell814	1	1	27	40
Cell815	1	8	53	30
Cell816	1	1	28	49
Cell817	1	5	36	45
Cell818	1	3	18	23
Cell819	1	8	61	44
Cell820	1	8	53	1
Cell821	1	5	11	15
Cell822	1	10	49	13
Cell823	1	1	25	15
Cell824	1	7	52	41
Cell825	1	5	27	31
Cell826	1	3	19	6
Cell827	1	16	6	16
Cell828	1	6	7	28
Cell829	1	5	38	42
Cell830	1	4	62	63
Cell831	1	4	62	36
Cell832	1	4	17	43
Cell833	1	1	39	48
Cell834	1	15	55	8
Cell836	1	1	4	30
Cell837	1	7	54	10
Cell838	1	16	6	16
Cell839	1	14	34	55
Cell840	1	3	18	5
Cell841	1	15	55	8
Cell842	1	5	11	42
Cell843	1	2	47	2
Cell844	1	12	26	51
Cell845	1	14	34	55
Cell846	1	4	44	63
Cell847	1	13	7	54
Cell848	1	15	55	8
Cell849	1	10	49	42
Cell850	1	19	60	29
Cell851	1	12	26	24
Cell852	1	9	43	60
Cell853	1	16	58	1
Cell854	1	7	29	38
Cell855	1	9	32	1
Cell856	1	3	13	58
Cell857	1	6	8	11
Cell858	1	9	32	24
Cell859	1	6	8	28
Cell860	1	17	64	14
Cell861	1	8	41	19
Cell862	1	7	29	25
Cell863	1	13	7	54
Cell864	1	5	35	58
Cell865	1	2	2	42
Cell866	1	4	44	45
Cell867	1	5	38	62
Cell868	1	8	41	44
Cell869	1	4	37	22
Cell870	1	3	50	58
Cell872	1	6	8	64
Cell873	1	6	8	28
Cell875	1	3	9	29
Cell876	1	1	20	48
Cell877	1	7	54	10
Cell878	1	8	51	5
Cell879	1	1	22	59
Cell880	1	11	42	23
Cell881	1	5	12	40
Cell882	1	4	37	43
Cell883	1	2	2	53
Cell884	1	19	60	6
Cell885	1	5	35	46
Cell886	1	13	7	21
Cell887	1	1	28	61
Cell888	1	3	3	4
Cell889	1	6	5	9
Cell890	1	2	47	2
Cell891	1	3	13	34
Cell892	1	5	27	21
Cell893	1	17	64	14
Cell894	1	2	2	1
Cell895	1	9	48	57
Cell896	1	3	13	22
Cell897	1	13	7	54
Cell898	1	9	32	60
Cell899	1	5	35	3
Cell900	1	15	55	48
Cell903	1	2	57	50
Cell904	1	16	6	16
Cell905	1	3	50	34
Cell906	1	18	45	39
Cell907	1	15	55	8
Cell909	1	5	35	4
Cell910	1	19	60	37
Cell911	1	4	44	22
Cell912	1	10	49	13
Cell913	1	2	2	53
Cell914	1	14	34	55
Cell915	1	11	42	26
Cell916	1	8	53	49
Cell917	1	2	63	1
Cell918	1	3	10	59
Cell919	1	4	17	5
Cell920	1	3	50	43
Cell921	1	17	64	14
Cell922	1	4	62	5
Cell923	1	9	32	60
Cell924	1	2	57	50
Cell925	1	15	55	8
Cell926	1	19	60	37
Cell927	1	2	63	1
Cell928	1	3	13	57
Cell929	1	19	60	37
Cell930	1	10	32	27
Cell931	1	9	32	57
Cell932	1	4	62	22
Cell933	1	8	41	56
Cell934	1	1	39	5
Cell935	1	17	64	14
Cell936	1	8	15	24
Cell937	1	1	27	18
Cell938	1	14	34	55
Cell939	1	3	50	35
Cell940	1	5	11	62
Cell941	1	8	61	44
Cell942	1	5	40	21
Cell943	1	1	9	4
Cell944	1	15	55	8
Cell945	1	3	13	21
Cell946	1	17	22	7
Cell947	1	6	8	28
Cell948	1	4	62	6
Cell949	1	4	24	10
Cell950	1	10	49	13
Cell952	1	14	34	12
Cell953	1	5	11	62
Cell954	1	4	37	52
Cell955	1	3	13	26
Cell956	1	9	1	24
Cell957	1	2	47	3
Cell958	1	2	46	30
Cell959	1	1	22	25
Cell960	1	2	63	21
Cell961	1	18	45	39
Cell962	1	6	5	7
Cell963	1	14	34	55
Cell964	1	4	44	31
Cell965	1	9	43	60
Cell966	1	9	43	64
Cell968	1	1	22	59
Cell969	1	1	25	25
Cell970	1	4	62	5
Cell971	1	8	10	21
Cell972	1	1	23	18
Cell973	1	5	40	12
Cell974	1	1	33	48
Cell975	1	14	34	55
Cell976	1	5	40	46
Cell977	1	17	64	14
Cell978	1	1	23	19
Cell979	1	4	62	47
Cell980	1	16	6	16
Cell981	1	1	25	25
Cell982	1	2	46	2
Cell983	1	1	22	59
Cell984	1	5	40	32
Cell985	1	3	18	34
Cell986	1	2	2	50
Cell987	1	7	52	52
Cell988	1	3	18	47
Cell989	1	1	4	47
Cell990	1	9	43	60
Cell991	1	19	60	37
Cell992	1	2	24	27
Cell993	1	7	3	26
Cell996	1	2	57	50
Cell997	1	3	13	12
Cell998	1	19	60	37
Cell999	1	7	29	32
Cell1000	1	17	64	14
Cell1001	1	15	12	8
Cell1002	1	1	4	59
Cell1003	1	14	34	55
Cell1004	1	1	28	25
Cell1006	1	3	3	58
Cell1007	1	6	8	28
Cell1008	1	4	19	6
Cell1009	1	11	16	10
Cell1010	1	2	57	50
Cell1011	1	9	43	60
Cell1012	1	4	24	10
Cell1013	1	1	20	48
Cell1014	1	17	64	14
Cell1015	1	6	8	28
Cell1016	1	3	56	19
Cell1017	1	6	59	29
Cell1018	1	4	17	36
Cell1019	1	3	3	35
Cell1020	1	5	40	62
Cell1021	1	8	41	61
Cell1022	1	2	16	49
Cell1023	1	13	7	5
Cell1024	1	18	45	39
Cell1025	1	13	7	54
Cell1026	1	9	32	57
Cell1027	1	9	1	56
Cell1028	1	2	63	30
Cell1029	1	19	60	29
Cell1030	1	6	5	7
Cell1031	1	15	55	1
Cell1032	1	2	2	53
Cell1033	1	3	10	34
Cell1034	1	13	7	52
Cell1035	1	2	63	30
Cell1036	1	4	24	45
Cell1037	1	1	39	59
Cell1038	1	3	9	58
Cell1039	1	1	33	48
Cell1040	1	16	58	26
Cell1041	1	2	24	31
Cell1042	1	7	52	9
Cell1043	1	10	49	13
Cell1044	1	11	42	23
Cell1045	1	2	47	3
Cell1046	1	14	34	24
Cell1047	1	18	1	6
Cell1048	1	3	13	31
Cell1049	1	7	29	42
Cell1050	1	5	21	62
Cell1051	1	4	17	27
Cell1052	1	8	61	44
Cell1053	1	12	26	51
Cell1054	1	3	18	12
Cell1055	1	8	41	27
Cell1056	1	2	63	53
Cell1057	1	1	39	56
Cell1058	1	5	11	62
Cell1059	1	15	12	52
Cell1060	1	16	58	53
Cell1061	1	8	51	15
Cell1062	1	8	61	44
Cell1063	1	16	6	16
Cell1064	1	3	56	62
Cell1065	1	3	9	35
Cell1066	1	2	14	26
Cell1067	1	6	5	28
Cell1068	1	5	21	41
Cell1069	1	2	47	17
Cell1070	1	10	49	13
Cell1071	1	1	22	46
Cell1072	1	2	2	53
Cell1073	1	6	8	29
Cell1074	1	9	48	31
Cell1075	1	14	34	55
Cell1076	1	1	4	56
Cell1077	1	12	26	51
Cell1078	1	13	7	54
Cell1079	1	6	8	28
Cell1080	1	10	49	13
Cell1081	1	14	34	55
Cell1082	1	13	7	54
Cell1083	1	3	31	6
Cell1084	1	11	42	23
Cell1085	1	3	9	19
Cell1086	1	7	14	10
Cell1088	1	4	37	10
Cell1089	1	3	18	19
Cell1090	1	8	53	27
Cell1092	1	4	44	10
Cell1093	1	4	54	58
Cell1094	1	12	26	51
Cell1095	1	7	14	12
Cell1096	1	4	17	27
Cell1097	1	1	28	61
Cell1098	1	10	49	13
Cell1099	1	6	59	32
Cell1100	1	3	19	6
Cell1101	1	2	46	45
Cell1102	1	13	7	3
Cell1103	1	8	53	27
Cell1104	1	6	21	42
Cell1105	1	2	47	17
Cell1106	1	10	49	47
Cell1108	1	1	23	25
Cell1109	1	2	47	41
Cell1110	1	1	27	32
Cell1111	1	14	34	61
Cell1112	1	11	42	23
Cell1113	1	4	17	4
Cell1114	1	1	25	15
Cell1115	1	4	24	25
Cell1116	1	1	4	48
Cell1117	1	18	45	39
Cell1118	1	3	50	43
Cell1119	1	3	10	30
Cell1120	1	8	15	49
Cell1121	1	6	59	20
Cell1122	1	15	55	8
Cell1123	1	4	62	5
Cell1124	1	6	5	12
Cell1125	1	5	23	18
Cell1126	1	5	35	4
Cell1127	1	15	55	8
Cell1128	1	16	6	16
Cell1129	1	12	26	51
Cell1131	1	6	5	17
Cell1132	1	2	47	17
Cell1133	1	10	49	13
Cell1134	1	6	30	11
Cell1135	1	4	17	30
Cell1137	1	19	60	3
Cell1138	1	7	52	30
Cell1139	1	5	35	4
Cell1140	1	3	31	6
Cell1141	1	19	60	37
Cell1142	1	1	20	36
Cell1143	1	19	60	37
Cell1144	1	4	37	10
Cell1145	1	3	10	34
Cell1146	1	2	2	53
Cell1147	1	2	14	32
Cell1148	1	2	57	1
Cell1149	1	1	28	59
Cell1150	1	4	62	47
Cell1151	1	1	25	18
Cell1152	1	1	10	40
Cell1153	1	14	34	55
Cell1154	1	10	32	57
Cell1155	1	13	7	1
Cell1156	1	18	45	39
Cell1157	1	6	30	11
Cell1158	1	2	57	50
Cell1159	1	9	43	60
Cell1160	1	9	43	60
Cell1161	1	1	4	41
Cell1162	1	14	34	55
Cell1163	1	1	4	48
Cell1164	1	5	35	40
Cell1165	1	5	11	42
Cell1166	1	2	63	47
Cell1167	1	14	34	55
Cell1168	1	5	35	15
Cell1169	1	7	52	29
Cell1170	1	5	40	46
Cell1172	1	2	46	9
Cell1173	1	5	40	64
Cell1174	1	8	51	1
Cell1175	1	2	57	50
Cell1176	1	4	62	3
Cell1177	1	7	52	41
Cell1178	1	15	55	8
Cell1179	1	18	45	39
Cell1180	1	2	47	18
Cell1181	1	4	54	22
Cell1182	1	17	64	14
Cell1183	1	10	49	13
Cell1184	1	5	40	42
Cell1185	1	1	33	48
Cell1186	1	7	52	34
Cell1187	1	3	9	19
Cell1188	1	5	12	40
Cell1189	1	4	37	63
Cell1190	1	18	45	29
Cell1191	1	8	41	27
Cell1192	1	3	13	4
Cell1193	1	3	56	17
Cell1194	1	6	21	1
Cell1196	1	6	30	11
Cell1197	1	7	29	38
Cell1198	1	4	62	36
Cell1199	1	1	20	48
Cell1200	1	15	55	8
Cell1201	1	13	7	54
Cell1202	1	2	2	29
Cell1203	1	7	54	47
Cell1204	1	2	63	3
Cell1205	1	9	43	57
Cell1206	1	2	47	1
Cell1207	1	10	49	64
Cell1208	1	5	35	15
Cell1209	1	4	24	10
Cell1210	1	7	14	25
Cell1211	1	15	55	8
Cell1212	1	9	43	24
Cell1214	1	2	46	2
Cell1215	1	4	16	23
Cell1216	1	17	64	25
Cell1217	1	3	19	6
Cell1218	1	4	37	22
Cell1219	1	7	46	38
Cell1220	1	7	14	40
Cell1221	1	7	29	38
Cell1222	1	4	44	63
Cell1223	1	7	52	41
Cell1225	1	4	62	42
Cell1226	1	5	38	40
Cell1227	1	4	17	36
Cell1228	1	1	4	42
Cell1229	1	5	40	30
Cell1230	1	5	11	43
Cell1231	1	13	7	54
Cell1232	1	6	5	29
Cell1233	1	6	30	34
Cell1234	1	14	34	24
Cell1235	1	4	37	62
Cell1236	1	18	1	42
Cell1237	1	15	55	8
Cell1238	1	8	51	12
Cell1239	1	7	14	52
Cell1240	1	19	60	37
Cell1241	1	2	57	50
Cell1242	1	9	43	60
Cell1243	1	5	11	34
Cell1244	1	5	38	32
Cell1245	1	2	2	53
Cell1246	1	2	63	17
Cell1247	1	12	26	51
Cell1248	1	5	21	33
Cell1249	1	9	32	61
Cell1250	1	16	6	16
Cell1251	1	5	27	40
Cell1252	1	3	19	6
Cell1253	1	3	19	29
Cell1254	1	17	64	35
Cell1255	1	8	61	44
Cell1256	1	9	48	47
Cell1257	1	2	57	50
Cell1258	1	7	54	3
Cell1259	1	2	46	26
Cell1260	1	18	45	39
Cell1261	1	3	13	58
Cell1262	1	1	4	9
Cell1263	1	2	2	58
Cell1264	1	4	24	9
Cell1265	1	2	46	2
Cell1266	1	2	46	12
Cell1267	1	14	34	55
Cell1268	1	13	7	54
Cell1269	1	2	46	34
Cell1270	1	12	26	51
Cell1271	1	15	12	8
Cell1272	1	5	38	33
Cell1273	1	1	28	20
Cell1274	1	1	20	48
Cell1275	1	2	46	7
Cell1277	1	2	47	3
Cell1278	1	1	39	59
Cell1279	1	3	13	4
Cell1280	1	2	47	2
Cell1281	1	16	6	16
Cell1282	1	6	59	7
Cell1283	1	6	8	31
Cell1284	1	9	43	60
Cell1285	1	9	43	60
Cell1286	1	2	47	2
Cell1287	1	8	53	61
Cell1289	1	6	5	2
Cell1290	1	12	26	51
Cell1292	1	11	44	9
Cell1293	1	5	27	62
Cell1294	1	19	60	37
Cell1295	1	2	2	53
Cell1296	1	3	9	34
Cell1297	1	1	22	59
Cell1298	1	2	46	24
Cell1299	1	1	39	18
Cell1300	1	7	52	46
Cell1301	1	4	37	10
Cell1302	1	18	45	39
Cell1303	1	12	63	21
Cell1304	1	8	51	27
Cell1305	1	1	25	20
Cell1306	1	11	42	23
Cell1307	1	5	40	41
Cell1308	1	7	52	32
Cell1309	1	2	57	50
Cell1310	1	1	39	59
Cell1311	1	8	51	1
Cell1312	1	7	14	43
Cell1313	1	16	6	16
Cell1314	1	8	61	44
Cell1315	1	3	10	27
Cell1316	1	9	43	61
Cell1317	1	17	64	14
Cell1318	1	19	60	37
Cell1319	1	2	57	50
Cell1320	1	9	48	42
Cell1321	1	5	23	11
Cell1322	1	3	19	6
Cell1323	1	2	57	45
Cell1324	1	2	24	47
Cell1325	1	6	30	11
Cell1326	1	6	59	40
Cell1327	1	4	54	45
Cell1328	1	9	48	24
Cell1329	1	15	55	8
Cell1330	1	4	37	10
Cell1331	1	8	61	44
Cell1332	1	2	57	50
Cell1333	1	6	30	11
Cell1334	1	1	39	59
Cell1335	1	6	30	28
Cell1336	1	13	7	11
Cell1337	1	4	54	62
Cell1338	1	14	34	55
Cell1339	1	1	25	18
Cell1340	1	5	11	24
Cell1341	1	4	54	10
Cell1343	1	2	47	30
Cell1344	1	8	41	27
Cell1345	1	4	17	47
Cell1346	1	3	50	58
Cell1347	1	5	11	62
Cell1348	1	9	43	33
Cell1350	1	5	40	62
Cell1351	1	1	27	25
Cell1352	1	10	49	13
Cell1353	1	6	21	49
Cell1355	1	9	43	60
Cell1356	1	16	58	29
Cell1357	1	3	56	25
Cell1358	1	4	37	35
Cell1359	1	2	2	53
Cell1360	1	3	50	58
Cell1361	1	17	64	14
Cell1362	1	2	47	31
Cell1364	1	2	63	21
Cell1365	1	10	49	13
Cell1366	1	6	21	42
Cell1367	1	4	62	36
Cell1368	1	3	18	9
Cell1369	1	2	63	29
Cell1370	1	2	46	15
Cell1371	1	1	39	56
Cell1372	1	15	55	12
Cell1373	1	6	8	28
Cell1374	1	6	59	41
Cell1375	1	5	40	26
Cell1376	1	2	47	2
Cell1377	1	1	23	33
Cell1378	1	6	8	31
Cell1379	1	9	48	1
Cell1380	1	2	47	64
Cell1381	1	5	11	33
Cell1383	1	2	46	9
Cell1384	1	4	44	63
Cell1385	1	2	57	50
Cell1387	1	6	30	11
Cell1388	1	2	24	63
Cell1389	1	4	58	9
Cell1390	1	8	41	27
Cell1391	1	6	5	41
Cell1392	1	13	7	54
Cell1393	1	5	40	49
Cell1394	1	4	17	36
Cell1395	1	3	50	60
Cell1396	1	1	28	61
Cell1397	1	4	31	6
Cell1398	1	5	38	4
Cell1399	1	8	61	44
Cell1400	1	12	26	51
Cell1401	1	9	43	60
Cell1402	1	6	8	28
Cell1403	1	9	43	5
Cell1404	1	8	51	27
Cell1406	1	6	7	29
Cell1407	1	8	53	46
Cell1408	1	12	26	51
Cell1409	1	5	11	20
Cell1411	1	5	11	62
Cell1412	1	6	5	41
Cell1413	1	7	14	4
Cell1414	1	1	25	33
Cell1415	1	1	23	32
Cell1416	1	14	34	55
Cell1417	1	2	57	50
Cell1418	1	1	23	18
Cell1419	1	5	35	52
Cell1420	1	4	17	47
Cell1421	1	3	18	18
Cell1422	1	4	37	22
Cell1423	1	13	7	54
Cell1424	1	3	9	5
Cell1425	1	1	28	12
Cell1426	1	5	35	33
Cell1427	1	11	42	9
Cell1428	1	1	28	33
Cell1429	1	18	1	62
Cell1430	1	4	13	3
Cell1431	1	5	36	49
Cell1432	1	3	19	6
Cell1433	1	1	39	59
Cell1434	1	8	15	24
Cell1435	1	6	59	43
Cell1436	1	2	2	53
Cell1437	1	7	3	4
Cell1438	1	11	42	23
Cell1439	1	1	23	47
Cell1440	1	2	46	53
Cell1441	1	2	46	31
Cell1442	1	4	37	63
Cell1443	1	8	15	9
Cell1444	1	14	34	55
Cell1445	1	5	35	31
Cell1446	1	3	31	62
Cell1447	1	1	4	15
Cell1448	1	4	54	63
Cell1449	1	2	16	61
Cell1450	1	6	59	40
Cell1451	1	8	61	44
Cell1452	1	1	25	18
Cell1453	1	1	4	47
Cell1454	1	3	3	35
Cell1455	1	2	46	63
Cell1456	1	19	60	37
Cell1457	1	1	20	48
Cell1458	1	7	14	42
Cell1459	1	3	31	5
Cell1460	1	8	53	27
Cell1461	1	9	43	34
Cell1462	1	7	52	38
Cell1463	1	19	60	37
Cell1466	1	2	47	45
Cell1467	1	4	62	23
Cell1468	1	1	20	48
Cell1469	1	4	62	36
Cell1470	1	4	44	45
Cell1471	1	7	29	38
Cell1473	1	4	24	63
Cell1474	1	7	14	10
Cell1475	1	5	35	4
Cell1476	1	1	33	48
Cell1477	1	4	17	36
Cell1478	1	4	44	63
Cell1479	1	5	11	35
Cell1480	1	7	29	20
Cell1481	1	3	31	5
Cell1482	1	3	50	58
Cell1483	1	11	16	9
Cell1484	1	15	55	8
Cell1485	1	3	50	43
Cell1486	1	19	60	37
Cell1487	1	12	26	51
Cell1488	1	5	35	49
Cell1489	1	1	25	18
Cell1490	1	12	26	51
Cell1491	1	15	12	8
Cell1492	1	9	48	57
Cell1493	1	3	18	9
Cell1494	1	3	19	25
Cell1495	1	2	47	64
Cell1496	1	3	50	34
Cell1497	1	2	47	1
Cell1498	1	6	8	21
Cell1499	1	6	5	41
Cell1500	1	6	21	28
Cell1501	1	13	7	54
Cell1502	1	6	8	29
Cell1503	1	14	34	12
Cell1504	1	5	40	28
Cell1505	1	7	52	3
Cell1506	1	7	3	43
Cell1507	1	7	52	30
Cell1508	1	4	19	64
Cell1509	1	1	4	15
Cell1510	1	1	20	12
Cell1511	1	16	6	16
Cell1512	1	8	41	27
Cell1513	1	3	56	58
Cell1514	1	15	55	8
Cell1515	1	8	51	64
Cell1516	1	3	10	59
Cell1518	1	5	11	47
Cell1519	1	3	56	19
Cell1520	1	12	26	51
Cell1521	1	1	33	15
Cell1522	1	1	25	18
Cell1523	1	5	11	62
Cell1524	1	7	29	38
Cell1525	1	7	29	38
Cell1526	1	5	38	19
Cell1527	1	4	37	10
Cell1528	1	3	56	49
Cell1529	1	5	11	20
Cell1530	1	18	45	39
Cell1531	1	4	62	36
Cell1532	1	3	56	52
Cell1533	1	2	46	43
Cell1534	1	19	60	37
Cell1535	1	2	57	50
Cell1536	1	1	25	47
Cell1537	1	14	34	24
Cell1538	1	15	12	49
Cell1539	1	3	18	12
Cell1540	1	1	28	61
Cell1541	1	5	36	56
Cell1542	1	8	61	44
Cell1543	1	6	5	7
Cell1544	1	8	41	15
Cell1545	1	1	20	48
Cell1547	1	19	60	37
Cell1548	1	3	13	10
Cell1549	1	4	24	19
Cell1551	1	11	42	22
Cell1552	1	8	51	25
Cell1553	1	6	8	28
Cell1554	1	3	9	34
Cell1555	1	6	5	17
Cell1556	1	6	5	2
Cell1557	1	19	60	37
Cell1558	1	17	64	14
Cell1559	1	3	31	6
Cell1560	1	2	63	26
Cell1561	1	4	17	22
Cell1564	1	1	28	25
Cell1565	1	10	49	64
Cell1566	1	3	56	34
Cell1567	1	17	64	14
Cell1568	1	1	39	1
Cell1569	1	16	6	16
Cell1570	1	1	22	59
Cell1571	1	7	29	38
Cell1572	1	9	32	43
Cell1573	1	11	44	63
Cell1574	1	18	1	39
Cell1575	1	19	60	37
Cell1576	1	2	2	50
Cell1577	1	14	34	49
Cell1578	1	8	53	27
Cell1579	1	17	64	61
Cell1580	1	6	5	7
Cell1581	1	1	4	35
Cell1582	1	8	53	27
Cell1583	1	17	64	7
Cell1584	1	1	33	48
Cell1585	1	1	20	17
Cell1586	1	3	10	19
Cell1587	1	4	44	63
Cell1589	1	11	42	25
Cell1590	1	19	60	37
Cell1591	1	4	37	58
Cell1592	1	19	60	37
Cell1593	1	18	45	39
Cell1594	1	9	43	60
Cell1595	1	2	46	31
Cell1597	1	5	35	4
Cell1598	1	4	24	26
Cell1599	1	16	6	16
Cell1600	1	13	7	54
Cell1601	1	4	54	45
Cell1602	1	7	52	26
Cell1603	1	5	11	46
Cell1604	1	2	46	21
Cell1605	1	5	38	46
Cell1606	1	1	28	59
Cell1607	1	10	49	13
Cell1608	1	2	2	50
Cell1609	1	4	37	63
Cell1610	1	8	51	61
Cell1611	1	4	62	36
Cell1612	1	3	50	46
Cell1613	1	7	52	38
Cell1614	1	4	37	63
Cell1615	1	7	3	58
Cell1616	1	10	49	13
Cell1617	1	7	14	10
Cell1618	1	19	60	37
Cell1619	1	14	34	24
Cell1620	1	2	16	17
Cell1622	1	9	36	26
Cell1623	1	15	55	8
Cell1624	1	3	56	56
Cell1626	1	2	47	28
Cell1627	1	12	26	51
Cell1628	1	2	47	7
Cell1629	1	13	7	54
Cell1630	1	3	56	34
Cell1631	1	7	52	38
Cell1632	1	4	58	1
Cell1633	1	7	52	4
Cell1634	1	12	26	51
Cell1635	1	3	31	26
Cell1636	1	10	32	64
Cell1639	1	1	39	56
Cell1640	1	8	61	44
Cell1641	1	3	56	24
Cell1642	1	13	7	54
Cell1643	1	1	25	42
Cell1644	1	7	29	38
Cell1645	1	9	48	20
Cell1646	1	6	30	11
Cell1647	1	8	61	44
Cell1648	1	10	32	26
Cell1649	1	10	49	13
Cell1650	1	2	57	50
Cell1651	1	2	63	24
Cell1652	1	5	11	62
Cell1653	1	5	40	15
Cell1654	1	2	47	2
Cell1655	1	5	48	62
Cell1656	1	4	62	43
Cell1657	1	1	12	52
Cell1658	1	3	9	46
Cell1659	1	8	61	44
Cell1660	1	8	51	1
Cell1661	1	1	33	46
Cell1662	1	14	34	30
Cell1663	1	15	55	8
Cell1664	1	1	41	25
Cell1665	1	1	33	48
Cell1666	1	5	12	29
Cell1667	1	5	38	62
Cell1668	1	5	27	20
Cell1669	1	16	58	52
Cell1670	1	5	21	12
Cell1671	1	12	26	21
Cell1673	1	2	63	29
Cell1674	1	5	12	46
Cell1675	1	11	42	53
Cell1676	1	8	61	44
Cell1677	1	8	61	44
Cell1678	1	15	55	8
Cell1679	1	7	29	41
Cell1680	1	8	51	61
Cell1681	1	1	20	64
Cell1682	1	3	3	12
Cell1684	1	3	18	6
Cell1685	1	4	24	10
Cell1686	1	4	19	63
Cell1687	1	4	13	28
Cell1688	1	5	38	4
Cell1689	1	8	61	44
Cell1690	1	1	23	48
Cell1691	1	17	64	35
Cell1692	1	5	11	62
Cell1694	1	6	8	17
Cell1695	1	5	27	20
Cell1696	1	1	25	18
Cell1697	1	3	19	6
Cell1698	1	7	54	3
Cell1699	1	8	41	27
Cell1700	1	1	12	40
Cell1701	1	5	38	2
Cell1702	1	6	8	45
Cell1703	1	1	25	20
Cell1704	1	2	47	2
Cell1705	1	1	33	12
Cell1706	1	8	15	43
Cell1707	1	2	5	45
Cell1708	1	8	41	19
Cell1709	1	4	37	10
Cell1710	1	13	7	54
Cell1711	1	12	26	51
Cell1712	1	8	53	6
Cell1713	1	8	41	40
Cell1714	1	13	7	54
Cell1715	1	6	8	28
Cell1716	1	8	61	44
Cell1717	1	13	7	54
Cell1718	1	2	2	12
Cell1719	1	1	27	18
Cell1720	1	11	42	9
Cell1721	1	6	30	11
Cell1722	1	6	5	32
Cell1723	1	2	47	2
Cell1724	1	14	34	55
Cell1725	1	4	17	36
Cell1726	1	1	23	47
Cell1727	1	9	32	57
Cell1728	1	7	59	20
Cell1729	1	5	11	62
Cell1730	1	4	24	1
Cell1731	1	12	26	26
Cell1732	1	18	45	39
Cell1733	1	4	24	9
Cell1734	1	14	34	55
Cell1735	1	1	33	48
Cell1738	1	4	24	22
Cell1739	1	17	64	14
Cell1740	1	11	42	26
Cell1741	1	18	45	39
Cell1742	1	11	42	23
Cell1743	1	1	22	59
Cell1744	1	5	38	20
Cell1745	1	7	52	46
Cell1746	1	14	34	53
Cell1747	1	1	33	48
Cell1748	1	6	30	11
Cell1749	1	1	28	61
Cell1750	1	9	32	57
Cell1751	1	16	58	24
Cell1752	1	7	29	38
Cell1754	1	9	32	57
Cell1756	1	1	39	18
Cell1757	1	16	6	16
Cell1758	1	9	48	57
Cell1759	1	5	11	15
Cell1760	1	2	24	50
Cell1761	1	16	6	16
Cell1762	1	11	16	3
Cell1763	1	3	13	3
Cell1764	1	19	60	37
Cell1765	1	7	29	38
Cell1766	1	3	19	25
Cell1767	1	2	57	50
Cell1768	1	11	42	23
Cell1769	1	7	54	61
Cell1770	1	4	58	29
Cell1771	1	11	42	23
Cell1772	1	3	31	45
Cell1773	1	4	24	63
Cell1774	1	3	50	33
Cell1775	1	7	14	32
Cell1776	1	1	33	19
Cell1777	1	19	60	37
Cell1778	1	6	8	41
Cell1779	1	17	64	14
Cell1780	1	14	34	55
Cell1781	1	6	30	47
Cell1782	1	9	43	60
Cell1783	1	5	40	22
Cell1784	1	17	64	50
Cell1785	1	7	29	38
Cell1786	1	5	11	12
Cell1787	1	1	28	9
Cell1788	1	4	24	45
Cell1789	1	1	4	46
Cell1790	1	13	7	54
Cell1791	1	2	46	45
Cell1792	1	4	13	6
Cell1793	1	14	34	55
Cell1794	1	5	21	64
Cell1795	1	7	29	38
Cell1796	1	1	20	18
Cell1797	1	2	47	2
Cell1798	1	3	19	6
Cell1799	1	2	16	18
Cell1800	1	9	43	60
Cell1801	1	3	13	4
Cell1802	1	2	24	40
Cell1803	1	11	42	23
Cell1804	1	13	7	54
Cell1805	1	1	23	47
Cell1806	1	7	29	21
Cell1807	1	12	26	51
Cell1808	1	5	11	62
Cell1809	1	2	46	21
Cell1810	1	4	19	33
Cell1811	1	6	59	41
Cell1812	1	3	10	19
Cell1814	1	6	5	7
Cell1815	1	9	32	57
Cell1816	1	4	44	22
Cell1817	1	1	39	25
Cell1818	1	13	7	54
Cell1819	1	8	15	24
Cell1820	1	12	26	21
Cell1821	1	8	51	64
Cell1822	1	1	23	33
Cell1823	1	6	5	28
Cell1824	1	2	47	2
Cell1826	1	10	49	13
Cell1827	1	4	44	63
Cell1829	1	15	12	8
Cell1830	1	11	42	23
Cell1831	1	17	64	14
Cell1832	1	5	40	4
Cell1833	1	8	61	44
Cell1834	1	7	14	45
Cell1836	1	12	26	51
Cell1837	1	12	26	51
Cell1838	1	6	59	42
Cell1839	1	1	33	48
Cell1840	1	1	4	52
Cell1841	1	2	47	31
Cell1842	1	18	45	5
Cell1843	1	11	42	24
Cell1844	1	7	54	38
Cell1845	1	10	49	13
Cell1846	1	1	27	18
Cell1848	1	4	62	22
Cell1850	1	14	34	55
Cell1851	1	16	6	16
Cell1852	1	7	52	38
Cell1853	1	2	46	31
Cell1854	1	4	62	5
Cell1855	1	3	9	49
Cell1856	1	10	49	13
Cell1857	1	7	3	17
Cell1858	1	17	64	14
Cell1859	1	3	10	33
Cell1860	1	10	49	13
Cell1861	1	10	49	13
Cell1862	1	7	29	38
Cell1863	1	6	59	40
Cell1864	1	5	40	4
Cell1865	1	10	49	61
Cell1866	1	14	34	55
Cell1868	1	4	24	63
Cell1869	1	4	62	36
Cell1870	1	1	25	18
Cell1871	1	7	52	32
Cell1872	1	1	20	48
Cell1873	1	16	6	16
Cell1874	1	6	5	20
Cell1875	1	8	61	44
Cell1876	1	6	21	62
Cell1877	1	7	52	47
Cell1879	1	16	6	16
Cell1880	1	7	14	52
Cell1881	1	9	32	60
Cell1882	1	17	64	14
Cell1883	1	9	48	57
Cell1884	1	6	30	11
Cell1885	1	3	10	56
Cell1886	1	3	50	53
Cell1887	1	10	49	13
Cell1888	1	2	57	3
Cell1889	1	12	26	51
Cell1890	1	18	45	39
Cell1891	1	17	64	14
Cell1892	1	11	42	23
Cell1893	1	6	8	17
Cell1894	1	6	5	45
Cell1895	1	8	61	44
Cell1896	1	3	56	58
Cell1897	1	5	38	42
Cell1898	1	3	9	29
Cell1899	1	13	7	54
Cell1900	1	5	35	7
Cell1901	1	5	11	56
Cell1902	1	4	37	10
Cell1903	1	10	49	13
Cell1904	1	9	48	43
Cell1905	1	15	55	48
Cell1906	1	2	46	28
Cell1907	1	6	30	11
Cell1908	1	5	11	19
Cell1909	1	1	4	42
Cell1910	1	2	57	50
Cell1911	1	2	63	30
Cell1912	1	6	30	11
Cell1913	1	4	44	9
Cell1914	1	12	26	51
Cell1915	1	2	57	50
Cell1916	1	6	30	42
Cell1917	1	7	29	38
Cell1918	1	1	39	15
Cell1919	1	3	13	62
Cell1920	1	5	27	15
Cell1921	1	5	11	62
Cell1922	1	3	31	6
Cell1923	1	2	47	2
Cell1924	1	12	26	51
Cell1925	1	1	4	42
Cell1926	1	2	47	17
Cell1927	1	2	16	50
Cell1928	1	9	48	62
Cell1929	1	16	6	16
Cell1930	1	2	46	3
Cell1931	1	17	64	14
Cell1932	1	3	56	12
Cell1933	1	5	36	25
Cell1934	1	6	8	53
Cell1935	1	3	31	6
Cell1936	1	6	59	7
Cell1937	1	12	26	51
Cell1938	1	5	23	62
Cell1939	1	6	30	11
Cell1940	1	1	25	18
Cell1942	1	3	50	58
Cell1943	1	2	46	10
Cell1944	1	15	55	8
Cell1945	1	8	61	44
Cell1947	1	7	52	9
Cell1948	1	12	26	51
Cell1949	1	9	21	42
Cell1950	1	5	12	32
Cell1952	1	7	29	45
Cell1953	1	2	24	32
Cell1954	1	4	62	22
Cell1955	1	1	33	48
Cell1956	1	4	37	52
Cell1957	1	2	2	1
Cell1958	1	1	27	30
Cell1959	1	2	2	21
Cell1960	1	2	47	30
Cell1961	1	2	63	9
Cell1962	1	5	38	62
Cell1963	1	15	55	8
Cell1964	1	16	6	16
Cell1965	1	8	61	1
Cell1968	1	3	31	47
Cell1969	1	3	56	64
Cell1970	1	8	53	61
Cell1972	1	4	24	10
Cell1973	1	3	19	6
Cell1974	1	4	37	10
Cell1975	1	8	53	27
Cell1976	1	10	49	13
Cell1977	1	16	6	16
Cell1978	1	8	61	49
Cell1979	1	5	40	41
Cell1980	1	2	16	25
Cell1981	1	1	28	61
Cell1982	1	3	18	25
Cell1983	1	18	45	39
Cell1984	1	1	20	64
Cell1985	1	4	24	45
Cell1986	1	8	61	44
Cell1987	1	12	26	51
Cell1988	1	2	63	3
Cell1989	1	2	2	53
Cell1990	1	11	42	23
Cell1991	1	6	5	3
Cell1992	1	6	5	21
Cell1993	1	7	54	2
Cell1994	1	4	37	10
Cell1995	1	6	8	41
Cell1996	1	9	32	57
Cell1997	1	8	15	18
Cell1998	1	13	7	54
Cell1999	1	9	48	34
Cell2000	1	11	42	23
Cell2001	1	3	13	4
Cell2002	1	1	39	30
Cell2003	1	1	33	48
Cell2004	1	4	37	10
Cell2005	1	14	34	61
Cell2006	1	4	13	9
Cell2007	1	1	28	59
Cell2008	1	13	7	54
Cell2009	1	6	59	11
Cell2010	1	8	41	27
Cell2012	1	3	15	18
Cell2013	1	10	49	13
Cell2014	1	5	36	1
Cell2015	1	4	37	63
Cell2016	1	10	49	26
Cell2017	1	10	49	13
Cell2018	1	3	19	42
Cell2019	1	5	40	49
Cell2020	1	8	15	24
Cell2021	1	2	47	2
Cell2022	1	3	50	35
Cell2023	1	1	33	48
Cell2024	1	10	49	13
Cell2025	1	9	32	57
Cell2026	1	1	33	48
Cell2028	1	1	28	61
Cell2029	1	15	55	8
Cell2030	1	6	5	3
Cell2031	1	5	21	42
Cell2032	1	8	61	44
Cell2033	1	6	30	11
Cell2034	1	4	62	22
Cell2035	1	11	42	23
Cell2036	1	4	17	49
Cell2037	1	19	60	37
Cell2038	1	11	16	63
Cell2039	1	2	47	2
Cell2040	1	2	5	28
Cell2041	1	6	8	28
Cell2043	1	5	38	56
Cell2044	1	2	57	50
Cell2045	1	6	8	32
Cell2046	1	5	21	57
Cell2047	1	12	63	31
Cell2048	1	1	22	59
Cell2049	1	5	40	61
Cell2050	1	6	59	21
Cell2051	1	2	57	50
Cell2052	1	11	42	23
Cell2053	1	6	8	45
Cell2054	1	6	30	11
Cell2055	1	4	19	6
Cell2056	1	1	22	59
Cell2057	1	10	49	13
Cell2058	1	11	44	43
Cell2059	1	17	64	14
Cell2060	1	4	31	21
Cell2061	1	1	22	59
Cell2062	1	12	26	51
Cell2063	1	14	34	55
Cell2064	1	1	33	48
Cell2065	1	5	35	32
Cell2066	1	1	39	18
Cell2067	1	2	14	52
Cell2068	1	6	59	2
Cell2069	1	2	46	35
Cell2070	1	5	36	47
Cell2071	1	11	42	23
Cell2072	1	7	54	18
Cell2073	1	16	6	16
Cell2074	1	7	54	35
Cell2075	1	18	45	39
Cell2076	1	3	3	4
Cell2077	1	2	63	31
Cell2078	1	8	51	12
Cell2080	1	2	63	17
Cell2082	1	4	24	22
Cell2083	1	6	8	1
Cell2084	1	5	35	58
Cell2085	1	11	42	31
Cell2086	1	12	26	51
Cell2087	1	4	37	63
Cell2088	1	11	42	23
Cell2089	1	4	37	63
Cell2090	1	2	47	7
Cell2091	1	3	51	5
Cell2092	1	3	3	35
Cell2093	1	18	45	39
Cell2095	1	2	24	35
Cell2096	1	6	5	30
Cell2097	1	3	31	4
Cell2098	1	12	26	45
Cell2099	1	7	14	21
Cell2100	1	2	47	1
Cell2101	1	2	57	1
Cell2102	1	11	42	23
Cell2103	1	2	47	2
Cell2104	1	8	61	44
Cell2106	1	3	3	34
Cell2107	1	1	39	15
Cell2108	1	12	26	3
Cell2109	1	1	39	59
Cell2110	1	11	16	26
Cell2111	1	14	34	55
Cell2112	1	6	5	12
Cell2113	1	3	3	43
Cell2114	1	2	57	50
Cell2115	1	16	6	16
Cell2116	1	1	33	26
Cell2118	1	5	27	56
Cell2119	1	3	31	4
Cell2120	1	9	36	52
Cell2121	1	5	36	26
Cell2122	1	10	49	13
Cell2123	1	7	52	38
Cell2124	1	5	21	57
Cell2126	1	4	62	10
Cell2127	1	2	46	2
Cell2128	1	2	57	50
Cell2129	1	11	42	63
Cell2130	1	5	35	32
Cell2131	1	4	44	63
Cell2133	1	7	54	19
Cell2135	1	6	5	21
Cell2136	1	12	26	51
Cell2137	1	11	42	50
Cell2138	1	8	61	44
Cell2139	1	7	29	34
Cell2140	1	7	46	38
Cell2141	1	17	64	14
Cell2142	1	9	32	57
Cell2143	1	2	47	2
Cell2144	1	4	44	25
Cell2145	1	8	15	24
Cell2146	1	5	21	42
Cell2147	1	9	43	60
Cell2148	1	7	54	10
Cell2149	1	12	26	21
Cell2150	1	9	32	57
Cell2151	1	6	30	11
Cell2152	1	5	11	15
Cell2153	1	7	3	43
Cell2154	1	5	40	22
Cell2155	1	9	43	60
Cell2156	1	7	52	41
Cell2157	1	9	48	35
Cell2158	1	6	59	41
Cell2159	1	6	30	21
Cell2161	1	7	14	33
Cell2162	1	2	47	7
Cell2163	1	3	31	6
Cell2164	1	3	10	22
Cell2165	1	12	26	51
Cell2166	1	4	37	36
Cell2167	1	15	55	8
Cell2168	1	3	50	19
Cell2169	1	4	37	45
Cell2170	1	17	64	14
Cell2171	1	6	5	2
Cell2172	1	18	45	39
Cell2173	1	4	17	22
Cell2174	1	18	1	39
Cell2175	1	16	58	27
Cell2176	1	6	59	41
Cell2177	1	5	11	34
Cell2178	1	4	44	9
Cell2179	1	6	5	41
Cell2180	1	2	46	1
Cell2181	1	13	7	54
Cell2182	1	2	57	47
Cell2183	1	19	60	37
Cell2184	1	18	1	39
Cell2185	1	5	21	43
Cell2186	1	9	32	57
Cell2187	1	6	59	7
Cell2188	1	3	9	4
Cell2189	1	18	45	39
Cell2190	1	1	22	59
Cell2191	1	4	17	22
Cell2192	1	9	43	60
Cell2193	1	5	27	62
Cell2194	1	15	55	8
Cell2195	1	4	62	5
Cell2196	1	7	54	40
Cell2197	1	6	21	29
Cell2198	1	3	31	56
Cell2199	1	1	4	49
Cell2200	1	1	23	43
Cell2201	1	2	46	31
Cell2202	1	10	49	13
Cell2203	1	4	19	5
Cell2204	1	6	59	12
Cell2205	1	13	7	54
Cell2206	1	4	44	22
Cell2207	1	4	13	4
Cell2208	1	7	14	52
Cell2209	1	10	49	22
Cell2210	1	2	46	31
Cell2211	1	1	28	61
Cell2212	1	5	38	4
Cell2213	1	11	42	24
Cell2214	1	5	27	18
Cell2215	1	5	38	18
Cell2216	1	3	56	34
Cell2217	1	9	32	57
Cell2218	1	3	13	58
Cell2219	1	11	42	23
Cell2220	1	2	57	1
Cell2221	1	10	49	13
Cell2222	1	5	12	41
Cell2223	1	5	9	22
Cell2224	1	2	2	1
Cell2225	1	7	52	3
Cell2226	1	14	34	55
Cell2227	1	8	61	44
Cell2228	1	1	39	18
Cell2229	1	1	22	29
Cell2230	1	7	3	5
Cell2231	1	2	24	2
Cell2232	1	1	25	59
Cell2235	1	1	20	48
Cell2236	1	6	59	41
Cell2237	1	3	19	35
Cell2238	1	5	38	46
Cell2239	1	5	3	15
Cell2240	1	4	17	62
Cell2241	1	10	21	61
Cell2242	1	2	46	26
Cell2243	1	6	5	30
Cell2244	1	5	11	62
Cell2245	1	3	50	34
Cell2246	1	11	44	63
Cell2247	1	19	60	37
Cell2248	1	2	46	2
Cell2249	1	8	61	44
Cell2250	1	6	8	28
Cell2251	1	19	60	25
Cell2252	1	5	21	42
Cell2253	1	7	54	4
Cell2254	1	8	53	24
Cell2255	1	2	14	40
Cell2256	1	8	61	44
Cell2257	1	1	23	49
Cell2258	1	1	33	48
Cell2259	1	2	57	50
Cell2260	1	5	3	3
Cell2261	1	3	10	12
Cell2262	1	1	39	18
Cell2263	1	13	7	54
Cell2264	1	2	57	50
Cell2265	1	10	49	13
Cell2266	1	19	15	24
Cell2267	1	3	10	64
Cell2268	1	1	4	49
Cell2269	1	3	10	19
Cell2270	1	2	2	53
Cell2271	1	4	37	63
Cell2272	1	8	53	27
Cell2273	1	2	57	50
Cell2274	1	1	25	18
Cell2275	1	6	30	11
Cell2276	1	2	2	17
Cell2277	1	5	38	32
Cell2278	1	1	33	48
Cell2279	1	3	50	15
Cell2280	1	1	25	18
Cell2281	1	1	23	49
Cell2282	1	7	3	32
Cell2283	1	2	46	34
Cell2284	1	4	37	47
Cell2285	1	8	61	44
Cell2287	1	1	22	30
Cell2288	1	10	21	47
Cell2289	1	7	52	4
Cell2290	1	3	13	10
Cell2291	1	15	12	40
Cell2292	1	2	47	10
Cell2293	1	8	61	61
Cell2294	1	6	30	45
Cell2295	1	1	22	29
Cell2297	1	5	38	46
Cell2298	1	5	21	17
Cell2299	1	8	61	44
Cell2300	1	5	23	62
Cell2301	1	12	26	51
Cell2302	1	5	38	4
Cell2303	1	11	42	23
Cell2304	1	4	37	10
Cell2305	1	2	2	9
Cell2306	1	5	11	32
Cell2307	1	4	62	36
Cell2308	1	3	13	22
Cell2310	1	1	22	59
Cell2311	1	4	44	63
Cell2312	1	1	25	19
Cell2313	1	1	33	25
Cell2314	1	5	38	46
Cell2315	1	4	17	36
Cell2316	1	1	12	46
Cell2317	1	8	61	44
Cell2318	1	3	18	6
Cell2319	1	5	23	42
Cell2320	1	5	23	49
Cell2321	1	13	7	54
Cell2322	1	9	48	57
Cell2323	1	6	5	2
Cell2324	1	12	26	52
Cell2325	1	5	11	43
Cell2326	1	2	24	30
Cell2327	1	2	46	41
Cell2328	1	19	60	56
Cell2329	1	3	18	33
Cell2330	1	8	41	64
Cell2331	1	4	24	52
Cell2332	1	7	14	41
Cell2333	1	4	37	63
Cell2335	1	4	37	17
Cell2338	1	9	43	57
Cell2339	1	4	44	63
Cell2340	1	11	42	33
Cell2341	1	3	18	56
Cell2342	1	1	22	20
Cell2343	1	19	60	37
Cell2344	1	6	59	45
Cell2345	1	4	54	45
Cell2346	1	3	13	49
Cell2347	1	14	34	55
Cell2348	1	18	45	39
Cell2349	1	2	47	2
Cell2350	1	1	22	19
Cell2351	1	4	37	22
Cell2352	1	5	11	62
Cell2354	1	19	60	9
Cell2355	1	3	56	35
Cell2356	1	8	61	44
Cell2357	1	10	49	13
Cell2358	1	4	58	24
Cell2359	1	8	61	44
Cell2360	1	1	33	48
Cell2361	1	5	40	42
Cell2362	1	2	63	3
Cell2363	1	8	53	27
Cell2364	1	2	63	17
Cell2365	1	1	39	42
Cell2366	1	15	55	8
Cell2367	1	15	55	8
Cell2368	1	16	6	16
Cell2369	1	3	31	6
Cell2370	1	2	47	53
Cell2371	1	16	6	16
Cell2372	1	4	44	10
Cell2373	1	5	11	4
Cell2374	1	5	59	9
Cell2375	1	11	42	23
Cell2376	1	5	35	12
Cell2377	1	10	49	13
Cell2378	1	11	16	22
Cell2379	1	1	4	45
Cell2380	1	9	43	60
Cell2381	1	1	33	48
Cell2383	1	17	64	14
Cell2384	1	3	31	6
Cell2385	1	1	25	21
Cell2386	1	7	29	41
Cell2387	1	18	45	39
Cell2388	1	1	22	59
Cell2389	1	4	37	2
Cell2390	1	4	62	29
Cell2391	1	9	48	49
Cell2392	1	5	35	40
Cell2393	1	4	37	63
Cell2394	1	3	31	31
Cell2395	1	5	48	42
Cell2396	1	8	15	24
Cell2397	1	6	5	41
Cell2398	1	6	30	21
Cell2399	1	2	46	32
Cell2400	1	1	39	59
Cell2401	1	4	62	5
Cell2402	1	19	60	37
Cell2403	1	4	24	10
Cell2404	1	2	57	50
Cell2405	1	2	47	3
Cell2406	1	9	43	49
Cell2407	1	2	57	50
Cell2408	1	13	7	54
Cell2409	1	9	32	57
Cell2410	1	5	40	4
Cell2412	1	7	29	38
Cell2413	1	2	2	20
Cell2414	1	12	26	29
Cell2415	1	7	3	35
Cell2416	1	6	30	11
Cell2417	1	10	32	57
Cell2418	1	4	62	36
Cell2419	1	4	62	63
Cell2421	1	8	61	44
Cell2422	1	4	17	25
Cell2423	1	3	31	6
Cell2424	1	16	6	16
Cell2425	1	3	13	58
Cell2426	1	5	11	33
Cell2427	1	3	9	43
Cell2428	1	16	6	16
Cell2429	1	5	11	62
Cell2430	1	8	15	31
Cell2431	1	3	56	33
Cell2432	1	8	51	25
Cell2433	1	6	30	11
Cell2434	1	11	42	23
Cell2436	1	19	60	37
Cell2437	1	3	13	19
Cell2438	1	6	59	56
Cell2439	1	5	48	49
Cell2440	1	1	33	15
Cell2441	1	4	58	22
Cell2442	1	5	9	4
Cell2443	1	5	35	62
Cell2444	1	17	64	14
Cell2445	1	1	20	48
Cell2446	1	9	43	60
Cell2447	1	12	26	51
Cell2448	1	1	4	52
Cell2449	1	6	30	11
Cell2450	1	5	38	4
Cell2451	1	7	35	15
Cell2452	1	6	59	41
Cell2453	1	11	16	18
Cell2455	1	5	27	32
Cell2456	1	3	18	9
Cell2458	1	9	48	42
Cell2459	1	1	33	48
Cell2460	1	11	16	63
Cell2461	1	7	29	43
Cell2462	1	5	35	7
Cell2464	1	1	23	15
Cell2465	1	15	55	8
Cell2466	1	6	30	11
Cell2468	1	3	18	47
Cell2469	1	7	54	32
Cell2470	1	9	43	60
Cell2471	1	1	23	64
Cell2472	1	1	9	62
Cell2473	1	19	60	17
Cell2474	1	9	48	57
Cell2475	1	8	53	27
Cell2476	1	1	22	19
Cell2477	1	10	49	13
Cell2478	1	15	55	8
Cell2479	1	9	36	34
Cell2480	1	3	19	63
Cell2481	1	6	8	28
Cell2482	1	5	40	49
Cell2483	1	15	55	8
Cell2484	1	18	45	39
Cell2485	1	5	36	62
Cell2486	1	3	50	58
Cell2487	1	17	64	14
Cell2488	1	4	17	36
Cell2489	1	7	29	58
Cell2490	1	7	3	49
Cell2491	1	1	25	15
Cell2492	1	3	13	62
Cell2493	1	13	7	54
Cell2494	1	7	54	41
Cell2495	1	3	13	61
Cell2496	1	3	3	4
Cell2497	1	1	22	61
Cell2498	1	1	22	19
Cell2499	1	15	55	42
Cell2500	1	1	25	20
Cell2501	1	3	15	18
Cell2502	1	4	14	33
Cell2503	1	3	50	34
Cell2504	1	10	49	13
Cell2505	1	8	51	25
Cell2506	1	8	41	27
Cell2507	1	4	44	63
Cell2508	1	2	63	24
Cell2509	1	3	19	6
Cell2510	1	1	25	18
Cell2511	1	2	16	33
Cell2512	1	3	13	6
Cell2513	1	7	3	58
Cell2514	1	2	47	31
Cell2515	1	2	63	30
Cell2516	1	1	39	64
Cell2517	1	4	44	63
Cell2518	1	1	4	35
Cell2519	1	3	50	58
Cell2520	1	2	46	33
Cell2521	1	3	18	5
Cell2522	1	1	28	25
Cell2523	1	19	60	37
Cell2524	1	5	27	42
Cell2525	1	6	30	21
Cell2526	1	9	43	60
Cell2527	1	19	60	37
Cell2528	1	5	11	15
Cell2529	1	4	24	10
Cell2530	1	5	40	62
Cell2531	1	9	48	64
Cell2532	1	6	5	21
Cell2533	1	9	43	60
Cell2534	1	3	50	62
Cell2535	1	7	54	31
Cell2536	1	9	48	62
Cell2537	1	4	17	23
Cell2538	1	19	60	5
Cell2539	1	18	45	39
Cell2540	1	3	56	43
Cell2541	1	6	5	41
Cell2542	1	7	29	38
Cell2543	1	5	11	29
Cell2544	1	9	43	57
Cell2545	1	14	34	55
Cell2546	1	6	5	4
Cell2547	1	2	57	30
Cell2548	1	3	31	6
Cell2549	1	8	10	19
Cell2550	1	1	23	47
Cell2551	1	4	62	36
Cell2552	1	2	57	50
Cell2553	1	12	26	51
Cell2554	1	6	5	28
Cell2555	1	3	19	6
Cell2556	1	4	37	20
Cell2557	1	17	64	14
Cell2558	1	8	15	24
Cell2559	1	17	64	14
Cell2560	1	3	31	6
Cell2561	1	4	62	36
Cell2562	1	3	10	46
Cell2563	1	3	10	1
Cell2564	1	10	49	3
Cell2565	1	12	26	24
Cell2566	1	6	5	28
Cell2567	1	13	7	54
Cell2568	1	4	14	9
Cell2569	1	7	52	12
Cell2570	1	13	7	54
Cell2571	1	9	48	42
Cell2572	1	18	45	39
Cell2573	1	14	34	55
Cell2574	1	1	22	59
Cell2575	1	1	23	59
Cell2576	1	10	21	35
Cell2577	1	1	22	59
Cell2578	1	4	62	36
Cell2579	1	9	32	57
Cell2580	1	2	57	50
Cell2581	1	6	59	3
Cell2582	1	9	43	62
Cell2583	1	12	26	35
Cell2584	1	19	60	37
Cell2585	1	1	4	19
Cell2586	1	3	50	4
Cell2587	1	7	52	38
Cell2588	1	9	43	53
Cell2589	1	2	2	53
Cell2590	1	1	28	42
Cell2591	1	2	47	2
Cell2592	1	17	64	36
Cell2593	1	6	30	11
Cell2594	1	3	19	3
Cell2595	1	12	26	51
Cell2597	1	4	44	63
Cell2598	1	7	52	45
Cell2599	1	2	47	9
Cell2600	1	1	25	59
Cell2601	1	1	33	48
Cell2602	1	1	33	48
Cell2603	1	15	12	52
Cell2604	1	11	42	23
Cell2605	1	5	38	32
Cell2606	1	2	2	3
Cell2607	1	7	54	52
Cell2608	1	9	43	60
Cell2609	1	19	60	37
Cell2610	1	5	11	30
Cell2611	1	5	12	49
Cell2612	1	18	1	4
Cell2613	1	14	34	55
Cell2614	1	4	44	63
Cell2615	1	1	27	35
Cell2616	1	3	18	64
Cell2619	1	3	50	34
Cell2620	1	1	23	58
Cell2621	1	15	55	8
Cell2622	1	1	27	42
Cell2623	1	3	3	58
Cell2624	1	19	60	37
Cell2625	1	1	33	48
Cell2626	1	6	59	43
Cell2627	1	4	17	5
Cell2628	1	1	23	29
Cell2629	1	4	44	23
Cell2630	1	13	7	54
Cell2631	1	1	22	59
Cell2632	1	3	50	12
Cell2633	1	11	16	45
Cell2634	1	15	55	8
Cell2635	1	9	43	60
Cell2636	1	1	4	21
Cell2637	1	1	9	58
Cell2638	1	11	42	23
Cell2639	1	14	34	55
Cell2640	1	6	59	32
Cell2641	1	2	47	17
Cell2642	1	6	5	45
Cell2643	1	3	3	32
Cell2644	1	5	21	28
Cell2645	1	4	17	22
Cell2646	1	14	34	55
Cell2647	1	8	61	61
Cell2648	1	6	30	17
Cell2650	1	7	54	17
Cell2651	1	7	35	32
Cell2652	1	3	19	5
Cell2653	1	14	34	55
Cell2654	1	14	34	55
Cell2656	1	1	25	18
Cell2657	1	1	33	48
Cell2658	1	5	11	46
Cell2660	1	4	19	36
Cell2661	1	7	29	45
Cell2662	1	4	37	43
Cell2663	1	5	40	20
Cell2664	1	14	34	55
Cell2665	1	7	29	4
Cell2666	1	4	44	63
Cell2667	1	3	18	5
Cell2668	1	11	42	23
Cell2669	1	16	6	16
Cell2670	1	3	9	33
Cell2671	1	6	30	15
Cell2672	1	1	28	19
Cell2673	1	2	47	2
Cell2674	1	5	27	62
Cell2675	1	15	55	8
Cell2676	1	1	39	40
Cell2677	1	19	60	37
Cell2678	1	4	17	4
Cell2679	1	3	9	46
Cell2680	1	3	50	19
Cell2681	1	14	34	55
Cell2683	1	16	6	16
Cell2684	1	5	23	40
Cell2685	1	5	38	43
Cell2686	1	10	21	20
Cell2687	1	17	64	14
Cell2688	1	8	61	44
Cell2689	1	13	7	54
Cell2690	1	6	5	2
Cell2691	1	5	21	46
Cell2692	1	3	50	19
Cell2693	1	3	3	18
Cell2694	1	4	44	40
Cell2695	1	10	49	13
Cell2696	1	8	53	27
Cell2697	1	7	52	29
Cell2698	1	3	56	19
Cell2699	1	7	29	38
Cell2700	1	7	3	7
Cell2701	1	3	18	43
Cell2702	1	4	37	42
Cell2703	1	18	45	39
Cell2704	1	19	60	35
Cell2705	1	19	60	37
Cell2706	1	6	8	41
Cell2707	1	8	61	44
Cell2708	1	6	5	26
Cell2709	1	18	45	39
Cell2710	1	4	44	36
Cell2711	1	5	27	15
Cell2712	1	16	6	5
Cell2713	1	12	26	51
Cell2715	1	4	31	5
Cell2716	1	7	14	9
Cell2717	1	13	7	54
Cell2718	1	4	17	35
Cell2719	1	2	2	53
Cell2720	1	1	22	35
Cell2721	1	2	47	56
Cell2722	1	4	19	31
Cell2723	1	5	35	49
Cell2724	1	7	3	4
Cell2725	1	4	54	63
Cell2726	1	9	43	60
Cell2727	1	4	62	47
Cell2728	1	8	51	27
Cell2729	1	4	44	63
Cell2730	1	5	11	4
Cell2731	1	7	29	20
Cell2732	1	4	24	10
Cell2733	1	2	57	53
Cell2734	1	7	14	5
Cell2735	1	5	27	19
Cell2736	1	4	24	9
Cell2737	1	1	4	48
Cell2739	1	5	38	4
Cell2740	1	13	7	54
Cell2741	1	10	32	3
Cell2742	1	2	46	45
Cell2743	1	3	3	7
Cell2744	1	2	47	2
Cell2745	1	4	24	52
Cell2747	1	3	50	58
Cell2748	1	9	43	60
Cell2749	1	8	15	31
Cell2750	1	10	49	13
Cell2751	1	19	60	37
Cell2752	1	5	36	56
Cell2753	1	3	15	25
Cell2754	1	1	33	48
Cell2755	1	3	3	35
Cell2756	1	3	56	58
Cell2757	1	2	63	64
Cell2758	1	8	41	40
Cell2759	1	16	6	60
Cell2760	1	15	55	8
Cell2761	1	2	47	2
Cell2762	1	1	39	15
Cell2763	1	10	21	64
Cell2764	1	4	37	45
Cell2765	1	13	7	54
Cell2766	1	3	9	49
Cell2767	1	7	29	38
Cell2768	1	2	2	53
Cell2769	1	4	24	22
Cell2770	1	7	14	33
Cell2771	1	1	39	59
Cell2772	1	8	15	27
Cell2773	1	2	63	28
Cell2774	1	8	51	56
Cell2775	1	1	23	47
Cell2776	1	9	43	60
Cell2777	1	6	30	11
Cell2778	1	12	26	51
Cell2779	1	2	47	2
Cell2780	1	2	16	9
Cell2781	1	5	40	32
Cell2782	1	6	59	7
Cell2783	1	9	32	60
Cell2784	1	3	31	6
Cell2785	1	9	48	57
Cell2786	1	15	55	8
Cell2787	1	4	44	63
Cell2788	1	7	52	38
Cell2789	1	18	45	39
Cell2790	1	3	19	24
Cell2791	1	1	33	48
Cell2792	1	3	9	34
Cell2793	1	15	55	8
Cell2794	1	14	34	12
Cell2795	1	5	11	18
Cell2796	1	4	58	33
Cell2797	1	6	59	41
Cell2798	1	6	30	7
Cell2799	1	1	23	33
Cell2800	1	16	58	24
Cell2801	1	7	29	40
Cell2802	1	7	29	38
Cell2803	1	7	52	20
Cell2804	1	18	45	39
Cell2805	1	4	62	22
Cell2806	1	5	23	33
Cell2807	1	1	20	48
Cell2808	1	5	36	62
Cell2809	1	4	31	18
Cell2810	1	15	55	8
Cell2811	1	3	50	49
Cell2812	1	9	48	57
Cell2813	1	18	1	32
Cell2814	1	8	41	8
Cell2815	1	8	61	36
Cell2816	1	1	4	56
Cell2817	1	6	21	11
Cell2818	1	6	5	45
Cell2819	1	4	17	24
Cell2820	1	1	33	15
Cell2821	1	3	10	34
Cell2822	1	5	40	32
Cell2823	1	6	30	11
Cell2824	1	8	61	44
Cell2825	1	1	28	20
Cell2826	1	6	8	3
Cell2827	1	8	41	64
Cell2828	1	9	43	60
Cell2829	1	8	15	34
Cell2830	1	5	35	34
Cell2831	1	6	5	1
Cell2832	1	15	55	32
Cell2833	1	8	61	44
Cell2834	1	1	28	61
Cell2835	1	7	54	46
Cell2836	1	5	40	58
Cell2837	1	16	6	16
Cell2838	1	13	7	54
Cell2839	1	9	43	60
Cell2840	1	5	35	36
Cell2841	1	9	43	60
Cell2842	1	9	32	57
Cell2843	1	13	7	54
Cell2845	1	3	18	31
Cell2846	1	6	5	64
Cell2847	1	3	3	43
Cell2848	1	1	20	19
Cell2849	1	4	62	32
Cell2850	1	6	59	41
Cell2851	1	8	51	61
Cell2853	1	8	61	44
Cell2854	1	7	29	29
Cell2855	1	5	23	46
Cell2856	1	2	2	53
Cell2858	1	5	21	64
Cell2859	1	1	22	64
Cell2860	1	10	49	13
Cell2861	1	17	64	46
Cell2862	1	16	6	16
Cell2863	1	4	44	35
Cell2864	1	4	13	49
Cell2865	1	4	37	28
Cell2866	1	11	42	23
Cell2867	1	3	10	34
Cell2868	1	6	59	29
Cell2869	1	3	56	56
Cell2870	1	6	59	43
Cell2871	1	2	2	17
Cell2872	1	3	19	6
Cell2873	1	19	60	37
Cell2874	1	2	16	30
Cell2875	1	8	61	44
Cell2877	1	12	26	21
Cell2878	1	2	63	29
Cell2879	1	9	48	49
Cell2880	1	4	62	10
Cell2881	1	15	55	8
Cell2882	1	11	42	45
Cell2883	1	4	54	45
Cell2884	1	2	2	1
Cell2885	1	2	14	35
Cell2886	1	8	53	27
Cell2887	1	9	48	57
Cell2888	1	5	27	33
Cell2889	1	1	23	33
Cell2890	1	12	26	51
Cell2891	1	5	40	42
Cell2892	1	13	7	54
Cell2893	1	6	30	11
Cell2894	1	5	35	41
Cell2895	1	8	41	33
Cell2896	1	2	47	49
Cell2897	1	4	37	63
Cell2898	1	18	45	39
Cell2899	1	3	56	3
Cell2900	1	10	49	17
Cell2901	1	4	37	56
Cell2902	1	9	32	33
Cell2903	1	10	32	64
Cell2904	1	3	10	46
Cell2906	1	3	19	36
Cell2907	1	1	25	53
Cell2908	1	3	9	33
Cell2909	1	1	28	64
Cell2910	1	5	38	46
Cell2911	1	6	59	34
Cell2912	1	4	58	9
Cell2913	1	13	7	54
Cell2914	1	7	54	32
Cell2915	1	9	48	57
Cell2916	1	3	15	5
Cell2917	1	3	56	19
Cell2918	1	6	5	53
Cell2919	1	5	40	64
Cell2920	1	3	19	17
Cell2921	1	7	54	9
Cell2922	1	1	25	20
Cell2923	1	6	59	64
Cell2924	1	6	30	11
Cell2925	1	10	49	13
Cell2926	1	14	34	29
Cell2927	1	18	45	39
Cell2928	1	3	50	46
Cell2929	1	2	63	45
Cell2930	1	5	38	15
Cell2931	1	3	31	22
Cell2932	1	13	7	54
Cell2933	1	4	58	26
Cell2934	1	1	28	1
Cell2935	1	1	39	12
Cell2936	1	2	57	50
Cell2937	1	14	34	55
Cell2938	1	1	22	17
Cell2939	1	6	5	41
Cell2940	1	4	37	10
Cell2941	1	2	63	42
Cell2942	1	5	9	41
Cell2943	1	1	33	46
Cell2944	1	14	34	55
Cell2945	1	8	41	27
Cell2946	1	4	44	23
Cell2947	1	4	14	63
Cell2948	1	1	23	20
Cell2949	1	9	43	57
Cell2950	1	19	60	37
Cell2951	1	6	5	7
Cell2952	1	5	11	4
Cell2953	1	7	52	35
Cell2954	1	6	8	21
Cell2955	1	4	37	40
Cell2956	1	4	24	43
Cell2957	1	1	25	20
Cell2958	1	5	40	17
Cell2959	1	1	22	30
Cell2960	1	7	29	3
Cell2961	1	2	47	41
Cell2962	1	4	62	43
Cell2963	1	6	59	40
Cell2965	1	1	23	18
Cell2966	1	10	49	47
Cell2967	1	2	57	50
Cell2968	1	18	45	39
Cell2969	1	1	33	48
Cell2970	1	16	58	24
Cell2971	1	9	32	60
Cell2972	1	17	64	14
Cell2973	1	11	16	9
Cell2974	1	5	36	56
Cell2975	1	18	1	39
Cell2976	1	4	62	63
Cell2977	1	11	16	23
Cell2978	1	3	19	6
Cell2979	1	10	49	32
Cell2980	1	4	54	43
Cell2981	1	1	22	59
Cell2982	1	7	54	58
Cell2983	1	3	9	43
Cell2984	1	5	35	15
Cell2985	1	7	52	17
Cell2986	1	2	46	26
Cell2987	1	5	11	29
Cell2988	1	9	48	57
Cell2989	1	1	20	48
Cell2990	1	13	7	54
Cell2991	1	12	26	51
Cell2992	1	9	48	42
Cell2993	1	2	14	17
Cell2994	1	15	55	8
Cell2995	1	6	5	7
Cell2996	1	4	37	10
Cell2997	1	8	15	24
Cell2998	1	4	44	36
Cell2999	1	11	42	23
Cell3000	1	18	45	39
