ID	did	seurat_cluster	kmeans_cluster	labels
Cell1	1	5	14	1
Cell2	1	4	1	16
Cell3	1	8	12	7
Cell4	1	15	9	9
Cell5	1	10	12	14
Cell6	1	8	12	7
Cell7	1	11	10	5
Cell8	1	2	2	13
Cell9	1	1	8	15
Cell10	1	2	2	13
Cell11	1	11	10	5
Cell13	1	8	12	7
Cell15	1	9	13	3
Cell16	1	1	8	15
Cell17	1	5	14	1
Cell18	1	14	16	8
Cell19	1	15	9	9
Cell20	1	16	11	6
Cell21	1	14	16	8
Cell22	1	11	10	5
Cell23	1	12	4	10
Cell24	1	9	13	3
Cell25	1	11	10	5
Cell26	1	15	9	9
Cell27	1	12	4	10
Cell28	1	3	5	12
Cell29	1	16	11	6
Cell30	1	1	8	15
Cell31	1	14	16	8
Cell32	1	11	10	5
Cell33	1	9	13	3
Cell34	1	9	13	3
Cell35	1	14	16	8
Cell36	1	13	14	2
Cell37	1	1	8	15
Cell38	1	9	13	3
Cell39	1	16	11	6
Cell40	1	14	16	8
Cell41	1	10	12	14
Cell42	1	15	9	9
Cell43	1	2	2	13
Cell44	1	4	1	16
Cell45	1	10	12	14
Cell46	1	15	9	9
Cell47	1	7	3	11
Cell48	1	5	14	1
Cell49	1	10	12	14
Cell50	1	12	7	10
Cell51	1	3	5	12
Cell52	1	7	3	11
Cell53	1	4	15	16
Cell54	1	1	8	15
Cell55	1	4	1	16
Cell56	1	11	10	5
Cell57	1	3	5	12
Cell58	1	7	3	11
Cell59	1	9	13	3
Cell60	1	7	3	11
Cell61	1	2	2	13
Cell62	1	14	16	8
Cell63	1	10	12	14
Cell64	1	16	11	6
Cell65	1	9	13	3
Cell66	1	6	11	4
Cell67	1	1	8	15
Cell68	1	14	16	8
Cell69	1	13	14	2
Cell70	1	2	2	13
Cell71	1	15	9	9
Cell72	1	11	10	5
Cell73	1	1	8	15
Cell75	1	8	12	7
Cell76	1	7	3	11
Cell77	1	4	1	16
Cell78	1	12	6	10
Cell79	1	11	10	5
Cell80	1	11	10	5
Cell81	1	7	3	11
Cell82	1	10	12	14
Cell83	1	3	5	12
Cell85	1	11	10	5
Cell86	1	4	1	16
Cell87	1	2	2	13
Cell88	1	10	12	14
Cell89	1	12	7	10
Cell90	1	14	16	8
Cell91	1	10	12	14
Cell92	1	5	14	1
Cell93	1	7	3	11
Cell94	1	4	1	16
Cell95	1	2	2	13
Cell96	1	14	16	8
Cell97	1	4	1	16
Cell98	1	7	3	11
Cell99	1	6	11	4
Cell100	1	4	1	16
Cell101	1	4	15	16
Cell102	1	3	5	12
Cell103	1	9	13	3
Cell104	1	6	11	4
Cell105	1	1	8	15
Cell106	1	1	8	6
Cell107	1	6	11	4
Cell108	1	8	12	7
Cell109	1	15	9	6
Cell110	1	9	13	3
Cell111	1	8	12	7
Cell112	1	16	11	6
Cell113	1	15	9	9
Cell114	1	13	14	2
Cell115	1	4	1	16
Cell116	1	3	5	12
Cell118	1	8	12	7
Cell119	1	1	8	15
Cell120	1	1	8	15
Cell121	1	11	10	5
Cell122	1	1	8	15
Cell123	1	16	11	6
Cell124	1	12	4	10
Cell125	1	3	5	12
Cell126	1	5	14	1
Cell127	1	3	5	12
Cell128	1	6	11	4
Cell130	1	5	14	1
Cell131	1	5	14	1
Cell132	1	4	15	16
Cell133	1	8	12	7
Cell135	1	12	6	10
Cell136	1	4	1	16
Cell137	1	4	1	16
Cell138	1	13	14	2
Cell139	1	11	10	5
Cell140	1	8	12	7
Cell141	1	15	9	9
Cell142	1	6	11	4
Cell144	1	13	14	2
Cell145	1	14	16	6
Cell146	1	11	10	5
Cell147	1	16	11	6
Cell148	1	4	1	16
Cell149	1	5	14	1
Cell150	1	6	11	4
Cell151	1	2	2	13
Cell152	1	4	1	16
Cell153	1	7	3	11
Cell154	1	14	16	8
Cell155	1	13	14	2
Cell156	1	16	11	6
Cell157	1	8	12	7
Cell158	1	15	9	9
Cell159	1	9	13	3
Cell160	1	3	5	12
Cell162	1	11	10	5
Cell163	1	8	12	7
Cell164	1	1	8	15
Cell165	1	14	16	8
Cell166	1	12	6	10
Cell167	1	11	10	5
Cell168	1	9	13	3
Cell169	1	12	4	10
Cell170	1	15	9	9
Cell171	1	3	5	12
Cell172	1	12	7	10
Cell173	1	11	10	5
Cell174	1	13	14	2
Cell175	1	14	16	8
Cell176	1	1	8	15
Cell177	1	6	11	6
Cell178	1	7	3	11
Cell179	1	16	11	6
Cell180	1	8	12	7
Cell181	1	1	8	15
Cell182	1	4	15	16
Cell183	1	1	8	15
Cell184	1	9	13	3
Cell186	1	2	2	13
Cell187	1	9	13	3
Cell188	1	13	14	2
Cell189	1	4	1	16
Cell190	1	6	11	4
Cell191	1	15	9	9
Cell192	1	10	12	14
Cell193	1	11	10	5
Cell194	1	1	8	15
Cell195	1	4	1	16
Cell196	1	5	14	1
Cell197	1	12	4	10
Cell198	1	3	5	12
Cell199	1	7	3	11
Cell200	1	6	11	4
Cell201	1	10	12	14
Cell202	1	8	12	7
Cell203	1	6	11	4
Cell204	1	11	10	5
Cell205	1	10	12	14
Cell206	1	14	16	8
Cell207	1	9	13	3
Cell208	1	11	10	5
Cell210	1	2	2	13
Cell211	1	10	12	14
Cell212	1	14	16	8
Cell213	1	8	12	7
Cell215	1	16	11	6
Cell216	1	7	3	11
Cell217	1	3	5	12
Cell218	1	1	8	15
Cell219	1	11	10	5
Cell220	1	5	14	1
Cell221	1	14	16	8
Cell222	1	16	11	6
Cell225	1	13	14	2
Cell226	1	12	7	10
Cell227	1	11	10	5
Cell228	1	3	5	12
Cell229	1	6	11	4
Cell230	1	9	13	3
Cell231	1	13	14	2
Cell232	1	2	2	13
Cell233	1	14	16	8
Cell234	1	9	13	3
Cell235	1	1	8	15
Cell236	1	9	13	3
Cell237	1	14	16	8
Cell238	1	1	8	15
Cell239	1	13	14	2
Cell240	1	1	8	15
Cell241	1	8	12	6
Cell242	1	8	12	7
Cell243	1	7	3	11
Cell244	1	8	12	7
Cell245	1	12	4	10
Cell246	1	13	14	2
Cell247	1	3	5	12
Cell248	1	9	13	3
Cell249	1	16	11	6
Cell250	1	1	8	15
Cell251	1	11	10	5
Cell252	1	1	8	15
Cell253	1	10	12	14
Cell254	1	7	3	11
Cell256	1	14	16	8
Cell257	1	8	12	7
Cell258	1	8	12	7
Cell259	1	2	2	13
Cell260	1	11	10	5
Cell261	1	14	16	8
Cell262	1	2	2	13
Cell263	1	2	2	13
Cell264	1	4	15	16
Cell265	1	2	2	13
Cell266	1	10	12	14
Cell267	1	14	16	8
Cell268	1	4	15	16
Cell269	1	14	16	8
Cell270	1	15	9	9
Cell271	1	15	9	9
Cell272	1	3	5	12
Cell273	1	11	10	5
Cell274	1	10	12	14
Cell275	1	15	9	9
Cell276	1	14	16	8
Cell277	1	4	1	16
Cell278	1	2	2	13
Cell279	1	2	2	13
Cell280	1	1	8	15
Cell281	1	7	3	11
Cell282	1	8	12	7
Cell283	1	12	4	10
Cell284	1	9	13	3
Cell285	1	3	5	12
Cell286	1	5	14	1
Cell287	1	10	12	14
Cell288	1	16	11	6
Cell289	1	3	5	12
Cell290	1	5	14	1
Cell291	1	3	5	12
Cell294	1	10	12	14
Cell295	1	3	5	12
Cell296	1	8	12	7
Cell297	1	6	11	4
Cell298	1	6	11	4
Cell299	1	6	11	4
Cell300	1	14	16	8
Cell301	1	5	14	1
Cell302	1	11	10	5
Cell303	1	1	10	6
Cell304	1	9	13	3
Cell305	1	11	10	5
Cell306	1	2	2	13
Cell307	1	10	12	14
Cell308	1	5	14	1
Cell309	1	3	5	12
Cell310	1	7	3	11
Cell311	1	13	14	2
Cell312	1	4	15	16
Cell313	1	2	2	13
Cell314	1	8	12	7
Cell315	1	2	2	13
Cell318	1	3	5	12
Cell319	1	15	9	9
Cell320	1	10	12	14
Cell321	1	11	10	5
Cell322	1	5	14	1
Cell323	1	5	14	1
Cell324	1	2	2	13
Cell325	1	1	8	15
Cell326	1	5	14	1
Cell327	1	4	1	16
Cell329	1	11	10	5
Cell330	1	12	6	10
Cell332	1	2	2	13
Cell333	1	4	15	16
Cell334	1	2	2	13
Cell335	1	7	3	11
Cell336	1	10	12	14
Cell337	1	4	15	16
Cell338	1	1	8	15
Cell339	1	14	16	8
Cell340	1	5	14	1
Cell342	1	14	16	8
Cell343	1	2	2	13
Cell344	1	14	16	8
Cell345	1	10	12	14
Cell346	1	3	5	12
Cell347	1	7	3	11
Cell348	1	10	12	14
Cell349	1	10	12	14
Cell350	1	1	8	15
Cell351	1	10	12	14
Cell352	1	13	14	2
Cell353	1	1	8	15
Cell354	1	8	12	7
Cell355	1	4	15	16
Cell356	1	10	12	14
Cell357	1	12	6	10
Cell358	1	8	12	7
Cell359	1	6	11	4
Cell360	1	3	5	12
Cell361	1	6	11	4
Cell362	1	8	12	7
Cell363	1	1	8	15
Cell364	1	2	2	13
Cell366	1	4	1	16
Cell367	1	11	10	5
Cell368	1	9	13	6
Cell369	1	3	5	12
Cell370	1	8	12	7
Cell371	1	11	10	5
Cell372	1	9	13	3
Cell373	1	8	12	7
Cell374	1	11	10	5
Cell375	1	16	11	6
Cell376	1	2	2	13
Cell377	1	3	5	12
Cell378	1	16	11	6
Cell380	1	14	16	8
Cell381	1	4	1	16
Cell382	1	16	11	6
Cell383	1	7	3	11
Cell385	1	9	13	3
Cell386	1	1	10	5
Cell387	1	10	12	14
Cell388	1	8	12	7
Cell389	1	12	4	10
Cell390	1	7	3	11
Cell391	1	15	9	9
Cell392	1	6	11	4
Cell393	1	6	11	4
Cell394	1	13	14	2
Cell395	1	15	9	9
Cell396	1	4	1	16
Cell397	1	16	11	6
Cell398	1	1	8	15
Cell399	1	3	5	12
Cell400	1	8	12	7
Cell401	1	4	1	16
Cell402	1	16	11	6
Cell403	1	14	16	8
Cell404	1	16	11	6
Cell405	1	9	13	3
Cell406	1	16	11	6
Cell407	1	7	3	11
Cell408	1	4	15	16
Cell409	1	9	13	3
Cell410	1	6	11	4
Cell411	1	3	5	12
Cell412	1	4	1	16
Cell413	1	11	10	5
Cell414	1	15	9	9
Cell415	1	6	11	4
Cell416	1	8	12	7
Cell417	1	2	2	13
Cell418	1	10	12	14
Cell419	1	4	15	16
Cell420	1	4	15	16
Cell421	1	2	2	13
Cell422	1	15	9	9
Cell423	1	6	11	4
Cell424	1	6	11	4
Cell425	1	4	1	16
Cell426	1	6	11	4
Cell427	1	10	12	14
Cell428	1	15	9	9
Cell429	1	9	13	3
Cell430	1	1	8	15
Cell432	1	9	13	3
Cell433	1	8	12	7
Cell434	1	2	2	13
Cell435	1	12	7	10
Cell436	1	3	5	12
Cell437	1	16	11	6
Cell438	1	4	15	16
Cell439	1	12	6	10
Cell440	1	2	2	13
Cell441	1	5	14	1
Cell442	1	6	11	4
Cell443	1	11	10	5
Cell444	1	11	10	5
Cell445	1	11	10	5
Cell446	1	5	14	1
Cell447	1	10	12	14
Cell448	1	10	12	14
Cell449	1	14	16	8
Cell450	1	1	8	15
Cell451	1	6	11	4
Cell452	1	10	12	14
Cell453	1	5	14	1
Cell454	1	5	14	1
Cell455	1	10	12	14
Cell457	1	8	12	7
Cell458	1	7	3	11
Cell459	1	9	13	3
Cell460	1	6	11	4
Cell461	1	2	2	13
Cell462	1	14	16	8
Cell463	1	5	14	1
Cell464	1	11	10	5
Cell465	1	11	10	5
Cell466	1	4	1	16
Cell467	1	11	10	5
Cell468	1	4	15	16
Cell469	1	7	3	11
Cell470	1	4	15	16
Cell471	1	7	3	11
Cell472	1	9	13	3
Cell474	1	11	10	5
Cell475	1	13	14	2
Cell476	1	8	12	7
Cell478	1	15	9	9
Cell479	1	2	2	13
Cell480	1	3	5	12
Cell481	1	6	11	4
Cell482	1	15	9	9
Cell483	1	12	7	10
Cell484	1	3	5	12
Cell486	1	4	1	16
Cell487	1	10	12	14
Cell488	1	1	8	15
Cell489	1	15	9	9
Cell490	1	10	12	14
Cell491	1	4	15	16
Cell492	1	7	3	11
Cell493	1	8	12	7
Cell495	1	7	3	11
Cell497	1	1	8	15
Cell498	1	6	11	4
Cell499	1	5	14	1
Cell500	1	2	2	6
Cell501	1	16	11	6
Cell503	1	8	12	7
Cell504	1	15	9	9
Cell505	1	2	2	13
Cell506	1	4	15	16
Cell507	1	4	15	16
Cell508	1	3	5	12
Cell509	1	3	5	12
Cell510	1	1	8	15
Cell511	1	4	1	16
Cell512	1	5	14	1
Cell513	1	1	8	5
Cell515	1	1	8	15
Cell516	1	4	1	16
Cell517	1	14	16	8
Cell518	1	4	1	16
Cell519	1	15	9	9
Cell520	1	12	6	10
Cell521	1	6	11	4
Cell522	1	13	14	2
Cell523	1	12	4	10
Cell524	1	9	13	3
Cell525	1	13	14	2
Cell526	1	12	6	10
Cell527	1	8	12	7
Cell528	1	14	16	8
Cell529	1	13	14	2
Cell530	1	1	8	15
Cell531	1	7	3	11
Cell532	1	2	2	13
Cell533	1	4	15	16
Cell534	1	10	12	14
Cell535	1	11	10	5
Cell536	1	6	11	4
Cell537	1	11	10	5
Cell538	1	7	3	11
Cell539	1	7	3	11
Cell540	1	1	8	15
Cell541	1	15	9	9
Cell542	1	13	14	2
Cell543	1	9	13	3
Cell544	1	6	11	4
Cell545	1	6	11	4
Cell546	1	14	16	8
Cell547	1	2	2	13
Cell548	1	13	14	2
Cell550	1	2	2	13
Cell552	1	8	12	7
Cell553	1	2	2	13
Cell554	1	9	13	3
Cell555	1	9	13	3
Cell556	1	10	12	14
Cell557	1	9	13	3
Cell559	1	5	14	1
Cell560	1	4	15	16
Cell561	1	7	3	11
Cell562	1	6	11	4
Cell563	1	10	12	14
Cell564	1	12	7	10
Cell565	1	15	9	9
Cell566	1	3	5	12
Cell567	1	9	13	3
Cell568	1	2	2	13
Cell570	1	1	8	15
Cell571	1	11	10	5
Cell572	1	8	12	7
Cell573	1	11	10	5
Cell574	1	14	16	8
Cell575	1	6	11	4
Cell576	1	8	12	7
Cell577	1	6	11	4
Cell579	1	2	2	13
Cell580	1	9	13	3
Cell581	1	3	5	12
Cell582	1	5	14	1
Cell583	1	8	12	7
Cell584	1	7	3	6
Cell585	1	14	16	8
Cell586	1	11	10	5
Cell587	1	2	2	13
Cell588	1	14	16	8
Cell589	1	1	8	15
Cell590	1	13	14	2
Cell591	1	3	5	12
Cell592	1	16	11	6
Cell593	1	16	11	6
Cell594	1	14	16	8
Cell595	1	2	2	13
Cell596	1	1	8	15
Cell597	1	12	4	10
Cell599	1	10	12	14
Cell600	1	5	14	1
Cell601	1	12	4	10
Cell602	1	6	11	4
Cell603	1	4	1	16
Cell604	1	4	15	16
Cell605	1	13	14	2
Cell606	1	13	14	2
Cell607	1	5	14	1
Cell608	1	7	3	11
Cell609	1	2	2	13
Cell610	1	4	1	16
Cell611	1	6	11	4
Cell612	1	7	3	11
Cell613	1	6	11	4
Cell614	1	11	10	5
Cell615	1	7	3	11
Cell617	1	6	11	4
Cell618	1	8	12	7
Cell619	1	4	1	16
Cell620	1	4	1	16
Cell621	1	13	14	2
Cell622	1	7	3	11
Cell623	1	12	7	10
Cell624	1	3	5	12
Cell625	1	7	3	11
Cell626	1	15	9	9
Cell627	1	12	7	10
Cell628	1	9	13	3
Cell629	1	5	14	1
Cell630	1	3	5	12
Cell631	1	1	8	15
Cell632	1	16	11	6
Cell633	1	8	12	7
Cell634	1	15	9	9
Cell635	1	3	5	12
Cell636	1	15	9	9
Cell637	1	7	3	11
Cell638	1	5	14	1
Cell639	1	12	4	10
Cell640	1	6	11	4
Cell641	1	11	10	5
Cell642	1	2	2	13
Cell643	1	12	7	6
Cell644	1	12	7	10
Cell645	1	16	11	6
Cell646	1	6	11	4
Cell647	1	7	3	11
Cell648	1	13	14	2
Cell649	1	14	16	8
Cell650	1	10	12	14
Cell651	1	13	14	2
Cell652	1	7	3	11
Cell653	1	14	16	8
Cell654	1	9	13	3
Cell655	1	11	10	5
Cell656	1	10	12	14
Cell657	1	3	5	12
Cell658	1	13	14	2
Cell659	1	8	12	7
Cell660	1	16	11	6
Cell661	1	6	11	4
Cell662	1	15	9	9
Cell663	1	3	5	12
Cell664	1	9	13	3
Cell665	1	5	14	1
Cell666	1	5	14	1
Cell667	1	7	3	11
Cell668	1	9	13	3
Cell669	1	12	7	10
Cell670	1	14	16	8
Cell671	1	12	4	10
Cell672	1	1	8	15
Cell673	1	12	7	10
Cell674	1	8	12	7
Cell675	1	2	2	13
Cell676	1	15	9	9
Cell677	1	13	14	2
Cell678	1	9	13	3
Cell679	1	14	16	8
Cell680	1	8	12	7
Cell681	1	2	2	13
Cell682	1	7	3	11
Cell683	1	12	4	10
Cell684	1	14	16	8
Cell685	1	8	12	7
Cell686	1	11	10	5
Cell687	1	12	7	10
Cell688	1	10	12	14
Cell689	1	6	11	4
Cell690	1	10	12	14
Cell691	1	7	3	11
Cell693	1	11	10	5
Cell694	1	2	2	13
Cell695	1	3	5	12
Cell696	1	5	14	1
Cell697	1	3	5	12
Cell698	1	15	9	9
Cell699	1	13	14	2
Cell700	1	11	10	5
Cell701	1	9	13	3
Cell702	1	3	5	12
Cell703	1	7	3	11
Cell704	1	7	3	11
Cell705	1	12	7	6
Cell706	1	10	12	14
Cell707	1	10	12	14
Cell708	1	11	10	5
Cell709	1	13	14	2
Cell710	1	11	10	5
Cell711	1	13	14	2
Cell712	1	11	10	5
Cell713	1	10	12	14
Cell714	1	2	2	13
Cell715	1	7	3	11
Cell716	1	13	14	2
Cell717	1	15	9	9
Cell718	1	2	2	13
Cell719	1	6	11	4
Cell720	1	16	11	6
Cell721	1	13	14	2
Cell722	1	12	7	10
Cell723	1	9	13	3
Cell724	1	12	4	10
Cell725	1	10	12	14
Cell726	1	12	4	10
Cell727	1	1	8	15
Cell728	1	2	2	13
Cell731	1	14	16	8
Cell732	1	15	9	9
Cell733	1	15	9	9
Cell734	1	1	8	15
Cell735	1	11	10	5
Cell736	1	4	1	16
Cell737	1	5	14	1
Cell738	1	1	8	15
Cell739	1	9	13	3
Cell740	1	9	13	3
Cell741	1	12	7	10
Cell742	1	8	12	7
Cell743	1	7	3	11
Cell744	1	3	5	12
Cell745	1	2	2	13
Cell746	1	15	9	9
Cell747	1	1	8	15
Cell748	1	8	12	7
Cell749	1	8	12	7
Cell750	1	2	2	13
Cell751	1	6	11	4
Cell752	1	12	6	10
Cell753	1	14	16	8
Cell754	1	1	8	15
Cell755	1	2	2	13
Cell756	1	11	10	5
Cell757	1	6	11	4
Cell758	1	4	15	16
Cell759	1	3	5	12
Cell760	1	8	12	7
Cell761	1	8	12	7
Cell762	1	7	3	11
Cell763	1	10	12	14
Cell764	1	7	3	11
Cell765	1	12	6	10
Cell766	1	8	12	7
Cell767	1	3	5	12
Cell768	1	4	15	16
Cell769	1	4	15	16
Cell770	1	4	1	16
Cell771	1	5	14	1
Cell772	1	12	6	10
Cell773	1	9	13	3
Cell774	1	14	16	8
Cell775	1	1	8	15
Cell776	1	8	12	7
Cell777	1	15	9	9
Cell778	1	7	3	11
Cell779	1	1	8	15
Cell780	1	7	3	11
Cell781	1	2	2	13
Cell782	1	16	11	6
Cell783	1	10	12	14
Cell784	1	12	7	10
Cell785	1	6	11	4
Cell786	1	10	12	14
Cell787	1	4	15	16
Cell788	1	8	12	7
Cell789	1	4	15	16
Cell790	1	7	3	11
Cell791	1	7	3	11
Cell792	1	15	9	9
Cell793	1	6	11	4
Cell795	1	6	11	4
Cell796	1	9	13	3
Cell797	1	5	14	1
Cell798	1	10	12	14
Cell799	1	7	3	11
Cell800	1	2	2	13
Cell801	1	8	12	7
Cell802	1	11	10	5
Cell803	1	9	13	3
Cell804	1	1	8	15
Cell805	1	7	3	11
Cell806	1	7	3	11
Cell807	1	15	9	9
Cell808	1	11	10	5
Cell809	1	14	16	8
Cell810	1	1	8	15
Cell811	1	16	11	6
Cell812	1	15	9	9
Cell813	1	12	6	10
Cell814	1	7	3	11
Cell815	1	15	9	9
Cell816	1	2	2	13
Cell817	1	3	5	12
Cell819	1	3	5	12
Cell820	1	5	14	1
Cell821	1	11	10	5
Cell822	1	6	11	4
Cell823	1	11	10	5
Cell824	1	7	3	11
Cell825	1	15	9	9
Cell826	1	9	13	3
Cell827	1	11	10	5
Cell828	1	14	16	8
Cell829	1	3	5	12
Cell830	1	5	14	1
Cell831	1	12	7	10
Cell832	1	3	5	12
Cell833	1	2	2	13
Cell834	1	9	13	3
Cell836	1	15	9	9
Cell837	1	6	11	4
Cell838	1	11	10	5
Cell839	1	1	8	15
Cell840	1	13	14	2
Cell841	1	9	13	3
Cell842	1	3	5	12
Cell843	1	13	14	2
Cell844	1	10	12	14
Cell845	1	1	8	15
Cell846	1	5	14	1
Cell847	1	1	8	15
Cell848	1	9	13	3
Cell849	1	3	5	12
Cell850	1	14	16	8
Cell851	1	8	12	7
Cell852	1	4	1	16
Cell853	1	5	14	1
Cell854	1	7	3	11
Cell855	1	5	14	1
Cell856	1	4	1	16
Cell857	1	6	11	4
Cell858	1	8	12	7
Cell859	1	14	16	8
Cell860	1	11	10	5
Cell861	1	16	11	6
Cell862	1	8	12	7
Cell863	1	1	8	15
Cell864	1	4	15	16
Cell865	1	3	5	12
Cell866	1	3	5	12
Cell867	1	5	14	1
Cell868	1	3	5	12
Cell869	1	8	12	7
Cell870	1	4	15	16
Cell872	1	5	14	1
Cell873	1	14	16	8
Cell875	1	14	16	8
Cell876	1	2	2	13
Cell877	1	6	11	4
Cell878	1	13	14	2
Cell879	1	4	15	16
Cell880	1	8	12	7
Cell881	1	7	3	11
Cell882	1	3	5	12
Cell883	1	10	12	14
Cell884	1	9	13	3
Cell885	1	2	2	13
Cell886	1	16	11	6
Cell887	1	4	1	16
Cell888	1	13	14	2
Cell889	1	9	13	3
Cell890	1	13	14	2
Cell891	1	12	7	10
Cell892	1	16	11	6
Cell893	1	11	10	5
Cell894	1	5	14	1
Cell895	1	1	8	15
Cell896	1	8	12	7
Cell897	1	1	8	15
Cell898	1	4	15	16
Cell899	1	13	14	2
Cell900	1	2	2	13
Cell903	1	10	12	14
Cell904	1	11	10	5
Cell905	1	12	7	10
Cell906	1	7	3	11
Cell907	1	9	13	3
Cell908	1	10	12	14
Cell909	1	13	14	2
Cell910	1	12	6	10
Cell911	1	8	12	7
Cell912	1	6	11	4
Cell913	1	10	12	14
Cell914	1	1	8	15
Cell915	1	14	16	8
Cell916	1	2	2	13
Cell917	1	5	14	1
Cell918	1	4	1	16
Cell919	1	13	14	2
Cell920	1	3	5	12
Cell921	1	11	10	5
Cell922	1	13	14	2
Cell923	1	4	1	16
Cell924	1	10	12	14
Cell925	1	9	13	3
Cell926	1	12	7	10
Cell927	1	5	14	1
Cell928	1	1	8	15
Cell929	1	12	4	10
Cell930	1	14	16	8
Cell931	1	1	8	15
Cell932	1	8	12	7
Cell933	1	1	8	15
Cell934	1	13	14	2
Cell935	1	11	10	5
Cell936	1	8	12	7
Cell937	1	16	11	6
Cell938	1	1	8	15
Cell939	1	12	7	10
Cell940	1	5	14	1
Cell941	1	3	5	12
Cell942	1	6	11	6
Cell943	1	13	14	2
Cell944	1	9	13	3
Cell945	1	16	11	6
Cell946	1	9	13	3
Cell947	1	14	16	8
Cell948	1	9	13	3
Cell949	1	6	11	4
Cell950	1	6	11	4
Cell952	1	6	11	4
Cell953	1	5	14	1
Cell954	1	10	12	14
Cell955	1	14	16	8
Cell956	1	8	12	7
Cell957	1	13	14	2
Cell958	1	15	9	9
Cell959	1	8	12	7
Cell960	1	16	11	6
Cell961	1	7	3	11
Cell962	1	9	13	3
Cell963	1	1	8	15
Cell964	1	15	9	9
Cell965	1	4	15	16
Cell966	1	5	14	1
Cell968	1	4	15	16
Cell969	1	8	12	7
Cell970	1	13	14	2
Cell971	1	16	11	6
Cell972	1	16	11	6
Cell973	1	6	11	4
Cell974	1	2	2	13
Cell975	1	1	8	15
Cell976	1	2	2	13
Cell977	1	11	10	5
Cell978	1	16	11	6
Cell979	1	2	2	13
Cell980	1	11	10	5
Cell981	1	8	12	7
Cell982	1	13	14	2
Cell983	1	4	15	16
Cell984	1	15	9	9
Cell985	1	12	4	10
Cell986	1	10	12	14
Cell987	1	10	12	14
Cell988	1	2	2	13
Cell989	1	2	2	13
Cell990	1	4	1	16
Cell991	1	12	4	10
Cell992	1	14	16	8
Cell993	1	14	16	8
Cell996	1	10	12	14
Cell997	1	6	11	4
Cell998	1	12	7	10
Cell999	1	15	9	9
Cell1000	1	11	10	5
Cell1001	1	9	13	3
Cell1002	1	4	1	16
Cell1003	1	1	8	15
Cell1004	1	8	12	7
Cell1005	1	15	9	9
Cell1006	1	4	1	16
Cell1007	1	14	16	8
Cell1008	1	9	13	3
Cell1009	1	6	11	4
Cell1010	1	10	12	14
Cell1011	1	4	15	16
Cell1012	1	6	11	4
Cell1013	1	2	2	13
Cell1014	1	11	10	5
Cell1015	1	14	16	8
Cell1016	1	15	9	6
Cell1017	1	14	16	8
Cell1018	1	12	7	10
Cell1019	1	12	4	10
Cell1020	1	5	14	1
Cell1021	1	4	1	16
Cell1022	1	2	2	13
Cell1023	1	13	14	2
Cell1024	1	7	3	11
Cell1025	1	1	8	15
Cell1026	1	1	8	15
Cell1027	1	1	8	15
Cell1028	1	15	9	9
Cell1029	1	14	16	8
Cell1030	1	9	13	3
Cell1031	1	5	14	1
Cell1032	1	10	12	14
Cell1033	1	12	4	10
Cell1034	1	10	12	14
Cell1035	1	15	9	9
Cell1036	1	3	5	12
Cell1037	1	4	15	16
Cell1038	1	4	1	16
Cell1039	1	2	2	13
Cell1040	1	14	16	8
Cell1041	1	15	9	9
Cell1042	1	9	13	3
Cell1043	1	6	11	4
Cell1044	1	8	12	7
Cell1045	1	13	14	2
Cell1046	1	8	12	7
Cell1047	1	9	13	3
Cell1048	1	15	9	9
Cell1049	1	3	5	12
Cell1050	1	5	14	1
Cell1051	1	14	16	8
Cell1052	1	3	5	12
Cell1053	1	10	12	14
Cell1054	1	6	11	4
Cell1055	1	14	16	8
Cell1056	1	10	12	14
Cell1057	1	1	8	15
Cell1058	1	5	14	1
Cell1059	1	10	12	14
Cell1060	1	10	12	14
Cell1061	1	11	10	5
Cell1062	1	3	5	12
Cell1063	1	1	8	5
Cell1064	1	5	14	1
Cell1065	1	12	6	10
Cell1066	1	14	16	8
Cell1067	1	14	16	8
Cell1068	1	7	3	11
Cell1069	1	11	10	5
Cell1070	1	6	11	4
Cell1071	1	2	2	13
Cell1072	1	10	12	14
Cell1073	1	14	16	8
Cell1074	1	15	9	9
Cell1075	1	1	8	15
Cell1076	1	1	8	15
Cell1077	1	10	12	14
Cell1078	1	1	8	15
Cell1079	1	14	16	8
Cell1080	1	6	11	4
Cell1081	1	1	8	15
Cell1082	1	1	8	15
Cell1083	1	9	13	3
Cell1084	1	8	12	7
Cell1085	1	16	11	6
Cell1086	1	6	11	4
Cell1088	1	6	11	4
Cell1089	1	16	11	6
Cell1090	1	14	16	8
Cell1092	1	6	11	4
Cell1093	1	4	1	16
Cell1094	1	10	12	14
Cell1095	1	6	11	4
Cell1096	1	14	16	8
Cell1097	1	4	1	16
Cell1098	1	6	11	4
Cell1099	1	15	9	9
Cell1100	1	9	13	3
Cell1101	1	3	5	12
Cell1102	1	13	14	2
Cell1103	1	14	16	8
Cell1104	1	3	5	12
Cell1105	1	11	10	5
Cell1106	1	2	2	13
Cell1108	1	8	12	7
Cell1109	1	7	3	11
Cell1110	1	15	9	9
Cell1111	1	4	1	16
Cell1112	1	8	12	7
Cell1113	1	13	14	2
Cell1114	1	11	10	5
Cell1115	1	8	12	7
Cell1116	1	2	2	13
Cell1117	1	7	3	11
Cell1118	1	3	5	12
Cell1119	1	15	9	9
Cell1120	1	2	2	13
Cell1121	1	16	11	6
Cell1122	1	9	13	3
Cell1123	1	13	14	2
Cell1124	1	6	11	4
Cell1125	1	16	11	6
Cell1126	1	13	14	2
Cell1127	1	9	13	3
Cell1128	1	11	10	5
Cell1129	1	10	12	14
Cell1131	1	11	10	5
Cell1132	1	11	10	5
Cell1133	1	6	11	4
Cell1134	1	6	11	4
Cell1135	1	15	9	9
Cell1137	1	13	14	2
Cell1138	1	15	9	9
Cell1139	1	13	14	2
Cell1140	1	9	13	3
Cell1141	1	12	6	10
Cell1142	1	12	6	10
Cell1143	1	12	7	10
Cell1144	1	6	11	4
Cell1145	1	12	7	10
Cell1146	1	10	12	14
Cell1147	1	15	9	9
Cell1148	1	5	14	1
Cell1149	1	4	1	16
Cell1150	1	2	2	13
Cell1151	1	16	8	6
Cell1152	1	7	3	11
Cell1153	1	1	8	15
Cell1154	1	1	8	15
Cell1155	1	5	14	1
Cell1156	1	7	3	11
Cell1157	1	6	11	4
Cell1158	1	10	12	14
Cell1159	1	4	15	16
Cell1160	1	4	15	16
Cell1161	1	7	3	11
Cell1162	1	1	8	15
Cell1163	1	2	2	13
Cell1164	1	7	3	11
Cell1165	1	3	5	12
Cell1166	1	2	2	13
Cell1167	1	1	8	15
Cell1168	1	11	10	5
Cell1169	1	14	16	8
Cell1170	1	2	2	13
Cell1172	1	9	13	3
Cell1173	1	5	14	1
Cell1174	1	5	14	1
Cell1175	1	10	12	14
Cell1176	1	13	14	2
Cell1177	1	7	3	11
Cell1178	1	9	13	3
Cell1179	1	7	3	11
Cell1180	1	16	11	6
Cell1181	1	8	12	7
Cell1182	1	11	10	5
Cell1183	1	6	11	4
Cell1184	1	3	5	12
Cell1185	1	2	2	13
Cell1186	1	12	7	10
Cell1187	1	16	8	6
Cell1188	1	7	3	11
Cell1189	1	5	14	1
Cell1190	1	14	16	8
Cell1191	1	14	16	8
Cell1192	1	13	14	2
Cell1193	1	11	10	5
Cell1194	1	5	14	1
Cell1196	1	6	11	4
Cell1197	1	7	3	11
Cell1198	1	12	6	10
Cell1199	1	2	2	13
Cell1200	1	9	13	3
Cell1201	1	1	8	15
Cell1202	1	14	16	8
Cell1203	1	2	2	13
Cell1204	1	13	14	2
Cell1205	1	1	8	15
Cell1206	1	5	14	1
Cell1207	1	5	14	1
Cell1208	1	11	10	5
Cell1209	1	6	11	4
Cell1210	1	8	12	7
Cell1211	1	9	13	3
Cell1212	1	8	12	7
Cell1214	1	13	14	2
Cell1215	1	8	12	7
Cell1217	1	9	13	3
Cell1218	1	8	12	7
Cell1219	1	7	3	11
Cell1220	1	7	3	11
Cell1221	1	7	3	11
Cell1222	1	5	14	1
Cell1223	1	7	3	11
Cell1225	1	3	5	12
Cell1226	1	7	3	11
Cell1227	1	12	6	10
Cell1228	1	3	5	12
Cell1229	1	15	9	9
Cell1230	1	3	5	12
Cell1231	1	1	8	15
Cell1232	1	14	16	8
Cell1233	1	12	6	10
Cell1234	1	8	12	7
Cell1235	1	5	14	1
Cell1236	1	3	5	12
Cell1237	1	9	13	3
Cell1238	1	6	11	4
Cell1239	1	10	12	14
Cell1240	1	12	4	10
Cell1241	1	10	12	14
Cell1242	1	4	15	16
Cell1243	1	12	6	10
Cell1244	1	15	9	9
Cell1245	1	10	12	14
Cell1246	1	11	10	5
Cell1247	1	10	12	14
Cell1248	1	15	9	9
Cell1249	1	4	1	16
Cell1250	1	11	10	5
Cell1251	1	7	3	11
Cell1252	1	9	13	3
Cell1253	1	14	16	8
Cell1254	1	12	6	10
Cell1255	1	3	5	12
Cell1256	1	2	2	13
Cell1257	1	10	12	14
Cell1258	1	13	14	2
Cell1259	1	14	16	8
Cell1260	1	7	3	11
Cell1261	1	4	1	16
Cell1262	1	9	13	3
Cell1263	1	4	15	16
Cell1264	1	9	13	3
Cell1265	1	13	14	2
Cell1266	1	6	11	4
Cell1267	1	1	8	15
Cell1268	1	1	8	15
Cell1269	1	12	4	10
Cell1270	1	10	12	14
Cell1271	1	9	13	3
Cell1272	1	15	9	9
Cell1273	1	16	11	6
Cell1275	1	9	13	3
Cell1277	1	13	14	2
Cell1278	1	4	15	16
Cell1279	1	13	14	2
Cell1280	1	13	14	2
Cell1281	1	11	10	5
Cell1282	1	9	13	3
Cell1283	1	15	9	9
Cell1284	1	4	1	16
Cell1285	1	4	1	16
Cell1286	1	13	14	2
Cell1287	1	4	1	16
Cell1289	1	13	14	2
Cell1290	1	10	12	14
Cell1292	1	9	13	3
Cell1293	1	5	14	1
Cell1294	1	12	4	10
Cell1295	1	10	12	14
Cell1296	1	12	6	10
Cell1297	1	4	15	16
Cell1298	1	8	12	7
Cell1299	1	16	11	6
Cell1300	1	2	2	13
Cell1301	1	6	11	4
Cell1302	1	7	3	11
Cell1303	1	16	11	6
Cell1304	1	14	16	8
Cell1305	1	16	11	6
Cell1306	1	8	12	7
Cell1307	1	7	3	11
Cell1308	1	15	9	9
Cell1309	1	10	12	14
Cell1310	1	4	1	16
Cell1311	1	5	14	1
Cell1312	1	3	5	12
Cell1313	1	11	10	5
Cell1314	1	3	5	12
Cell1315	1	14	16	8
Cell1316	1	4	1	16
Cell1317	1	11	10	5
Cell1318	1	12	6	10
Cell1319	1	10	12	14
Cell1320	1	3	5	12
Cell1321	1	6	11	4
Cell1322	1	9	13	3
Cell1323	1	3	5	12
Cell1324	1	2	2	13
Cell1325	1	6	11	4
Cell1326	1	7	3	11
Cell1327	1	3	5	12
Cell1328	1	8	12	7
Cell1329	1	9	13	3
Cell1330	1	6	11	4
Cell1331	1	3	5	12
Cell1332	1	10	12	14
Cell1333	1	6	11	4
Cell1334	1	4	1	16
Cell1335	1	14	16	8
Cell1336	1	6	11	4
Cell1337	1	5	14	1
Cell1338	1	1	8	15
Cell1339	1	7	3	6
Cell1340	1	8	12	7
Cell1341	1	6	11	4
Cell1343	1	15	9	9
Cell1344	1	14	16	8
Cell1345	1	2	2	13
Cell1346	1	4	15	16
Cell1347	1	5	14	1
Cell1348	1	15	9	9
Cell1350	1	5	14	1
Cell1351	1	8	12	7
Cell1352	1	6	11	4
Cell1353	1	2	2	13
Cell1355	1	4	1	16
Cell1356	1	14	16	8
Cell1357	1	8	12	7
Cell1358	1	12	4	10
Cell1359	1	10	12	14
Cell1360	1	4	1	16
Cell1361	1	11	10	5
Cell1362	1	15	9	9
Cell1364	1	16	11	6
Cell1365	1	6	11	4
Cell1366	1	3	5	12
Cell1367	1	12	7	10
Cell1368	1	9	13	3
Cell1369	1	14	16	8
Cell1370	1	11	10	5
Cell1371	1	1	8	15
Cell1372	1	6	11	4
Cell1373	1	14	16	8
Cell1374	1	7	3	11
Cell1375	1	14	16	8
Cell1376	1	13	14	2
Cell1377	1	15	9	9
Cell1378	1	15	9	9
Cell1379	1	5	14	1
Cell1380	1	5	14	1
Cell1381	1	15	9	9
Cell1383	1	9	13	3
Cell1385	1	10	12	14
Cell1387	1	6	11	4
Cell1388	1	5	14	1
Cell1389	1	9	13	3
Cell1390	1	14	16	8
Cell1391	1	7	3	11
Cell1392	1	1	8	15
Cell1393	1	2	2	13
Cell1394	1	12	6	10
Cell1395	1	4	15	16
Cell1396	1	4	15	16
Cell1397	1	9	13	3
Cell1398	1	13	14	2
Cell1399	1	3	5	12
Cell1400	1	10	12	14
Cell1401	1	4	1	16
Cell1402	1	14	16	8
Cell1403	1	13	14	2
Cell1404	1	14	16	8
Cell1406	1	14	16	8
Cell1407	1	2	2	13
Cell1408	1	10	12	14
Cell1409	1	16	11	6
Cell1411	1	5	14	1
Cell1412	1	7	3	11
Cell1413	1	13	14	2
Cell1414	1	15	9	9
Cell1415	1	15	9	9
Cell1416	1	1	8	15
Cell1417	1	10	12	14
Cell1418	1	16	11	6
Cell1419	1	10	12	14
Cell1420	1	2	2	13
Cell1421	1	16	11	6
Cell1422	1	8	12	7
Cell1423	1	1	8	15
Cell1424	1	13	14	2
Cell1425	1	6	11	4
Cell1426	1	15	9	9
Cell1427	1	9	13	3
Cell1428	1	15	9	9
Cell1429	1	5	14	1
Cell1430	1	13	14	2
Cell1431	1	2	2	13
Cell1432	1	9	13	3
Cell1433	1	4	1	16
Cell1434	1	8	12	7
Cell1435	1	3	5	12
Cell1436	1	10	12	14
Cell1437	1	13	14	2
Cell1438	1	8	12	7
Cell1439	1	2	2	13
Cell1440	1	10	12	14
Cell1441	1	15	9	9
Cell1442	1	5	14	1
Cell1443	1	9	13	3
Cell1444	1	1	8	15
Cell1445	1	15	9	9
Cell1446	1	5	14	1
Cell1447	1	11	10	5
Cell1448	1	5	14	1
Cell1449	1	4	1	16
Cell1450	1	7	3	11
Cell1451	1	3	5	12
Cell1452	1	16	11	6
Cell1453	1	2	2	13
Cell1454	1	12	7	10
Cell1455	1	5	14	1
Cell1456	1	12	6	10
Cell1457	1	2	2	13
Cell1458	1	3	5	12
Cell1459	1	13	14	2
Cell1460	1	14	16	8
Cell1461	1	12	4	10
Cell1462	1	7	3	11
Cell1463	1	12	6	10
Cell1466	1	3	5	12
Cell1467	1	8	12	7
Cell1468	1	2	2	13
Cell1469	1	12	7	10
Cell1470	1	3	5	12
Cell1471	1	7	3	11
Cell1473	1	5	14	1
Cell1474	1	6	11	4
Cell1475	1	13	14	2
Cell1476	1	2	2	13
Cell1477	1	12	4	10
Cell1478	1	5	14	1
Cell1479	1	12	4	10
Cell1480	1	16	11	6
Cell1481	1	13	14	2
Cell1482	1	4	15	16
Cell1483	1	9	13	3
Cell1484	1	9	13	3
Cell1485	1	3	5	12
Cell1486	1	12	7	10
Cell1487	1	10	12	14
Cell1488	1	2	2	13
Cell1489	1	16	11	6
Cell1490	1	10	12	14
Cell1491	1	9	13	3
Cell1492	1	1	8	15
Cell1493	1	9	13	3
Cell1494	1	8	12	7
Cell1495	1	5	14	1
Cell1496	1	12	7	10
Cell1497	1	5	14	1
Cell1498	1	16	11	6
Cell1499	1	7	3	11
Cell1500	1	14	16	8
Cell1501	1	1	8	15
Cell1502	1	14	16	8
Cell1503	1	6	11	4
Cell1504	1	14	16	8
Cell1505	1	13	14	2
Cell1506	1	3	5	12
Cell1507	1	15	9	9
Cell1508	1	5	14	1
Cell1509	1	11	10	5
Cell1510	1	6	11	4
Cell1511	1	11	10	5
Cell1512	1	14	16	8
Cell1513	1	4	1	16
Cell1514	1	9	13	3
Cell1515	1	5	14	1
Cell1516	1	4	1	16
Cell1518	1	2	2	13
Cell1519	1	16	11	6
Cell1520	1	10	12	14
Cell1521	1	11	10	5
Cell1522	1	16	11	6
Cell1523	1	5	14	1
Cell1524	1	7	3	11
Cell1525	1	7	3	11
Cell1526	1	16	11	6
Cell1527	1	6	11	4
Cell1528	1	2	2	13
Cell1529	1	16	11	6
Cell1530	1	7	3	11
Cell1531	1	12	6	10
Cell1532	1	10	12	14
Cell1533	1	3	5	12
Cell1534	1	12	6	10
Cell1535	1	10	12	14
Cell1536	1	2	2	13
Cell1537	1	8	12	7
Cell1538	1	2	2	13
Cell1539	1	6	11	4
Cell1540	1	4	15	16
Cell1541	1	1	8	15
Cell1542	1	3	5	12
Cell1543	1	9	13	3
Cell1544	1	11	10	5
Cell1545	1	2	2	13
Cell1547	1	12	4	10
Cell1548	1	6	11	4
Cell1549	1	4	1	6
Cell1551	1	8	12	7
Cell1552	1	8	12	7
Cell1553	1	14	16	8
Cell1554	1	12	6	10
Cell1555	1	11	10	5
Cell1556	1	13	14	2
Cell1557	1	12	4	10
Cell1558	1	11	10	5
Cell1559	1	9	13	3
Cell1560	1	14	16	8
Cell1561	1	8	12	7
Cell1564	1	8	12	7
Cell1565	1	5	14	1
Cell1566	1	12	4	10
Cell1567	1	11	10	5
Cell1568	1	5	14	1
Cell1569	1	11	10	5
Cell1570	1	4	15	16
Cell1571	1	7	3	11
Cell1572	1	3	5	12
Cell1573	1	5	14	1
Cell1574	1	7	3	11
Cell1575	1	12	4	10
Cell1576	1	10	12	14
Cell1577	1	2	2	13
Cell1578	1	14	16	8
Cell1579	1	4	15	16
Cell1580	1	9	13	3
Cell1581	1	12	6	10
Cell1582	1	14	16	8
Cell1583	1	9	13	3
Cell1584	1	2	2	13
Cell1585	1	11	10	5
Cell1586	1	16	11	6
Cell1587	1	5	14	1
Cell1589	1	8	12	7
Cell1590	1	12	7	10
Cell1591	1	4	1	16
Cell1592	1	12	6	10
Cell1593	1	7	3	11
Cell1594	1	4	15	16
Cell1595	1	15	9	9
Cell1597	1	13	14	2
Cell1598	1	14	16	8
Cell1599	1	11	10	5
Cell1600	1	1	8	15
Cell1601	1	3	5	12
Cell1602	1	14	16	8
Cell1603	1	2	2	13
Cell1604	1	16	11	6
Cell1605	1	2	2	13
Cell1606	1	4	15	16
Cell1607	1	6	11	4
Cell1608	1	10	12	14
Cell1609	1	5	14	1
Cell1610	1	4	15	16
Cell1611	1	12	7	10
Cell1612	1	2	2	13
Cell1613	1	7	3	11
Cell1614	1	5	14	1
Cell1615	1	4	15	16
Cell1616	1	6	11	4
Cell1617	1	6	11	4
Cell1618	1	12	4	10
Cell1619	1	8	12	7
Cell1620	1	11	10	5
Cell1622	1	14	16	8
Cell1623	1	9	13	3
Cell1624	1	1	8	15
Cell1626	1	14	16	8
Cell1627	1	10	12	14
Cell1628	1	9	13	3
Cell1629	1	1	8	15
Cell1630	1	12	6	10
Cell1631	1	7	3	11
Cell1632	1	5	14	1
Cell1633	1	13	14	2
Cell1634	1	10	12	14
Cell1635	1	14	16	8
Cell1636	1	5	14	1
Cell1639	1	1	8	15
Cell1640	1	3	5	12
Cell1641	1	8	12	7
Cell1642	1	1	8	15
Cell1643	1	3	5	12
Cell1644	1	7	3	11
Cell1645	1	6	11	6
Cell1646	1	6	11	4
Cell1647	1	3	5	12
Cell1648	1	14	16	8
Cell1649	1	6	11	4
Cell1650	1	10	12	14
Cell1651	1	8	12	7
Cell1652	1	5	14	1
Cell1653	1	11	10	5
Cell1654	1	13	14	2
Cell1655	1	5	14	1
Cell1656	1	3	5	12
Cell1657	1	10	12	14
Cell1658	1	2	2	13
Cell1659	1	3	5	12
Cell1660	1	5	14	1
Cell1661	1	2	2	13
Cell1662	1	15	9	9
Cell1663	1	9	13	3
Cell1664	1	8	12	7
Cell1665	1	2	2	13
Cell1666	1	14	16	8
Cell1667	1	5	14	1
Cell1668	1	16	11	6
Cell1669	1	10	12	14
Cell1670	1	6	11	4
Cell1671	1	16	11	6
Cell1672	1	9	13	3
Cell1673	1	14	16	8
Cell1674	1	2	2	13
Cell1675	1	10	12	14
Cell1676	1	3	5	12
Cell1677	1	3	5	12
Cell1678	1	9	13	3
Cell1679	1	7	3	11
Cell1680	1	4	1	16
Cell1681	1	5	14	1
Cell1682	1	6	11	4
Cell1684	1	9	13	3
Cell1685	1	6	11	4
Cell1686	1	5	14	1
Cell1687	1	14	16	8
Cell1688	1	13	14	2
Cell1689	1	3	5	12
Cell1690	1	2	2	13
Cell1691	1	12	7	10
Cell1692	1	5	14	1
Cell1694	1	11	10	5
Cell1695	1	16	11	6
Cell1696	1	16	11	6
Cell1697	1	9	13	3
Cell1698	1	13	14	2
Cell1699	1	14	16	8
Cell1700	1	7	3	11
Cell1701	1	13	14	2
Cell1702	1	3	5	12
Cell1703	1	16	11	6
Cell1704	1	13	14	2
Cell1705	1	6	11	4
Cell1706	1	3	5	12
Cell1707	1	3	5	12
Cell1708	1	16	11	6
Cell1709	1	6	11	4
Cell1710	1	1	8	15
Cell1711	1	10	12	14
Cell1712	1	9	13	3
Cell1713	1	7	3	11
Cell1714	1	1	8	15
Cell1715	1	14	16	8
Cell1716	1	3	5	12
Cell1717	1	1	8	15
Cell1718	1	6	11	4
Cell1719	1	16	11	6
Cell1720	1	9	13	3
Cell1721	1	6	11	4
Cell1722	1	15	9	9
Cell1723	1	13	14	2
Cell1724	1	1	8	15
Cell1725	1	12	4	10
Cell1726	1	2	2	13
Cell1727	1	1	8	15
Cell1728	1	16	11	6
Cell1729	1	5	14	1
Cell1730	1	5	14	1
Cell1731	1	14	16	8
Cell1732	1	7	3	11
Cell1733	1	9	13	3
Cell1734	1	1	8	15
Cell1735	1	2	2	13
Cell1738	1	8	12	7
Cell1739	1	11	10	5
Cell1740	1	14	16	8
Cell1741	1	7	3	11
Cell1742	1	8	12	7
Cell1743	1	4	1	16
Cell1744	1	16	11	6
Cell1745	1	2	2	13
Cell1746	1	10	12	14
Cell1747	1	2	2	13
Cell1748	1	6	11	4
Cell1749	1	4	15	16
Cell1750	1	1	8	15
Cell1751	1	8	12	7
Cell1752	1	7	3	11
Cell1754	1	1	8	15
Cell1756	1	16	11	6
Cell1757	1	11	10	5
Cell1758	1	1	8	15
Cell1759	1	11	10	5
Cell1760	1	10	12	14
Cell1761	1	11	10	5
Cell1762	1	13	14	2
Cell1763	1	13	14	2
Cell1764	1	12	4	10
Cell1765	1	7	3	11
Cell1766	1	8	12	7
Cell1767	1	10	12	14
Cell1768	1	8	12	7
Cell1769	1	4	1	16
Cell1770	1	14	16	8
Cell1771	1	8	12	7
Cell1772	1	3	5	12
Cell1773	1	5	14	1
Cell1774	1	15	9	9
Cell1775	1	15	9	9
Cell1776	1	16	11	6
Cell1777	1	12	4	10
Cell1778	1	7	3	11
Cell1779	1	11	10	5
Cell1780	1	1	8	15
Cell1781	1	2	2	13
Cell1782	1	4	15	16
Cell1783	1	8	12	7
Cell1784	1	10	12	14
Cell1785	1	7	3	11
Cell1786	1	6	11	4
Cell1787	1	9	13	3
Cell1788	1	3	5	12
Cell1789	1	2	2	13
Cell1790	1	1	8	15
Cell1792	1	9	13	3
Cell1793	1	1	8	15
Cell1794	1	5	14	1
Cell1795	1	7	3	11
Cell1796	1	16	11	6
Cell1797	1	13	14	2
Cell1798	1	9	13	3
Cell1799	1	14	16	6
Cell1801	1	13	14	2
Cell1802	1	7	3	11
Cell1803	1	8	12	7
Cell1804	1	1	8	15
Cell1805	1	2	2	13
Cell1806	1	16	11	6
Cell1807	1	10	12	14
Cell1808	1	5	14	1
Cell1809	1	16	11	6
Cell1810	1	15	9	9
Cell1811	1	7	3	11
Cell1812	1	16	11	6
Cell1814	1	9	13	3
Cell1815	1	1	8	15
Cell1816	1	8	12	7
Cell1817	1	8	12	7
Cell1818	1	1	8	15
Cell1819	1	8	12	7
Cell1820	1	16	11	6
Cell1821	1	5	14	1
Cell1822	1	15	9	9
Cell1823	1	14	16	8
Cell1824	1	13	14	2
Cell1826	1	6	11	4
Cell1827	1	5	14	1
Cell1829	1	9	13	3
Cell1830	1	8	12	7
Cell1831	1	11	10	5
Cell1832	1	13	14	2
Cell1833	1	3	5	12
Cell1834	1	3	5	12
Cell1835	1	6	11	4
Cell1836	1	10	12	14
Cell1837	1	10	12	14
Cell1838	1	3	5	12
Cell1839	1	2	2	13
Cell1840	1	10	12	14
Cell1841	1	15	9	9
Cell1842	1	13	14	2
Cell1843	1	8	12	7
Cell1844	1	7	3	11
Cell1845	1	6	11	4
Cell1846	1	16	11	6
Cell1848	1	8	12	7
Cell1850	1	1	8	15
Cell1851	1	11	10	5
Cell1852	1	7	3	11
Cell1853	1	15	9	9
Cell1854	1	13	14	2
Cell1855	1	2	2	13
Cell1856	1	6	11	4
Cell1857	1	11	10	5
Cell1858	1	11	10	5
Cell1859	1	15	9	9
Cell1860	1	6	11	4
Cell1861	1	6	11	4
Cell1862	1	7	3	11
Cell1863	1	7	3	11
Cell1864	1	13	14	2
Cell1865	1	4	15	16
Cell1866	1	1	8	15
Cell1868	1	5	14	1
Cell1869	1	12	4	10
Cell1870	1	16	11	6
Cell1871	1	15	9	9
Cell1872	1	2	2	13
Cell1873	1	11	10	5
Cell1874	1	16	11	6
Cell1875	1	3	5	12
Cell1876	1	5	14	1
Cell1877	1	2	2	13
Cell1879	1	11	10	5
Cell1880	1	10	12	14
Cell1881	1	4	1	16
Cell1882	1	11	10	5
Cell1883	1	1	8	15
Cell1884	1	6	11	4
Cell1885	1	1	8	15
Cell1886	1	10	12	14
Cell1887	1	6	11	4
Cell1888	1	13	14	2
Cell1889	1	10	12	14
Cell1890	1	7	3	11
Cell1891	1	11	10	5
Cell1892	1	8	12	7
Cell1893	1	11	10	5
Cell1894	1	3	5	12
Cell1895	1	3	5	12
Cell1896	1	4	15	16
Cell1897	1	3	5	12
Cell1898	1	14	16	8
Cell1899	1	1	8	15
Cell1900	1	9	13	3
Cell1901	1	1	8	15
Cell1902	1	6	11	4
Cell1903	1	6	11	4
Cell1904	1	3	5	12
Cell1905	1	2	2	13
Cell1906	1	14	16	8
Cell1907	1	6	11	4
Cell1908	1	2	2	6
Cell1909	1	3	5	12
Cell1910	1	10	12	14
Cell1911	1	15	9	9
Cell1912	1	6	11	4
Cell1913	1	9	13	3
Cell1914	1	10	12	14
Cell1915	1	10	12	14
Cell1916	1	3	5	12
Cell1917	1	7	3	11
Cell1918	1	11	10	5
Cell1919	1	5	14	1
Cell1920	1	11	10	5
Cell1921	1	5	14	1
Cell1922	1	9	13	3
Cell1923	1	13	14	2
Cell1924	1	10	12	14
Cell1925	1	3	5	12
Cell1926	1	11	10	5
Cell1927	1	10	12	14
Cell1928	1	5	14	1
Cell1929	1	11	10	5
Cell1930	1	13	14	2
Cell1931	1	11	10	5
Cell1932	1	6	11	4
Cell1933	1	8	12	7
Cell1934	1	10	12	14
Cell1935	1	9	13	3
Cell1936	1	9	13	3
Cell1937	1	10	12	14
Cell1938	1	5	14	1
Cell1939	1	6	11	4
Cell1940	1	16	11	6
Cell1942	1	4	15	16
Cell1943	1	6	11	4
Cell1944	1	9	13	3
Cell1945	1	3	5	12
Cell1947	1	9	13	3
Cell1948	1	10	12	14
Cell1949	1	3	5	12
Cell1950	1	15	9	9
Cell1952	1	3	5	12
Cell1953	1	15	9	9
Cell1954	1	8	12	7
Cell1955	1	2	2	13
Cell1956	1	10	12	14
Cell1957	1	5	14	1
Cell1958	1	15	9	9
Cell1959	1	16	11	6
Cell1960	1	15	9	9
Cell1961	1	9	13	3
Cell1962	1	5	14	1
Cell1963	1	9	13	3
Cell1964	1	11	10	5
Cell1965	1	5	14	1
Cell1968	1	2	2	13
Cell1969	1	5	14	1
Cell1970	1	4	1	16
Cell1972	1	6	11	4
Cell1973	1	9	13	3
Cell1974	1	6	11	4
Cell1975	1	14	16	8
Cell1976	1	6	11	4
Cell1977	1	11	10	5
Cell1978	1	2	2	13
Cell1979	1	7	3	11
Cell1980	1	8	12	7
Cell1981	1	4	1	16
Cell1982	1	8	12	7
Cell1983	1	7	3	11
Cell1984	1	5	14	1
Cell1985	1	3	5	12
Cell1986	1	3	5	12
Cell1987	1	10	12	14
Cell1988	1	13	14	2
Cell1989	1	10	12	14
Cell1990	1	8	12	7
Cell1991	1	13	14	2
Cell1992	1	16	11	6
Cell1993	1	13	14	2
Cell1994	1	6	11	4
Cell1995	1	7	3	11
Cell1996	1	1	8	15
Cell1997	1	16	11	6
Cell1998	1	1	8	15
Cell1999	1	12	6	10
Cell2000	1	8	12	7
Cell2001	1	13	14	2
Cell2002	1	15	9	9
Cell2003	1	2	2	13
Cell2004	1	16	11	4
Cell2005	1	4	15	16
Cell2006	1	9	13	3
Cell2007	1	4	15	16
Cell2008	1	1	8	15
Cell2009	1	6	11	4
Cell2010	1	14	16	8
Cell2012	1	6	11	6
Cell2013	1	6	11	4
Cell2014	1	5	14	1
Cell2015	1	5	14	1
Cell2016	1	14	16	8
Cell2017	1	6	11	4
Cell2018	1	3	5	12
Cell2019	1	2	2	13
Cell2020	1	8	12	7
Cell2021	1	13	14	2
Cell2022	1	12	6	10
Cell2023	1	2	2	13
Cell2024	1	6	11	4
Cell2025	1	1	8	15
Cell2026	1	2	2	13
Cell2028	1	4	15	16
Cell2029	1	9	13	3
Cell2030	1	13	14	2
Cell2031	1	3	5	12
Cell2032	1	3	5	12
Cell2033	1	6	11	4
Cell2034	1	8	12	7
Cell2035	1	8	12	7
Cell2037	1	12	6	10
Cell2038	1	5	14	1
Cell2039	1	13	14	2
Cell2040	1	14	16	8
Cell2041	1	14	16	8
Cell2043	1	1	8	15
Cell2044	1	10	12	14
Cell2045	1	15	9	9
Cell2046	1	1	8	15
Cell2047	1	15	9	9
Cell2048	1	4	15	16
Cell2049	1	4	1	16
Cell2050	1	16	11	6
Cell2051	1	10	12	14
Cell2052	1	8	12	7
Cell2053	1	3	5	12
Cell2054	1	6	11	4
Cell2055	1	9	13	3
Cell2056	1	4	1	16
Cell2057	1	6	11	4
Cell2058	1	3	5	12
Cell2059	1	11	10	5
Cell2060	1	16	11	6
Cell2061	1	4	15	16
Cell2062	1	10	12	14
Cell2063	1	1	8	15
Cell2064	1	2	2	13
Cell2065	1	15	9	9
Cell2066	1	16	11	6
Cell2067	1	10	12	14
Cell2068	1	13	14	2
Cell2069	1	12	7	10
Cell2070	1	2	2	13
Cell2071	1	8	12	7
Cell2072	1	16	11	6
Cell2073	1	11	10	5
Cell2074	1	12	6	10
Cell2075	1	7	3	11
Cell2076	1	13	14	2
Cell2077	1	15	9	9
Cell2078	1	6	11	4
Cell2080	1	11	10	5
Cell2082	1	8	12	7
Cell2083	1	5	14	1
Cell2084	1	4	1	16
Cell2085	1	15	9	9
Cell2086	1	10	12	14
Cell2087	1	5	14	1
Cell2088	1	8	12	7
Cell2089	1	5	14	1
Cell2090	1	9	13	3
Cell2091	1	13	14	2
Cell2092	1	12	7	10
Cell2093	1	7	3	11
Cell2095	1	12	4	10
Cell2096	1	15	9	9
Cell2097	1	13	14	2
Cell2098	1	3	5	12
Cell2099	1	2	2	6
Cell2100	1	5	14	1
Cell2101	1	5	14	1
Cell2102	1	8	12	7
Cell2103	1	13	14	2
Cell2104	1	3	5	12
Cell2105	1	2	2	13
Cell2106	1	12	6	10
Cell2107	1	11	10	5
Cell2108	1	13	14	2
Cell2109	1	4	1	16
Cell2110	1	14	16	8
Cell2111	1	1	8	15
Cell2112	1	6	11	4
Cell2113	1	3	5	12
Cell2114	1	10	12	14
Cell2115	1	11	10	5
Cell2116	1	14	16	8
Cell2118	1	1	8	15
Cell2119	1	13	14	2
Cell2120	1	10	12	14
Cell2121	1	14	16	8
Cell2122	1	6	11	4
Cell2123	1	7	3	11
Cell2124	1	1	8	15
Cell2126	1	6	11	4
Cell2127	1	13	14	2
Cell2128	1	10	12	14
Cell2129	1	5	14	1
Cell2130	1	15	9	9
Cell2131	1	5	14	1
Cell2133	1	16	11	6
Cell2135	1	16	11	6
Cell2136	1	10	12	14
Cell2137	1	10	12	14
Cell2138	1	3	5	12
Cell2139	1	12	7	10
Cell2140	1	7	3	11
Cell2141	1	11	10	5
Cell2142	1	1	8	15
Cell2143	1	13	14	2
Cell2144	1	8	12	7
Cell2145	1	8	12	7
Cell2146	1	3	5	12
Cell2147	1	4	1	16
Cell2148	1	6	11	4
Cell2149	1	16	11	6
Cell2150	1	1	8	15
Cell2151	1	6	11	4
Cell2152	1	11	10	5
Cell2153	1	3	5	12
Cell2154	1	8	12	7
Cell2155	1	4	15	16
Cell2156	1	7	3	11
Cell2157	1	12	7	10
Cell2158	1	7	3	11
Cell2159	1	16	11	6
Cell2161	1	15	9	9
Cell2162	1	9	13	3
Cell2164	1	8	12	7
Cell2165	1	10	12	14
Cell2166	1	12	7	10
Cell2167	1	9	13	3
Cell2168	1	16	11	6
Cell2169	1	3	5	12
Cell2170	1	11	10	5
Cell2171	1	13	14	2
Cell2172	1	7	3	11
Cell2173	1	8	12	7
Cell2174	1	7	3	11
Cell2175	1	14	16	8
Cell2176	1	7	3	11
Cell2177	1	12	6	10
Cell2178	1	9	13	3
Cell2179	1	7	3	11
Cell2180	1	5	14	1
Cell2181	1	1	8	15
Cell2182	1	2	2	13
Cell2183	1	12	4	10
Cell2184	1	7	3	11
Cell2185	1	3	5	12
Cell2186	1	1	8	15
Cell2187	1	9	13	3
Cell2188	1	13	14	2
Cell2189	1	7	3	11
Cell2190	1	4	15	16
Cell2191	1	8	12	7
Cell2192	1	4	1	16
Cell2193	1	5	14	1
Cell2194	1	9	13	3
Cell2195	1	13	14	2
Cell2196	1	7	3	11
Cell2197	1	14	16	8
Cell2198	1	1	8	15
Cell2199	1	2	2	13
Cell2200	1	3	5	12
Cell2201	1	15	9	9
Cell2202	1	6	11	4
Cell2203	1	13	14	2
Cell2204	1	6	11	4
Cell2205	1	1	8	15
Cell2206	1	8	12	7
Cell2207	1	13	14	2
Cell2208	1	10	12	14
Cell2209	1	8	12	7
Cell2210	1	15	9	9
Cell2211	1	4	1	16
Cell2212	1	13	14	2
Cell2213	1	8	12	7
Cell2214	1	14	16	6
Cell2215	1	1	8	6
Cell2216	1	12	7	10
Cell2217	1	1	8	15
Cell2218	1	4	15	16
Cell2219	1	8	12	7
Cell2220	1	5	14	1
Cell2221	1	6	11	4
Cell2222	1	7	3	11
Cell2223	1	8	12	7
Cell2224	1	5	14	1
Cell2225	1	13	14	2
Cell2226	1	1	8	15
Cell2227	1	3	5	12
Cell2228	1	4	1	6
Cell2229	1	14	16	8
Cell2230	1	13	14	2
Cell2231	1	13	14	2
Cell2232	1	4	15	16
Cell2235	1	2	2	13
Cell2236	1	7	3	11
Cell2237	1	12	4	10
Cell2238	1	2	2	13
Cell2239	1	11	10	5
Cell2240	1	5	14	1
Cell2241	1	4	15	16
Cell2242	1	14	16	8
Cell2243	1	15	9	9
Cell2244	1	5	14	1
Cell2245	1	12	4	10
Cell2246	1	5	14	1
Cell2247	1	12	4	10
Cell2248	1	13	14	2
Cell2249	1	3	5	12
Cell2250	1	14	16	8
Cell2251	1	8	12	7
Cell2252	1	3	5	12
Cell2253	1	13	14	2
Cell2254	1	8	12	7
Cell2255	1	7	3	11
Cell2256	1	3	5	12
Cell2257	1	2	2	13
Cell2258	1	2	2	13
Cell2259	1	10	12	14
Cell2260	1	13	14	2
Cell2261	1	6	11	4
Cell2262	1	16	11	6
Cell2263	1	1	8	15
Cell2264	1	10	12	14
Cell2265	1	6	11	4
Cell2266	1	8	12	7
Cell2267	1	5	14	1
Cell2268	1	2	2	13
Cell2269	1	16	11	6
Cell2270	1	10	12	14
Cell2271	1	5	14	1
Cell2272	1	14	16	8
Cell2273	1	10	12	14
Cell2274	1	7	3	6
Cell2275	1	6	11	4
Cell2276	1	11	10	5
Cell2277	1	15	9	9
Cell2278	1	2	2	13
Cell2279	1	11	10	5
Cell2280	1	16	11	6
Cell2281	1	2	2	13
Cell2282	1	15	9	9
Cell2283	1	12	6	10
Cell2284	1	2	2	13
Cell2285	1	3	5	12
Cell2287	1	15	9	9
Cell2288	1	2	2	13
Cell2289	1	13	14	2
Cell2290	1	6	11	4
Cell2291	1	7	3	11
Cell2292	1	6	11	4
Cell2293	1	4	15	16
Cell2294	1	3	5	12
Cell2295	1	14	16	8
Cell2297	1	2	2	13
Cell2298	1	11	10	5
Cell2299	1	3	5	12
Cell2300	1	5	14	1
Cell2301	1	10	12	14
Cell2302	1	13	14	2
Cell2303	1	8	12	7
Cell2304	1	6	11	4
Cell2305	1	9	13	3
Cell2306	1	15	9	9
Cell2307	1	12	6	10
Cell2308	1	8	12	7
Cell2310	1	4	15	16
Cell2311	1	5	14	1
Cell2312	1	2	2	6
Cell2313	1	8	12	7
Cell2314	1	2	2	13
Cell2315	1	12	4	10
Cell2316	1	2	2	13
Cell2317	1	3	5	12
Cell2318	1	9	13	3
Cell2319	1	3	5	12
Cell2320	1	2	2	13
Cell2321	1	1	8	15
Cell2322	1	1	8	15
Cell2323	1	13	14	2
Cell2324	1	10	12	14
Cell2325	1	3	5	12
Cell2326	1	15	9	9
Cell2327	1	7	3	11
Cell2328	1	1	8	15
Cell2329	1	15	9	9
Cell2330	1	5	14	1
Cell2331	1	10	12	14
Cell2332	1	7	3	11
Cell2333	1	5	14	1
Cell2335	1	11	10	5
Cell2336	1	2	2	13
Cell2338	1	1	8	15
Cell2339	1	5	14	1
Cell2340	1	15	9	9
Cell2341	1	1	8	15
Cell2342	1	16	11	6
Cell2343	1	12	6	10
Cell2344	1	3	5	12
Cell2345	1	3	5	12
Cell2346	1	2	2	13
Cell2347	1	1	8	15
Cell2348	1	7	3	11
Cell2349	1	13	14	2
Cell2350	1	16	11	6
Cell2351	1	8	12	7
Cell2352	1	5	14	1
Cell2353	1	14	16	8
Cell2354	1	9	13	3
Cell2355	1	12	6	10
Cell2356	1	3	5	12
Cell2357	1	6	11	4
Cell2358	1	8	12	7
Cell2359	1	3	5	12
Cell2360	1	2	2	13
Cell2361	1	3	5	12
Cell2362	1	13	14	2
Cell2363	1	14	16	8
Cell2364	1	11	10	5
Cell2365	1	3	5	12
Cell2366	1	9	13	3
Cell2367	1	9	13	3
Cell2368	1	11	10	5
Cell2369	1	9	13	3
Cell2370	1	10	12	14
Cell2371	1	11	10	5
Cell2372	1	6	11	4
Cell2373	1	13	14	2
Cell2374	1	9	13	3
Cell2375	1	8	12	7
Cell2376	1	6	11	4
Cell2377	1	6	11	4
Cell2378	1	8	12	7
Cell2379	1	3	5	12
Cell2380	1	4	15	16
Cell2381	1	2	2	13
Cell2383	1	11	10	5
Cell2384	1	9	13	3
Cell2385	1	16	11	6
Cell2386	1	7	3	11
Cell2387	1	7	3	11
Cell2388	1	4	1	16
Cell2389	1	13	14	2
Cell2390	1	14	16	8
Cell2391	1	2	2	13
Cell2392	1	7	3	11
Cell2393	1	5	14	1
Cell2394	1	15	9	9
Cell2395	1	3	5	12
Cell2396	1	8	12	7
Cell2397	1	7	3	11
Cell2398	1	16	11	6
Cell2399	1	15	9	9
Cell2400	1	4	15	16
Cell2401	1	13	14	2
Cell2402	1	12	4	10
Cell2403	1	6	11	4
Cell2404	1	10	12	14
Cell2405	1	13	14	2
Cell2406	1	2	2	13
Cell2407	1	10	12	14
Cell2408	1	1	8	15
Cell2409	1	1	8	15
Cell2412	1	7	3	11
Cell2413	1	16	11	6
Cell2414	1	14	16	8
Cell2415	1	12	7	10
Cell2417	1	1	8	15
Cell2418	1	12	4	10
Cell2419	1	5	14	1
Cell2421	1	3	5	12
Cell2422	1	8	12	7
Cell2423	1	9	13	3
Cell2424	1	11	10	5
Cell2425	1	4	15	16
Cell2426	1	15	9	9
Cell2427	1	3	5	12
Cell2428	1	11	10	5
Cell2429	1	5	14	1
Cell2430	1	15	9	9
Cell2431	1	15	9	9
Cell2432	1	8	12	7
Cell2433	1	6	11	4
Cell2434	1	8	12	7
Cell2436	1	12	6	10
Cell2437	1	16	11	6
Cell2438	1	1	8	15
Cell2439	1	2	2	13
Cell2440	1	11	10	5
Cell2441	1	8	12	7
Cell2442	1	13	14	2
Cell2443	1	5	14	1
Cell2444	1	11	10	5
Cell2445	1	2	2	13
Cell2446	1	4	1	16
Cell2447	1	10	12	14
Cell2448	1	10	12	14
Cell2449	1	6	11	4
Cell2450	1	13	14	2
Cell2451	1	11	10	5
Cell2452	1	7	3	11
Cell2453	1	16	11	6
Cell2455	1	15	9	9
Cell2456	1	9	13	3
Cell2458	1	3	5	12
Cell2459	1	2	2	13
Cell2460	1	5	14	1
Cell2461	1	3	5	12
Cell2462	1	9	13	3
Cell2464	1	11	10	5
Cell2465	1	9	13	3
Cell2466	1	6	11	4
Cell2468	1	2	2	13
Cell2469	1	15	9	9
Cell2470	1	4	1	16
Cell2471	1	5	14	1
Cell2472	1	5	14	1
Cell2473	1	11	10	5
Cell2474	1	1	8	15
Cell2475	1	14	16	8
Cell2476	1	14	16	6
Cell2477	1	6	11	4
Cell2478	1	9	13	3
Cell2479	1	12	6	10
Cell2480	1	5	14	1
Cell2481	1	14	16	8
Cell2482	1	2	2	13
Cell2483	1	9	13	3
Cell2484	1	7	3	11
Cell2485	1	5	14	1
Cell2486	1	4	15	16
Cell2487	1	11	10	5
Cell2488	1	12	4	10
Cell2489	1	4	1	16
Cell2490	1	2	2	13
Cell2491	1	11	10	5
Cell2492	1	5	14	1
Cell2493	1	1	8	15
Cell2494	1	7	3	11
Cell2495	1	4	15	16
Cell2496	1	13	14	2
Cell2497	1	4	15	16
Cell2498	1	6	11	6
Cell2499	1	3	5	12
Cell2500	1	16	11	6
Cell2501	1	16	11	6
Cell2502	1	15	9	9
Cell2503	1	12	4	10
Cell2504	1	6	11	4
Cell2505	1	8	12	7
Cell2506	1	14	16	8
Cell2507	1	5	14	1
Cell2508	1	8	12	7
Cell2509	1	9	13	3
Cell2510	1	16	11	6
Cell2511	1	15	9	9
Cell2512	1	9	13	3
Cell2513	1	4	15	16
Cell2514	1	15	9	9
Cell2515	1	15	9	9
Cell2516	1	5	14	1
Cell2517	1	5	14	1
Cell2518	1	12	4	10
Cell2519	1	4	1	16
Cell2520	1	15	9	9
Cell2521	1	13	14	2
Cell2522	1	8	12	7
Cell2523	1	12	7	10
Cell2524	1	3	5	12
Cell2525	1	6	11	6
Cell2526	1	4	1	16
Cell2527	1	12	4	10
Cell2528	1	11	10	5
Cell2529	1	6	11	4
Cell2530	1	5	14	1
Cell2531	1	5	14	1
Cell2532	1	16	11	6
Cell2533	1	4	1	16
Cell2534	1	5	14	1
Cell2535	1	15	9	9
Cell2536	1	5	14	1
Cell2537	1	8	12	7
Cell2538	1	13	14	2
Cell2539	1	7	3	11
Cell2540	1	3	5	12
Cell2541	1	7	3	11
Cell2542	1	7	3	11
Cell2543	1	14	16	8
Cell2544	1	1	8	15
Cell2545	1	1	8	15
Cell2546	1	13	14	2
Cell2547	1	15	9	9
Cell2548	1	9	13	3
Cell2549	1	16	11	6
Cell2550	1	2	2	13
Cell2551	1	12	7	10
Cell2553	1	10	12	14
Cell2554	1	14	16	8
Cell2555	1	9	13	3
Cell2556	1	16	11	6
Cell2557	1	11	10	5
Cell2558	1	8	12	7
Cell2559	1	11	10	5
Cell2560	1	9	13	3
Cell2561	1	12	6	10
Cell2562	1	2	2	13
Cell2563	1	5	14	1
Cell2564	1	13	14	2
Cell2565	1	8	12	7
Cell2566	1	14	16	8
Cell2567	1	1	8	15
Cell2568	1	9	13	3
Cell2569	1	6	11	4
Cell2570	1	1	8	15
Cell2571	1	3	5	12
Cell2572	1	7	3	11
Cell2573	1	1	8	15
Cell2574	1	4	1	16
Cell2575	1	4	1	16
Cell2576	1	12	7	10
Cell2577	1	4	1	16
Cell2579	1	1	8	15
Cell2580	1	10	12	14
Cell2581	1	13	14	2
Cell2582	1	5	14	1
Cell2583	1	12	4	10
Cell2584	1	12	6	10
Cell2585	1	16	11	6
Cell2586	1	13	14	2
Cell2587	1	7	3	11
Cell2588	1	10	12	14
Cell2589	1	10	12	14
Cell2590	1	3	5	12
Cell2591	1	13	14	2
Cell2592	1	12	7	10
Cell2593	1	6	11	4
Cell2594	1	13	14	2
Cell2595	1	10	12	14
Cell2597	1	5	14	1
Cell2598	1	3	5	12
Cell2599	1	9	13	3
Cell2600	1	4	1	16
Cell2601	1	2	2	13
Cell2602	1	2	2	13
Cell2603	1	10	12	14
Cell2604	1	8	12	7
Cell2605	1	14	16	9
Cell2606	1	13	14	2
Cell2607	1	10	12	14
Cell2608	1	4	15	16
Cell2609	1	12	6	10
Cell2610	1	15	9	9
Cell2611	1	2	2	13
Cell2612	1	13	14	2
Cell2613	1	1	8	15
Cell2614	1	5	14	1
Cell2615	1	12	7	10
Cell2616	1	5	14	1
Cell2619	1	12	7	10
Cell2620	1	4	15	16
Cell2621	1	9	13	3
Cell2622	1	3	5	12
Cell2623	1	4	1	16
Cell2624	1	12	4	10
Cell2625	1	2	2	13
Cell2626	1	3	5	12
Cell2627	1	13	14	2
Cell2628	1	14	16	8
Cell2629	1	8	12	7
Cell2630	1	1	8	15
Cell2631	1	4	1	16
Cell2632	1	6	11	4
Cell2633	1	3	5	12
Cell2634	1	9	13	3
Cell2635	1	4	1	16
Cell2636	1	16	11	6
Cell2637	1	4	15	16
Cell2638	1	8	12	7
Cell2639	1	1	8	15
Cell2640	1	15	9	9
Cell2641	1	11	10	5
Cell2642	1	3	5	12
Cell2643	1	15	9	9
Cell2644	1	14	16	8
Cell2645	1	8	12	7
Cell2646	1	1	8	15
Cell2647	1	4	1	16
Cell2648	1	11	10	5
Cell2650	1	11	10	5
Cell2651	1	15	9	9
Cell2652	1	13	14	2
Cell2653	1	1	8	15
Cell2654	1	1	8	15
Cell2656	1	16	11	6
Cell2657	1	2	2	13
Cell2658	1	2	2	13
Cell2660	1	12	6	10
Cell2661	1	3	5	12
Cell2662	1	3	5	12
Cell2663	1	16	11	6
Cell2664	1	1	8	15
Cell2665	1	13	14	2
Cell2666	1	5	14	1
Cell2667	1	13	14	2
Cell2668	1	8	12	7
Cell2669	1	11	10	5
Cell2670	1	15	9	9
Cell2671	1	11	10	5
Cell2672	1	16	11	6
Cell2673	1	13	14	2
Cell2674	1	5	14	1
Cell2675	1	9	13	3
Cell2676	1	7	3	11
Cell2677	1	12	6	10
Cell2678	1	13	14	2
Cell2679	1	2	2	13
Cell2680	1	16	11	6
Cell2681	1	1	8	15
Cell2683	1	11	10	5
Cell2684	1	7	3	11
Cell2685	1	3	5	12
Cell2686	1	16	11	6
Cell2687	1	11	10	5
Cell2688	1	3	5	12
Cell2689	1	1	8	15
Cell2690	1	13	14	2
Cell2691	1	2	2	13
Cell2692	1	14	16	6
Cell2693	1	1	8	6
Cell2694	1	7	3	11
Cell2695	1	6	11	4
Cell2696	1	14	16	8
Cell2697	1	14	16	8
Cell2698	1	1	8	6
Cell2699	1	7	3	11
Cell2700	1	9	13	3
Cell2701	1	3	5	12
Cell2702	1	3	5	12
Cell2703	1	7	3	11
Cell2704	1	12	6	10
Cell2705	1	12	6	10
Cell2706	1	7	3	11
Cell2707	1	3	5	12
Cell2708	1	14	16	8
Cell2709	1	7	3	11
Cell2710	1	12	7	10
Cell2711	1	11	10	5
Cell2712	1	13	14	2
Cell2713	1	10	12	14
Cell2715	1	13	14	2
Cell2716	1	9	13	3
Cell2717	1	1	8	15
Cell2718	1	12	7	10
Cell2719	1	10	12	14
Cell2720	1	12	7	10
Cell2721	1	1	8	15
Cell2722	1	15	9	9
Cell2723	1	2	2	13
Cell2724	1	13	14	2
Cell2725	1	5	14	1
Cell2726	1	4	1	16
Cell2727	1	2	2	13
Cell2728	1	14	16	8
Cell2729	1	5	14	1
Cell2730	1	13	14	2
Cell2731	1	16	11	6
Cell2732	1	6	11	4
Cell2733	1	10	12	14
Cell2734	1	13	14	2
Cell2735	1	16	16	6
Cell2736	1	9	13	3
Cell2737	1	2	2	13
Cell2739	1	13	14	2
Cell2740	1	1	8	15
Cell2741	1	13	14	2
Cell2742	1	3	5	12
Cell2743	1	9	13	3
Cell2744	1	13	14	2
Cell2745	1	10	12	14
Cell2747	1	4	15	16
Cell2748	1	4	1	16
Cell2749	1	15	9	9
Cell2750	1	6	11	4
Cell2751	1	12	7	10
Cell2752	1	1	8	15
Cell2753	1	8	12	7
Cell2754	1	2	2	13
Cell2755	1	12	6	10
Cell2756	1	4	1	16
Cell2757	1	5	14	1
Cell2758	1	7	3	11
Cell2759	1	4	15	16
Cell2760	1	9	13	3
Cell2761	1	13	14	2
Cell2762	1	1	8	5
Cell2763	1	5	14	1
Cell2764	1	3	5	12
Cell2765	1	1	8	15
Cell2766	1	2	2	13
Cell2767	1	7	3	11
Cell2768	1	10	12	14
Cell2769	1	8	12	7
Cell2770	1	15	9	9
Cell2771	1	4	1	16
Cell2772	1	14	16	8
Cell2773	1	14	16	8
Cell2774	1	1	8	15
Cell2775	1	2	2	13
Cell2776	1	4	1	16
Cell2777	1	6	11	4
Cell2778	1	10	12	14
Cell2779	1	13	14	2
Cell2780	1	9	13	3
Cell2781	1	15	9	9
Cell2782	1	9	13	3
Cell2783	1	4	15	16
Cell2784	1	9	13	3
Cell2785	1	1	8	15
Cell2786	1	9	13	3
Cell2787	1	5	14	1
Cell2788	1	7	3	11
Cell2789	1	7	3	11
Cell2790	1	8	12	7
Cell2791	1	2	2	13
Cell2792	1	12	7	10
Cell2793	1	9	13	3
Cell2794	1	6	11	4
Cell2795	1	2	2	6
Cell2796	1	15	9	9
Cell2797	1	7	3	11
Cell2798	1	9	13	3
Cell2799	1	15	9	9
Cell2800	1	8	12	7
Cell2801	1	7	3	11
Cell2802	1	7	3	11
Cell2803	1	16	11	6
Cell2804	1	7	3	11
Cell2805	1	8	12	7
Cell2806	1	15	9	9
Cell2807	1	2	2	13
Cell2808	1	5	14	1
Cell2809	1	16	11	6
Cell2810	1	9	13	3
Cell2811	1	2	2	13
Cell2812	1	1	8	15
Cell2813	1	15	9	9
Cell2814	1	9	13	3
Cell2815	1	12	6	10
Cell2816	1	1	8	15
Cell2817	1	6	11	4
Cell2818	1	3	5	12
Cell2819	1	8	12	7
Cell2820	1	11	10	5
Cell2821	1	12	7	10
Cell2822	1	15	9	9
Cell2823	1	6	11	4
Cell2824	1	3	5	12
Cell2825	1	16	8	6
Cell2826	1	13	14	2
Cell2827	1	5	14	1
Cell2828	1	4	1	16
Cell2829	1	12	4	10
Cell2830	1	12	7	10
Cell2831	1	5	14	1
Cell2832	1	16	11	9
Cell2833	1	3	5	12
Cell2834	1	4	15	16
Cell2835	1	2	2	13
Cell2836	1	4	15	16
Cell2837	1	11	10	5
Cell2838	1	1	8	15
Cell2839	1	4	15	16
Cell2840	1	12	6	10
Cell2841	1	4	1	16
Cell2842	1	1	8	15
Cell2843	1	1	8	15
Cell2844	1	5	14	1
Cell2845	1	15	9	9
Cell2846	1	5	14	1
Cell2847	1	3	5	12
Cell2848	1	16	11	6
Cell2849	1	15	9	9
Cell2850	1	7	3	11
Cell2851	1	4	15	16
Cell2853	1	3	5	12
Cell2854	1	14	16	8
Cell2855	1	2	2	13
Cell2856	1	10	12	14
Cell2857	1	12	7	10
Cell2858	1	5	14	1
Cell2859	1	5	14	1
Cell2860	1	6	11	4
Cell2861	1	2	2	13
Cell2862	1	11	10	5
Cell2863	1	12	4	10
Cell2864	1	2	2	13
Cell2865	1	14	16	8
Cell2866	1	8	12	7
Cell2867	1	12	7	10
Cell2868	1	14	16	8
Cell2869	1	11	10	15
Cell2870	1	3	5	12
Cell2871	1	11	10	5
Cell2872	1	9	13	3
Cell2873	1	12	4	10
Cell2874	1	15	9	9
Cell2875	1	3	5	12
Cell2877	1	2	2	6
Cell2878	1	14	16	8
Cell2879	1	2	2	13
Cell2880	1	6	11	4
Cell2881	1	9	13	3
Cell2882	1	3	5	12
Cell2883	1	3	5	12
Cell2884	1	5	14	1
Cell2885	1	12	4	10
Cell2886	1	14	16	8
Cell2887	1	1	8	15
Cell2888	1	15	9	9
Cell2889	1	15	9	9
Cell2890	1	10	12	14
Cell2891	1	3	5	12
Cell2892	1	1	8	15
Cell2893	1	6	11	4
Cell2894	1	7	3	11
Cell2895	1	15	9	9
Cell2896	1	2	2	13
Cell2897	1	5	14	1
Cell2898	1	7	3	11
Cell2899	1	13	14	2
Cell2900	1	1	8	5
Cell2901	1	1	8	15
Cell2902	1	15	9	9
Cell2903	1	5	14	1
Cell2904	1	2	2	13
Cell2906	1	12	4	10
Cell2907	1	10	12	14
Cell2908	1	15	9	9
Cell2909	1	5	14	1
Cell2910	1	2	2	13
Cell2911	1	12	4	10
Cell2912	1	9	13	3
Cell2913	1	1	8	15
Cell2914	1	15	9	9
Cell2915	1	1	8	15
Cell2916	1	13	14	2
Cell2917	1	16	11	6
Cell2918	1	10	12	14
Cell2919	1	5	14	1
Cell2920	1	11	10	5
Cell2921	1	9	13	3
Cell2922	1	16	11	6
Cell2923	1	5	14	1
Cell2924	1	6	11	4
Cell2925	1	6	11	4
Cell2926	1	14	16	8
Cell2927	1	7	3	11
Cell2928	1	2	2	13
Cell2929	1	3	5	12
Cell2930	1	11	10	5
Cell2931	1	8	12	7
Cell2932	1	1	8	15
Cell2933	1	14	16	8
Cell2934	1	5	14	1
Cell2935	1	6	11	4
Cell2936	1	10	12	14
Cell2937	1	1	8	15
Cell2938	1	11	10	5
Cell2939	1	7	3	11
Cell2940	1	6	11	4
Cell2941	1	3	5	12
Cell2942	1	7	3	11
Cell2943	1	2	2	13
Cell2944	1	1	8	15
Cell2945	1	14	16	8
Cell2946	1	8	12	7
Cell2947	1	5	14	1
Cell2948	1	16	11	6
Cell2949	1	1	8	15
Cell2950	1	12	7	10
Cell2951	1	9	13	3
Cell2952	1	13	14	2
Cell2953	1	12	6	10
Cell2954	1	16	11	6
Cell2955	1	7	3	11
Cell2956	1	3	5	12
Cell2957	1	16	11	6
Cell2958	1	11	10	5
Cell2959	1	15	9	9
Cell2960	1	13	14	2
Cell2961	1	7	3	11
Cell2962	1	3	5	12
Cell2963	1	7	3	11
Cell2965	1	16	11	6
Cell2966	1	2	2	13
Cell2967	1	10	12	14
Cell2968	1	7	3	11
Cell2969	1	2	2	13
Cell2970	1	8	12	7
Cell2971	1	4	1	16
Cell2972	1	11	10	5
Cell2973	1	9	13	3
Cell2974	1	1	8	15
Cell2975	1	7	3	11
Cell2976	1	5	14	1
Cell2977	1	8	12	7
Cell2978	1	9	13	3
Cell2979	1	15	9	9
Cell2980	1	3	5	12
Cell2981	1	4	15	16
Cell2982	1	4	1	16
Cell2983	1	3	5	12
Cell2984	1	11	10	5
Cell2985	1	11	10	5
Cell2986	1	14	16	8
Cell2987	1	14	16	8
Cell2988	1	1	8	15
Cell2989	1	2	2	13
Cell2990	1	1	8	15
Cell2991	1	10	12	14
Cell2992	1	3	5	12
Cell2993	1	11	10	5
Cell2994	1	9	13	3
Cell2995	1	9	13	3
Cell2996	1	6	11	4
Cell2997	1	8	12	7
Cell2998	1	12	6	10
Cell2999	1	8	12	7
Cell3000	1	7	3	11
